IaC file,Iteration,best_fitness,Best_individual
algo/roles/strongswan/tasks/client_configs.yml_(IaC)_,9,0.1211702541709036,"[113, 28, 60, 27, 42, 61, 30, 90, 62, 115, 92, 26, 43, 25, 117, 64, 93, 29, 116, 114]"
