NB_recommended_files,Best_solution,Recommended_files,Co_modified_files,Commits_hash,PRECISION,RECALL,FSCORE,SUCCESS_RATE,MRR
[1],"[[266, 233, 102, 303, 98, 290, 113, 173, 294, 183, 125, 67, 170, 120, 265, 272, 130, 118]]","[['secure_windows/manifests/stig/v73651.pp_(IaC)_', 'secure_windows/manifests/stig/v73807.pp_(IaC)_', 'secure_windows/manifests/stig/v73717.pp_(IaC)_', 'secure_windows/manifests/stig/v73671.pp_(IaC)_', 'secure_windows/manifests/stig/v73723.pp_(IaC)_', 'secure_windows/manifests/stig/v73721.pp_(IaC)_', 'secure_windows/manifests/stig/v73707.pp_(IaC)_', 'secure_windows/manifests/stig/v73709.pp_(IaC)_', 'secure_windows/manifests/stig/v73715.pp_(IaC)_', 'secure_windows/manifests/stig/v73699.pp_(IaC)_', 'secure_windows/manifests/stig/v73727.pp_(IaC)_', 'secure_windows/manifests/stig/v73685.pp_(IaC)_', 'secure_windows/manifests/stig/v73719.pp_(IaC)_', 'secure_windows/manifests/stig/v73713.pp_(IaC)_', 'secure_windows/manifests/stig/v73711.pp_(IaC)_', 'secure_windows/manifests/stig/v73725.pp_(IaC)_', 'secure_windows/manifests/stig/v73515.pp_(IaC)_', 'secure_windows/manifests/stig/v73673.pp_(IaC)_']]","[['secure_windows/data/module.yaml_(Other)_', 'secure_windows/lib/facter/pki_certs.rb_(Other)_', 'secure_windows/lib/facter/tpm_version.rb_(Other)_', 'secure_windows/manifests/init.pp_(IaC)_', 'secure_windows/manifests/stig/v73223.pp_(IaC)_', 'secure_windows/manifests/stig/v73237.pp_(IaC)_', 'secure_windows/manifests/stig/v73263.pp_(IaC)_', 'secure_windows/manifests/stig/v73277.pp_(IaC)_', 'secure_windows/manifests/stig/v73279.pp_(IaC)_', 'secure_windows/manifests/stig/v73289.pp_(IaC)_', 'secure_windows/manifests/stig/v73303.pp_(IaC)_', 'secure_windows/manifests/stig/v73307.pp_(IaC)_', 'secure_windows/manifests/stig/v73381.pp_(IaC)_', 'secure_windows/manifests/stig/v73387.pp_(IaC)_', 'secure_windows/manifests/stig/v73495.pp_(IaC)_', 'secure_windows/manifests/stig/v73509.pp_(IaC)_', 'secure_windows/manifests/stig/v73513.pp_(IaC)_', 'secure_windows/manifests/stig/v73515.pp_(IaC)_', 'secure_windows/manifests/stig/v73517.pp_(IaC)_', 'secure_windows/manifests/stig/v73521.pp_(IaC)_', 'secure_windows/manifests/stig/v73533.pp_(IaC)_', 'secure_windows/manifests/stig/v73541.pp_(IaC)_', 'secure_windows/manifests/stig/v73551.pp_(IaC)_', 'secure_windows/manifests/stig/v73611.pp_(IaC)_', 'secure_windows/manifests/stig/v73623.pp_(IaC)_', 'secure_windows/manifests/stig/v73625.pp_(IaC)_', 'secure_windows/manifests/stig/v73629.pp_(IaC)_', 'secure_windows/manifests/stig/v73631.pp_(IaC)_', 'secure_windows/manifests/stig/v73651.pp_(IaC)_', 'secure_windows/manifests/stig/v73707.pp_(IaC)_', 'secure_windows/manifests/stig/v73709.pp_(IaC)_', 'secure_windows/manifests/stig/v73711.pp_(IaC)_', 'secure_windows/manifests/stig/v73713.pp_(IaC)_', 'secure_windows/manifests/stig/v73715.pp_(IaC)_', 'secure_windows/manifests/stig/v73717.pp_(IaC)_', 'secure_windows/manifests/stig/v73719.pp_(IaC)_', 'secure_windows/manifests/stig/v73721.pp_(IaC)_', 'secure_windows/metadata.json_(Other)_']]",['57c95801736ff52925e8e3a48aadc5dd45e493d6'],[1.0],[0.02631578947368421],[0.05128205128205127],[1],[1.0]
[1],"[[125, 290, 183, 265, 256, 98, 303, 118, 173, 294, 221, 266, 233, 281, 113, 120, 272, 67, 102, 170]]","[['secure_windows/manifests/stig/v73727.pp_(IaC)_', 'secure_windows/manifests/stig/v73721.pp_(IaC)_', 'secure_windows/manifests/stig/v73699.pp_(IaC)_', 'secure_windows/manifests/stig/v73711.pp_(IaC)_', 'secure_windows/manifests/stig/v73687.pp_(IaC)_', 'secure_windows/manifests/stig/v73723.pp_(IaC)_', 'secure_windows/manifests/stig/v73671.pp_(IaC)_', 'secure_windows/manifests/stig/v73673.pp_(IaC)_', 'secure_windows/manifests/stig/v73709.pp_(IaC)_', 'secure_windows/manifests/stig/v73715.pp_(IaC)_', 'secure_windows/manifests/stig/v73693.pp_(IaC)_', 'secure_windows/manifests/stig/v73651.pp_(IaC)_', 'secure_windows/manifests/stig/v73807.pp_(IaC)_', 'secure_windows/manifests/stig/v73517.pp_(IaC)_', 'secure_windows/manifests/stig/v73707.pp_(IaC)_', 'secure_windows/manifests/stig/v73713.pp_(IaC)_', 'secure_windows/manifests/stig/v73725.pp_(IaC)_', 'secure_windows/manifests/stig/v73685.pp_(IaC)_', 'secure_windows/manifests/stig/v73717.pp_(IaC)_', 'secure_windows/manifests/stig/v73719.pp_(IaC)_']]","[['secure_windows/data/module.yaml_(Other)_', 'secure_windows/lib/facter/pki_certs.rb_(Other)_', 'secure_windows/lib/facter/tpm_version.rb_(Other)_', 'secure_windows/manifests/init.pp_(IaC)_', 'secure_windows/manifests/stig/v73223.pp_(IaC)_', 'secure_windows/manifests/stig/v73237.pp_(IaC)_', 'secure_windows/manifests/stig/v73263.pp_(IaC)_', 'secure_windows/manifests/stig/v73277.pp_(IaC)_', 'secure_windows/manifests/stig/v73279.pp_(IaC)_', 'secure_windows/manifests/stig/v73289.pp_(IaC)_', 'secure_windows/manifests/stig/v73303.pp_(IaC)_', 'secure_windows/manifests/stig/v73307.pp_(IaC)_', 'secure_windows/manifests/stig/v73381.pp_(IaC)_', 'secure_windows/manifests/stig/v73387.pp_(IaC)_', 'secure_windows/manifests/stig/v73495.pp_(IaC)_', 'secure_windows/manifests/stig/v73509.pp_(IaC)_', 'secure_windows/manifests/stig/v73513.pp_(IaC)_', 'secure_windows/manifests/stig/v73515.pp_(IaC)_', 'secure_windows/manifests/stig/v73517.pp_(IaC)_', 'secure_windows/manifests/stig/v73521.pp_(IaC)_', 'secure_windows/manifests/stig/v73533.pp_(IaC)_', 'secure_windows/manifests/stig/v73541.pp_(IaC)_', 'secure_windows/manifests/stig/v73551.pp_(IaC)_', 'secure_windows/manifests/stig/v73611.pp_(IaC)_', 'secure_windows/manifests/stig/v73623.pp_(IaC)_', 'secure_windows/manifests/stig/v73625.pp_(IaC)_', 'secure_windows/manifests/stig/v73629.pp_(IaC)_', 'secure_windows/manifests/stig/v73631.pp_(IaC)_', 'secure_windows/manifests/stig/v73651.pp_(IaC)_', 'secure_windows/manifests/stig/v73707.pp_(IaC)_', 'secure_windows/manifests/stig/v73709.pp_(IaC)_', 'secure_windows/manifests/stig/v73711.pp_(IaC)_', 'secure_windows/manifests/stig/v73713.pp_(IaC)_', 'secure_windows/manifests/stig/v73715.pp_(IaC)_', 'secure_windows/manifests/stig/v73717.pp_(IaC)_', 'secure_windows/manifests/stig/v73719.pp_(IaC)_', 'secure_windows/manifests/stig/v73721.pp_(IaC)_', 'secure_windows/metadata.json_(Other)_']]",['57c95801736ff52925e8e3a48aadc5dd45e493d6'],[0.0],[0.0],[0],[0],[0]
[1],"[[130, 173, 272, 102, 118, 120, 98, 67, 113, 233, 266, 183, 170, 125]]","[['secure_windows/manifests/stig/v73515.pp_(IaC)_', 'secure_windows/manifests/stig/v73709.pp_(IaC)_', 'secure_windows/manifests/stig/v73725.pp_(IaC)_', 'secure_windows/manifests/stig/v73717.pp_(IaC)_', 'secure_windows/manifests/stig/v73673.pp_(IaC)_', 'secure_windows/manifests/stig/v73713.pp_(IaC)_', 'secure_windows/manifests/stig/v73723.pp_(IaC)_', 'secure_windows/manifests/stig/v73685.pp_(IaC)_', 'secure_windows/manifests/stig/v73707.pp_(IaC)_', 'secure_windows/manifests/stig/v73807.pp_(IaC)_', 'secure_windows/manifests/stig/v73651.pp_(IaC)_', 'secure_windows/manifests/stig/v73699.pp_(IaC)_', 'secure_windows/manifests/stig/v73719.pp_(IaC)_', 'secure_windows/manifests/stig/v73727.pp_(IaC)_']]","[['secure_windows/data/module.yaml_(Other)_', 'secure_windows/lib/facter/pki_certs.rb_(Other)_', 'secure_windows/lib/facter/tpm_version.rb_(Other)_', 'secure_windows/manifests/init.pp_(IaC)_', 'secure_windows/manifests/stig/v73223.pp_(IaC)_', 'secure_windows/manifests/stig/v73237.pp_(IaC)_', 'secure_windows/manifests/stig/v73263.pp_(IaC)_', 'secure_windows/manifests/stig/v73277.pp_(IaC)_', 'secure_windows/manifests/stig/v73279.pp_(IaC)_', 'secure_windows/manifests/stig/v73289.pp_(IaC)_', 'secure_windows/manifests/stig/v73303.pp_(IaC)_', 'secure_windows/manifests/stig/v73307.pp_(IaC)_', 'secure_windows/manifests/stig/v73381.pp_(IaC)_', 'secure_windows/manifests/stig/v73387.pp_(IaC)_', 'secure_windows/manifests/stig/v73495.pp_(IaC)_', 'secure_windows/manifests/stig/v73509.pp_(IaC)_', 'secure_windows/manifests/stig/v73513.pp_(IaC)_', 'secure_windows/manifests/stig/v73515.pp_(IaC)_', 'secure_windows/manifests/stig/v73517.pp_(IaC)_', 'secure_windows/manifests/stig/v73521.pp_(IaC)_', 'secure_windows/manifests/stig/v73533.pp_(IaC)_', 'secure_windows/manifests/stig/v73541.pp_(IaC)_', 'secure_windows/manifests/stig/v73551.pp_(IaC)_', 'secure_windows/manifests/stig/v73611.pp_(IaC)_', 'secure_windows/manifests/stig/v73623.pp_(IaC)_', 'secure_windows/manifests/stig/v73625.pp_(IaC)_', 'secure_windows/manifests/stig/v73629.pp_(IaC)_', 'secure_windows/manifests/stig/v73631.pp_(IaC)_', 'secure_windows/manifests/stig/v73651.pp_(IaC)_', 'secure_windows/manifests/stig/v73707.pp_(IaC)_', 'secure_windows/manifests/stig/v73709.pp_(IaC)_', 'secure_windows/manifests/stig/v73711.pp_(IaC)_', 'secure_windows/manifests/stig/v73713.pp_(IaC)_', 'secure_windows/manifests/stig/v73715.pp_(IaC)_', 'secure_windows/manifests/stig/v73717.pp_(IaC)_', 'secure_windows/manifests/stig/v73719.pp_(IaC)_', 'secure_windows/manifests/stig/v73721.pp_(IaC)_', 'secure_windows/metadata.json_(Other)_']]",['57c95801736ff52925e8e3a48aadc5dd45e493d6'],[1.0],[0.02631578947368421],[0.05128205128205127],[1],[1.0]
[1],"[[67, 290, 272, 125, 98, 233, 266, 303, 265, 183, 294, 113, 102]]","[['secure_windows/manifests/stig/v73685.pp_(IaC)_', 'secure_windows/manifests/stig/v73721.pp_(IaC)_', 'secure_windows/manifests/stig/v73725.pp_(IaC)_', 'secure_windows/manifests/stig/v73727.pp_(IaC)_', 'secure_windows/manifests/stig/v73723.pp_(IaC)_', 'secure_windows/manifests/stig/v73807.pp_(IaC)_', 'secure_windows/manifests/stig/v73651.pp_(IaC)_', 'secure_windows/manifests/stig/v73671.pp_(IaC)_', 'secure_windows/manifests/stig/v73711.pp_(IaC)_', 'secure_windows/manifests/stig/v73699.pp_(IaC)_', 'secure_windows/manifests/stig/v73715.pp_(IaC)_', 'secure_windows/manifests/stig/v73707.pp_(IaC)_', 'secure_windows/manifests/stig/v73717.pp_(IaC)_']]","[['secure_windows/data/module.yaml_(Other)_', 'secure_windows/lib/facter/pki_certs.rb_(Other)_', 'secure_windows/lib/facter/tpm_version.rb_(Other)_', 'secure_windows/manifests/init.pp_(IaC)_', 'secure_windows/manifests/stig/v73223.pp_(IaC)_', 'secure_windows/manifests/stig/v73237.pp_(IaC)_', 'secure_windows/manifests/stig/v73263.pp_(IaC)_', 'secure_windows/manifests/stig/v73277.pp_(IaC)_', 'secure_windows/manifests/stig/v73279.pp_(IaC)_', 'secure_windows/manifests/stig/v73289.pp_(IaC)_', 'secure_windows/manifests/stig/v73303.pp_(IaC)_', 'secure_windows/manifests/stig/v73307.pp_(IaC)_', 'secure_windows/manifests/stig/v73381.pp_(IaC)_', 'secure_windows/manifests/stig/v73387.pp_(IaC)_', 'secure_windows/manifests/stig/v73495.pp_(IaC)_', 'secure_windows/manifests/stig/v73509.pp_(IaC)_', 'secure_windows/manifests/stig/v73513.pp_(IaC)_', 'secure_windows/manifests/stig/v73515.pp_(IaC)_', 'secure_windows/manifests/stig/v73517.pp_(IaC)_', 'secure_windows/manifests/stig/v73521.pp_(IaC)_', 'secure_windows/manifests/stig/v73533.pp_(IaC)_', 'secure_windows/manifests/stig/v73541.pp_(IaC)_', 'secure_windows/manifests/stig/v73551.pp_(IaC)_', 'secure_windows/manifests/stig/v73611.pp_(IaC)_', 'secure_windows/manifests/stig/v73623.pp_(IaC)_', 'secure_windows/manifests/stig/v73625.pp_(IaC)_', 'secure_windows/manifests/stig/v73629.pp_(IaC)_', 'secure_windows/manifests/stig/v73631.pp_(IaC)_', 'secure_windows/manifests/stig/v73651.pp_(IaC)_', 'secure_windows/manifests/stig/v73707.pp_(IaC)_', 'secure_windows/manifests/stig/v73709.pp_(IaC)_', 'secure_windows/manifests/stig/v73711.pp_(IaC)_', 'secure_windows/manifests/stig/v73713.pp_(IaC)_', 'secure_windows/manifests/stig/v73715.pp_(IaC)_', 'secure_windows/manifests/stig/v73717.pp_(IaC)_', 'secure_windows/manifests/stig/v73719.pp_(IaC)_', 'secure_windows/manifests/stig/v73721.pp_(IaC)_', 'secure_windows/metadata.json_(Other)_']]",['57c95801736ff52925e8e3a48aadc5dd45e493d6'],[0.0],[0.0],[0],[0],[0]
[1],"[[183, 120, 67, 303, 173, 266, 272, 98, 290, 233, 281, 113, 265, 130, 125, 170, 118, 294, 256, 102]]","[['secure_windows/manifests/stig/v73699.pp_(IaC)_', 'secure_windows/manifests/stig/v73713.pp_(IaC)_', 'secure_windows/manifests/stig/v73685.pp_(IaC)_', 'secure_windows/manifests/stig/v73671.pp_(IaC)_', 'secure_windows/manifests/stig/v73709.pp_(IaC)_', 'secure_windows/manifests/stig/v73651.pp_(IaC)_', 'secure_windows/manifests/stig/v73725.pp_(IaC)_', 'secure_windows/manifests/stig/v73723.pp_(IaC)_', 'secure_windows/manifests/stig/v73721.pp_(IaC)_', 'secure_windows/manifests/stig/v73807.pp_(IaC)_', 'secure_windows/manifests/stig/v73517.pp_(IaC)_', 'secure_windows/manifests/stig/v73707.pp_(IaC)_', 'secure_windows/manifests/stig/v73711.pp_(IaC)_', 'secure_windows/manifests/stig/v73515.pp_(IaC)_', 'secure_windows/manifests/stig/v73727.pp_(IaC)_', 'secure_windows/manifests/stig/v73719.pp_(IaC)_', 'secure_windows/manifests/stig/v73673.pp_(IaC)_', 'secure_windows/manifests/stig/v73715.pp_(IaC)_', 'secure_windows/manifests/stig/v73687.pp_(IaC)_', 'secure_windows/manifests/stig/v73717.pp_(IaC)_']]","[['secure_windows/data/module.yaml_(Other)_', 'secure_windows/lib/facter/pki_certs.rb_(Other)_', 'secure_windows/lib/facter/tpm_version.rb_(Other)_', 'secure_windows/manifests/init.pp_(IaC)_', 'secure_windows/manifests/stig/v73223.pp_(IaC)_', 'secure_windows/manifests/stig/v73237.pp_(IaC)_', 'secure_windows/manifests/stig/v73263.pp_(IaC)_', 'secure_windows/manifests/stig/v73277.pp_(IaC)_', 'secure_windows/manifests/stig/v73279.pp_(IaC)_', 'secure_windows/manifests/stig/v73289.pp_(IaC)_', 'secure_windows/manifests/stig/v73303.pp_(IaC)_', 'secure_windows/manifests/stig/v73307.pp_(IaC)_', 'secure_windows/manifests/stig/v73381.pp_(IaC)_', 'secure_windows/manifests/stig/v73387.pp_(IaC)_', 'secure_windows/manifests/stig/v73495.pp_(IaC)_', 'secure_windows/manifests/stig/v73509.pp_(IaC)_', 'secure_windows/manifests/stig/v73513.pp_(IaC)_', 'secure_windows/manifests/stig/v73515.pp_(IaC)_', 'secure_windows/manifests/stig/v73517.pp_(IaC)_', 'secure_windows/manifests/stig/v73521.pp_(IaC)_', 'secure_windows/manifests/stig/v73533.pp_(IaC)_', 'secure_windows/manifests/stig/v73541.pp_(IaC)_', 'secure_windows/manifests/stig/v73551.pp_(IaC)_', 'secure_windows/manifests/stig/v73611.pp_(IaC)_', 'secure_windows/manifests/stig/v73623.pp_(IaC)_', 'secure_windows/manifests/stig/v73625.pp_(IaC)_', 'secure_windows/manifests/stig/v73629.pp_(IaC)_', 'secure_windows/manifests/stig/v73631.pp_(IaC)_', 'secure_windows/manifests/stig/v73651.pp_(IaC)_', 'secure_windows/manifests/stig/v73707.pp_(IaC)_', 'secure_windows/manifests/stig/v73709.pp_(IaC)_', 'secure_windows/manifests/stig/v73711.pp_(IaC)_', 'secure_windows/manifests/stig/v73713.pp_(IaC)_', 'secure_windows/manifests/stig/v73715.pp_(IaC)_', 'secure_windows/manifests/stig/v73717.pp_(IaC)_', 'secure_windows/manifests/stig/v73719.pp_(IaC)_', 'secure_windows/manifests/stig/v73721.pp_(IaC)_', 'secure_windows/metadata.json_(Other)_']]",['57c95801736ff52925e8e3a48aadc5dd45e493d6'],[0.0],[0.0],[0],[0],[0]
[1],"[[98, 303, 118, 102, 294, 183, 113, 120, 233, 272, 266, 290, 67, 125]]","[['secure_windows/manifests/stig/v73723.pp_(IaC)_', 'secure_windows/manifests/stig/v73671.pp_(IaC)_', 'secure_windows/manifests/stig/v73673.pp_(IaC)_', 'secure_windows/manifests/stig/v73717.pp_(IaC)_', 'secure_windows/manifests/stig/v73715.pp_(IaC)_', 'secure_windows/manifests/stig/v73699.pp_(IaC)_', 'secure_windows/manifests/stig/v73707.pp_(IaC)_', 'secure_windows/manifests/stig/v73713.pp_(IaC)_', 'secure_windows/manifests/stig/v73807.pp_(IaC)_', 'secure_windows/manifests/stig/v73725.pp_(IaC)_', 'secure_windows/manifests/stig/v73651.pp_(IaC)_', 'secure_windows/manifests/stig/v73721.pp_(IaC)_', 'secure_windows/manifests/stig/v73685.pp_(IaC)_', 'secure_windows/manifests/stig/v73727.pp_(IaC)_']]","[['secure_windows/data/module.yaml_(Other)_', 'secure_windows/lib/facter/pki_certs.rb_(Other)_', 'secure_windows/lib/facter/tpm_version.rb_(Other)_', 'secure_windows/manifests/init.pp_(IaC)_', 'secure_windows/manifests/stig/v73223.pp_(IaC)_', 'secure_windows/manifests/stig/v73237.pp_(IaC)_', 'secure_windows/manifests/stig/v73263.pp_(IaC)_', 'secure_windows/manifests/stig/v73277.pp_(IaC)_', 'secure_windows/manifests/stig/v73279.pp_(IaC)_', 'secure_windows/manifests/stig/v73289.pp_(IaC)_', 'secure_windows/manifests/stig/v73303.pp_(IaC)_', 'secure_windows/manifests/stig/v73307.pp_(IaC)_', 'secure_windows/manifests/stig/v73381.pp_(IaC)_', 'secure_windows/manifests/stig/v73387.pp_(IaC)_', 'secure_windows/manifests/stig/v73495.pp_(IaC)_', 'secure_windows/manifests/stig/v73509.pp_(IaC)_', 'secure_windows/manifests/stig/v73513.pp_(IaC)_', 'secure_windows/manifests/stig/v73515.pp_(IaC)_', 'secure_windows/manifests/stig/v73517.pp_(IaC)_', 'secure_windows/manifests/stig/v73521.pp_(IaC)_', 'secure_windows/manifests/stig/v73533.pp_(IaC)_', 'secure_windows/manifests/stig/v73541.pp_(IaC)_', 'secure_windows/manifests/stig/v73551.pp_(IaC)_', 'secure_windows/manifests/stig/v73611.pp_(IaC)_', 'secure_windows/manifests/stig/v73623.pp_(IaC)_', 'secure_windows/manifests/stig/v73625.pp_(IaC)_', 'secure_windows/manifests/stig/v73629.pp_(IaC)_', 'secure_windows/manifests/stig/v73631.pp_(IaC)_', 'secure_windows/manifests/stig/v73651.pp_(IaC)_', 'secure_windows/manifests/stig/v73707.pp_(IaC)_', 'secure_windows/manifests/stig/v73709.pp_(IaC)_', 'secure_windows/manifests/stig/v73711.pp_(IaC)_', 'secure_windows/manifests/stig/v73713.pp_(IaC)_', 'secure_windows/manifests/stig/v73715.pp_(IaC)_', 'secure_windows/manifests/stig/v73717.pp_(IaC)_', 'secure_windows/manifests/stig/v73719.pp_(IaC)_', 'secure_windows/manifests/stig/v73721.pp_(IaC)_', 'secure_windows/metadata.json_(Other)_']]",['57c95801736ff52925e8e3a48aadc5dd45e493d6'],[0.0],[0.0],[0],[0],[0]
[1],"[[183, 67, 294, 125, 120, 266, 102, 272, 290, 303, 113, 98, 233]]","[['secure_windows/manifests/stig/v73699.pp_(IaC)_', 'secure_windows/manifests/stig/v73685.pp_(IaC)_', 'secure_windows/manifests/stig/v73715.pp_(IaC)_', 'secure_windows/manifests/stig/v73727.pp_(IaC)_', 'secure_windows/manifests/stig/v73713.pp_(IaC)_', 'secure_windows/manifests/stig/v73651.pp_(IaC)_', 'secure_windows/manifests/stig/v73717.pp_(IaC)_', 'secure_windows/manifests/stig/v73725.pp_(IaC)_', 'secure_windows/manifests/stig/v73721.pp_(IaC)_', 'secure_windows/manifests/stig/v73671.pp_(IaC)_', 'secure_windows/manifests/stig/v73707.pp_(IaC)_', 'secure_windows/manifests/stig/v73723.pp_(IaC)_', 'secure_windows/manifests/stig/v73807.pp_(IaC)_']]","[['secure_windows/data/module.yaml_(Other)_', 'secure_windows/lib/facter/pki_certs.rb_(Other)_', 'secure_windows/lib/facter/tpm_version.rb_(Other)_', 'secure_windows/manifests/init.pp_(IaC)_', 'secure_windows/manifests/stig/v73223.pp_(IaC)_', 'secure_windows/manifests/stig/v73237.pp_(IaC)_', 'secure_windows/manifests/stig/v73263.pp_(IaC)_', 'secure_windows/manifests/stig/v73277.pp_(IaC)_', 'secure_windows/manifests/stig/v73279.pp_(IaC)_', 'secure_windows/manifests/stig/v73289.pp_(IaC)_', 'secure_windows/manifests/stig/v73303.pp_(IaC)_', 'secure_windows/manifests/stig/v73307.pp_(IaC)_', 'secure_windows/manifests/stig/v73381.pp_(IaC)_', 'secure_windows/manifests/stig/v73387.pp_(IaC)_', 'secure_windows/manifests/stig/v73495.pp_(IaC)_', 'secure_windows/manifests/stig/v73509.pp_(IaC)_', 'secure_windows/manifests/stig/v73513.pp_(IaC)_', 'secure_windows/manifests/stig/v73515.pp_(IaC)_', 'secure_windows/manifests/stig/v73517.pp_(IaC)_', 'secure_windows/manifests/stig/v73521.pp_(IaC)_', 'secure_windows/manifests/stig/v73533.pp_(IaC)_', 'secure_windows/manifests/stig/v73541.pp_(IaC)_', 'secure_windows/manifests/stig/v73551.pp_(IaC)_', 'secure_windows/manifests/stig/v73611.pp_(IaC)_', 'secure_windows/manifests/stig/v73623.pp_(IaC)_', 'secure_windows/manifests/stig/v73625.pp_(IaC)_', 'secure_windows/manifests/stig/v73629.pp_(IaC)_', 'secure_windows/manifests/stig/v73631.pp_(IaC)_', 'secure_windows/manifests/stig/v73651.pp_(IaC)_', 'secure_windows/manifests/stig/v73707.pp_(IaC)_', 'secure_windows/manifests/stig/v73709.pp_(IaC)_', 'secure_windows/manifests/stig/v73711.pp_(IaC)_', 'secure_windows/manifests/stig/v73713.pp_(IaC)_', 'secure_windows/manifests/stig/v73715.pp_(IaC)_', 'secure_windows/manifests/stig/v73717.pp_(IaC)_', 'secure_windows/manifests/stig/v73719.pp_(IaC)_', 'secure_windows/manifests/stig/v73721.pp_(IaC)_', 'secure_windows/metadata.json_(Other)_']]",['57c95801736ff52925e8e3a48aadc5dd45e493d6'],[0.0],[0.0],[0],[0],[0]
[1],"[[98, 125, 120, 102, 118, 173, 303, 266, 290, 113, 272, 233, 170, 294, 67, 183]]","[['secure_windows/manifests/stig/v73723.pp_(IaC)_', 'secure_windows/manifests/stig/v73727.pp_(IaC)_', 'secure_windows/manifests/stig/v73713.pp_(IaC)_', 'secure_windows/manifests/stig/v73717.pp_(IaC)_', 'secure_windows/manifests/stig/v73673.pp_(IaC)_', 'secure_windows/manifests/stig/v73709.pp_(IaC)_', 'secure_windows/manifests/stig/v73671.pp_(IaC)_', 'secure_windows/manifests/stig/v73651.pp_(IaC)_', 'secure_windows/manifests/stig/v73721.pp_(IaC)_', 'secure_windows/manifests/stig/v73707.pp_(IaC)_', 'secure_windows/manifests/stig/v73725.pp_(IaC)_', 'secure_windows/manifests/stig/v73807.pp_(IaC)_', 'secure_windows/manifests/stig/v73719.pp_(IaC)_', 'secure_windows/manifests/stig/v73715.pp_(IaC)_', 'secure_windows/manifests/stig/v73685.pp_(IaC)_', 'secure_windows/manifests/stig/v73699.pp_(IaC)_']]","[['secure_windows/data/module.yaml_(Other)_', 'secure_windows/lib/facter/pki_certs.rb_(Other)_', 'secure_windows/lib/facter/tpm_version.rb_(Other)_', 'secure_windows/manifests/init.pp_(IaC)_', 'secure_windows/manifests/stig/v73223.pp_(IaC)_', 'secure_windows/manifests/stig/v73237.pp_(IaC)_', 'secure_windows/manifests/stig/v73263.pp_(IaC)_', 'secure_windows/manifests/stig/v73277.pp_(IaC)_', 'secure_windows/manifests/stig/v73279.pp_(IaC)_', 'secure_windows/manifests/stig/v73289.pp_(IaC)_', 'secure_windows/manifests/stig/v73303.pp_(IaC)_', 'secure_windows/manifests/stig/v73307.pp_(IaC)_', 'secure_windows/manifests/stig/v73381.pp_(IaC)_', 'secure_windows/manifests/stig/v73387.pp_(IaC)_', 'secure_windows/manifests/stig/v73495.pp_(IaC)_', 'secure_windows/manifests/stig/v73509.pp_(IaC)_', 'secure_windows/manifests/stig/v73513.pp_(IaC)_', 'secure_windows/manifests/stig/v73515.pp_(IaC)_', 'secure_windows/manifests/stig/v73517.pp_(IaC)_', 'secure_windows/manifests/stig/v73521.pp_(IaC)_', 'secure_windows/manifests/stig/v73533.pp_(IaC)_', 'secure_windows/manifests/stig/v73541.pp_(IaC)_', 'secure_windows/manifests/stig/v73551.pp_(IaC)_', 'secure_windows/manifests/stig/v73611.pp_(IaC)_', 'secure_windows/manifests/stig/v73623.pp_(IaC)_', 'secure_windows/manifests/stig/v73625.pp_(IaC)_', 'secure_windows/manifests/stig/v73629.pp_(IaC)_', 'secure_windows/manifests/stig/v73631.pp_(IaC)_', 'secure_windows/manifests/stig/v73651.pp_(IaC)_', 'secure_windows/manifests/stig/v73707.pp_(IaC)_', 'secure_windows/manifests/stig/v73709.pp_(IaC)_', 'secure_windows/manifests/stig/v73711.pp_(IaC)_', 'secure_windows/manifests/stig/v73713.pp_(IaC)_', 'secure_windows/manifests/stig/v73715.pp_(IaC)_', 'secure_windows/manifests/stig/v73717.pp_(IaC)_', 'secure_windows/manifests/stig/v73719.pp_(IaC)_', 'secure_windows/manifests/stig/v73721.pp_(IaC)_', 'secure_windows/metadata.json_(Other)_']]",['57c95801736ff52925e8e3a48aadc5dd45e493d6'],[0.0],[0.0],[0],[0],[0]
[1],"[[183, 272, 125, 102, 266, 233, 113, 67, 294, 98]]","[['secure_windows/manifests/stig/v73699.pp_(IaC)_', 'secure_windows/manifests/stig/v73725.pp_(IaC)_', 'secure_windows/manifests/stig/v73727.pp_(IaC)_', 'secure_windows/manifests/stig/v73717.pp_(IaC)_', 'secure_windows/manifests/stig/v73651.pp_(IaC)_', 'secure_windows/manifests/stig/v73807.pp_(IaC)_', 'secure_windows/manifests/stig/v73707.pp_(IaC)_', 'secure_windows/manifests/stig/v73685.pp_(IaC)_', 'secure_windows/manifests/stig/v73715.pp_(IaC)_', 'secure_windows/manifests/stig/v73723.pp_(IaC)_']]","[['secure_windows/data/module.yaml_(Other)_', 'secure_windows/lib/facter/pki_certs.rb_(Other)_', 'secure_windows/lib/facter/tpm_version.rb_(Other)_', 'secure_windows/manifests/init.pp_(IaC)_', 'secure_windows/manifests/stig/v73223.pp_(IaC)_', 'secure_windows/manifests/stig/v73237.pp_(IaC)_', 'secure_windows/manifests/stig/v73263.pp_(IaC)_', 'secure_windows/manifests/stig/v73277.pp_(IaC)_', 'secure_windows/manifests/stig/v73279.pp_(IaC)_', 'secure_windows/manifests/stig/v73289.pp_(IaC)_', 'secure_windows/manifests/stig/v73303.pp_(IaC)_', 'secure_windows/manifests/stig/v73307.pp_(IaC)_', 'secure_windows/manifests/stig/v73381.pp_(IaC)_', 'secure_windows/manifests/stig/v73387.pp_(IaC)_', 'secure_windows/manifests/stig/v73495.pp_(IaC)_', 'secure_windows/manifests/stig/v73509.pp_(IaC)_', 'secure_windows/manifests/stig/v73513.pp_(IaC)_', 'secure_windows/manifests/stig/v73515.pp_(IaC)_', 'secure_windows/manifests/stig/v73517.pp_(IaC)_', 'secure_windows/manifests/stig/v73521.pp_(IaC)_', 'secure_windows/manifests/stig/v73533.pp_(IaC)_', 'secure_windows/manifests/stig/v73541.pp_(IaC)_', 'secure_windows/manifests/stig/v73551.pp_(IaC)_', 'secure_windows/manifests/stig/v73611.pp_(IaC)_', 'secure_windows/manifests/stig/v73623.pp_(IaC)_', 'secure_windows/manifests/stig/v73625.pp_(IaC)_', 'secure_windows/manifests/stig/v73629.pp_(IaC)_', 'secure_windows/manifests/stig/v73631.pp_(IaC)_', 'secure_windows/manifests/stig/v73651.pp_(IaC)_', 'secure_windows/manifests/stig/v73707.pp_(IaC)_', 'secure_windows/manifests/stig/v73709.pp_(IaC)_', 'secure_windows/manifests/stig/v73711.pp_(IaC)_', 'secure_windows/manifests/stig/v73713.pp_(IaC)_', 'secure_windows/manifests/stig/v73715.pp_(IaC)_', 'secure_windows/manifests/stig/v73717.pp_(IaC)_', 'secure_windows/manifests/stig/v73719.pp_(IaC)_', 'secure_windows/manifests/stig/v73721.pp_(IaC)_', 'secure_windows/metadata.json_(Other)_']]",['57c95801736ff52925e8e3a48aadc5dd45e493d6'],[0.0],[0.0],[0],[0],[0]
[1],"[[183, 233, 266, 98, 113, 130, 272, 67, 120, 173, 118, 102, 125, 170]]","[['secure_windows/manifests/stig/v73699.pp_(IaC)_', 'secure_windows/manifests/stig/v73807.pp_(IaC)_', 'secure_windows/manifests/stig/v73651.pp_(IaC)_', 'secure_windows/manifests/stig/v73723.pp_(IaC)_', 'secure_windows/manifests/stig/v73707.pp_(IaC)_', 'secure_windows/manifests/stig/v73515.pp_(IaC)_', 'secure_windows/manifests/stig/v73725.pp_(IaC)_', 'secure_windows/manifests/stig/v73685.pp_(IaC)_', 'secure_windows/manifests/stig/v73713.pp_(IaC)_', 'secure_windows/manifests/stig/v73709.pp_(IaC)_', 'secure_windows/manifests/stig/v73673.pp_(IaC)_', 'secure_windows/manifests/stig/v73717.pp_(IaC)_', 'secure_windows/manifests/stig/v73727.pp_(IaC)_', 'secure_windows/manifests/stig/v73719.pp_(IaC)_']]","[['secure_windows/data/module.yaml_(Other)_', 'secure_windows/lib/facter/pki_certs.rb_(Other)_', 'secure_windows/lib/facter/tpm_version.rb_(Other)_', 'secure_windows/manifests/init.pp_(IaC)_', 'secure_windows/manifests/stig/v73223.pp_(IaC)_', 'secure_windows/manifests/stig/v73237.pp_(IaC)_', 'secure_windows/manifests/stig/v73263.pp_(IaC)_', 'secure_windows/manifests/stig/v73277.pp_(IaC)_', 'secure_windows/manifests/stig/v73279.pp_(IaC)_', 'secure_windows/manifests/stig/v73289.pp_(IaC)_', 'secure_windows/manifests/stig/v73303.pp_(IaC)_', 'secure_windows/manifests/stig/v73307.pp_(IaC)_', 'secure_windows/manifests/stig/v73381.pp_(IaC)_', 'secure_windows/manifests/stig/v73387.pp_(IaC)_', 'secure_windows/manifests/stig/v73495.pp_(IaC)_', 'secure_windows/manifests/stig/v73509.pp_(IaC)_', 'secure_windows/manifests/stig/v73513.pp_(IaC)_', 'secure_windows/manifests/stig/v73515.pp_(IaC)_', 'secure_windows/manifests/stig/v73517.pp_(IaC)_', 'secure_windows/manifests/stig/v73521.pp_(IaC)_', 'secure_windows/manifests/stig/v73533.pp_(IaC)_', 'secure_windows/manifests/stig/v73541.pp_(IaC)_', 'secure_windows/manifests/stig/v73551.pp_(IaC)_', 'secure_windows/manifests/stig/v73611.pp_(IaC)_', 'secure_windows/manifests/stig/v73623.pp_(IaC)_', 'secure_windows/manifests/stig/v73625.pp_(IaC)_', 'secure_windows/manifests/stig/v73629.pp_(IaC)_', 'secure_windows/manifests/stig/v73631.pp_(IaC)_', 'secure_windows/manifests/stig/v73651.pp_(IaC)_', 'secure_windows/manifests/stig/v73707.pp_(IaC)_', 'secure_windows/manifests/stig/v73709.pp_(IaC)_', 'secure_windows/manifests/stig/v73711.pp_(IaC)_', 'secure_windows/manifests/stig/v73713.pp_(IaC)_', 'secure_windows/manifests/stig/v73715.pp_(IaC)_', 'secure_windows/manifests/stig/v73717.pp_(IaC)_', 'secure_windows/manifests/stig/v73719.pp_(IaC)_', 'secure_windows/manifests/stig/v73721.pp_(IaC)_', 'secure_windows/metadata.json_(Other)_']]",['57c95801736ff52925e8e3a48aadc5dd45e493d6'],[0.0],[0.0],[0],[0],[0]
[1],"[[98, 294, 120, 183, 266, 265, 272, 290, 170, 256, 67, 233, 113, 102, 173, 303, 118, 281, 125]]","[['secure_windows/manifests/stig/v73723.pp_(IaC)_', 'secure_windows/manifests/stig/v73715.pp_(IaC)_', 'secure_windows/manifests/stig/v73713.pp_(IaC)_', 'secure_windows/manifests/stig/v73699.pp_(IaC)_', 'secure_windows/manifests/stig/v73651.pp_(IaC)_', 'secure_windows/manifests/stig/v73711.pp_(IaC)_', 'secure_windows/manifests/stig/v73725.pp_(IaC)_', 'secure_windows/manifests/stig/v73721.pp_(IaC)_', 'secure_windows/manifests/stig/v73719.pp_(IaC)_', 'secure_windows/manifests/stig/v73687.pp_(IaC)_', 'secure_windows/manifests/stig/v73685.pp_(IaC)_', 'secure_windows/manifests/stig/v73807.pp_(IaC)_', 'secure_windows/manifests/stig/v73707.pp_(IaC)_', 'secure_windows/manifests/stig/v73717.pp_(IaC)_', 'secure_windows/manifests/stig/v73709.pp_(IaC)_', 'secure_windows/manifests/stig/v73671.pp_(IaC)_', 'secure_windows/manifests/stig/v73673.pp_(IaC)_', 'secure_windows/manifests/stig/v73517.pp_(IaC)_', 'secure_windows/manifests/stig/v73727.pp_(IaC)_']]","[['secure_windows/data/module.yaml_(Other)_', 'secure_windows/lib/facter/pki_certs.rb_(Other)_', 'secure_windows/lib/facter/tpm_version.rb_(Other)_', 'secure_windows/manifests/init.pp_(IaC)_', 'secure_windows/manifests/stig/v73223.pp_(IaC)_', 'secure_windows/manifests/stig/v73237.pp_(IaC)_', 'secure_windows/manifests/stig/v73263.pp_(IaC)_', 'secure_windows/manifests/stig/v73277.pp_(IaC)_', 'secure_windows/manifests/stig/v73279.pp_(IaC)_', 'secure_windows/manifests/stig/v73289.pp_(IaC)_', 'secure_windows/manifests/stig/v73303.pp_(IaC)_', 'secure_windows/manifests/stig/v73307.pp_(IaC)_', 'secure_windows/manifests/stig/v73381.pp_(IaC)_', 'secure_windows/manifests/stig/v73387.pp_(IaC)_', 'secure_windows/manifests/stig/v73495.pp_(IaC)_', 'secure_windows/manifests/stig/v73509.pp_(IaC)_', 'secure_windows/manifests/stig/v73513.pp_(IaC)_', 'secure_windows/manifests/stig/v73515.pp_(IaC)_', 'secure_windows/manifests/stig/v73517.pp_(IaC)_', 'secure_windows/manifests/stig/v73521.pp_(IaC)_', 'secure_windows/manifests/stig/v73533.pp_(IaC)_', 'secure_windows/manifests/stig/v73541.pp_(IaC)_', 'secure_windows/manifests/stig/v73551.pp_(IaC)_', 'secure_windows/manifests/stig/v73611.pp_(IaC)_', 'secure_windows/manifests/stig/v73623.pp_(IaC)_', 'secure_windows/manifests/stig/v73625.pp_(IaC)_', 'secure_windows/manifests/stig/v73629.pp_(IaC)_', 'secure_windows/manifests/stig/v73631.pp_(IaC)_', 'secure_windows/manifests/stig/v73651.pp_(IaC)_', 'secure_windows/manifests/stig/v73707.pp_(IaC)_', 'secure_windows/manifests/stig/v73709.pp_(IaC)_', 'secure_windows/manifests/stig/v73711.pp_(IaC)_', 'secure_windows/manifests/stig/v73713.pp_(IaC)_', 'secure_windows/manifests/stig/v73715.pp_(IaC)_', 'secure_windows/manifests/stig/v73717.pp_(IaC)_', 'secure_windows/manifests/stig/v73719.pp_(IaC)_', 'secure_windows/manifests/stig/v73721.pp_(IaC)_', 'secure_windows/metadata.json_(Other)_']]",['57c95801736ff52925e8e3a48aadc5dd45e493d6'],[0.0],[0.0],[0],[0],[0]
[1],"[[272, 233, 266, 183, 67, 113, 294, 125, 173, 120, 170, 98, 102]]","[['secure_windows/manifests/stig/v73725.pp_(IaC)_', 'secure_windows/manifests/stig/v73807.pp_(IaC)_', 'secure_windows/manifests/stig/v73651.pp_(IaC)_', 'secure_windows/manifests/stig/v73699.pp_(IaC)_', 'secure_windows/manifests/stig/v73685.pp_(IaC)_', 'secure_windows/manifests/stig/v73707.pp_(IaC)_', 'secure_windows/manifests/stig/v73715.pp_(IaC)_', 'secure_windows/manifests/stig/v73727.pp_(IaC)_', 'secure_windows/manifests/stig/v73709.pp_(IaC)_', 'secure_windows/manifests/stig/v73713.pp_(IaC)_', 'secure_windows/manifests/stig/v73719.pp_(IaC)_', 'secure_windows/manifests/stig/v73723.pp_(IaC)_', 'secure_windows/manifests/stig/v73717.pp_(IaC)_']]","[['secure_windows/data/module.yaml_(Other)_', 'secure_windows/lib/facter/pki_certs.rb_(Other)_', 'secure_windows/lib/facter/tpm_version.rb_(Other)_', 'secure_windows/manifests/init.pp_(IaC)_', 'secure_windows/manifests/stig/v73223.pp_(IaC)_', 'secure_windows/manifests/stig/v73237.pp_(IaC)_', 'secure_windows/manifests/stig/v73263.pp_(IaC)_', 'secure_windows/manifests/stig/v73277.pp_(IaC)_', 'secure_windows/manifests/stig/v73279.pp_(IaC)_', 'secure_windows/manifests/stig/v73289.pp_(IaC)_', 'secure_windows/manifests/stig/v73303.pp_(IaC)_', 'secure_windows/manifests/stig/v73307.pp_(IaC)_', 'secure_windows/manifests/stig/v73381.pp_(IaC)_', 'secure_windows/manifests/stig/v73387.pp_(IaC)_', 'secure_windows/manifests/stig/v73495.pp_(IaC)_', 'secure_windows/manifests/stig/v73509.pp_(IaC)_', 'secure_windows/manifests/stig/v73513.pp_(IaC)_', 'secure_windows/manifests/stig/v73515.pp_(IaC)_', 'secure_windows/manifests/stig/v73517.pp_(IaC)_', 'secure_windows/manifests/stig/v73521.pp_(IaC)_', 'secure_windows/manifests/stig/v73533.pp_(IaC)_', 'secure_windows/manifests/stig/v73541.pp_(IaC)_', 'secure_windows/manifests/stig/v73551.pp_(IaC)_', 'secure_windows/manifests/stig/v73611.pp_(IaC)_', 'secure_windows/manifests/stig/v73623.pp_(IaC)_', 'secure_windows/manifests/stig/v73625.pp_(IaC)_', 'secure_windows/manifests/stig/v73629.pp_(IaC)_', 'secure_windows/manifests/stig/v73631.pp_(IaC)_', 'secure_windows/manifests/stig/v73651.pp_(IaC)_', 'secure_windows/manifests/stig/v73707.pp_(IaC)_', 'secure_windows/manifests/stig/v73709.pp_(IaC)_', 'secure_windows/manifests/stig/v73711.pp_(IaC)_', 'secure_windows/manifests/stig/v73713.pp_(IaC)_', 'secure_windows/manifests/stig/v73715.pp_(IaC)_', 'secure_windows/manifests/stig/v73717.pp_(IaC)_', 'secure_windows/manifests/stig/v73719.pp_(IaC)_', 'secure_windows/manifests/stig/v73721.pp_(IaC)_', 'secure_windows/metadata.json_(Other)_']]",['57c95801736ff52925e8e3a48aadc5dd45e493d6'],[0.0],[0.0],[0],[0],[0]
[1],"[[294, 67, 290, 113, 125, 233, 266, 98, 272, 102]]","[['secure_windows/manifests/stig/v73715.pp_(IaC)_', 'secure_windows/manifests/stig/v73685.pp_(IaC)_', 'secure_windows/manifests/stig/v73721.pp_(IaC)_', 'secure_windows/manifests/stig/v73707.pp_(IaC)_', 'secure_windows/manifests/stig/v73727.pp_(IaC)_', 'secure_windows/manifests/stig/v73807.pp_(IaC)_', 'secure_windows/manifests/stig/v73651.pp_(IaC)_', 'secure_windows/manifests/stig/v73723.pp_(IaC)_', 'secure_windows/manifests/stig/v73725.pp_(IaC)_', 'secure_windows/manifests/stig/v73717.pp_(IaC)_']]","[['secure_windows/data/module.yaml_(Other)_', 'secure_windows/lib/facter/pki_certs.rb_(Other)_', 'secure_windows/lib/facter/tpm_version.rb_(Other)_', 'secure_windows/manifests/init.pp_(IaC)_', 'secure_windows/manifests/stig/v73223.pp_(IaC)_', 'secure_windows/manifests/stig/v73237.pp_(IaC)_', 'secure_windows/manifests/stig/v73263.pp_(IaC)_', 'secure_windows/manifests/stig/v73277.pp_(IaC)_', 'secure_windows/manifests/stig/v73279.pp_(IaC)_', 'secure_windows/manifests/stig/v73289.pp_(IaC)_', 'secure_windows/manifests/stig/v73303.pp_(IaC)_', 'secure_windows/manifests/stig/v73307.pp_(IaC)_', 'secure_windows/manifests/stig/v73381.pp_(IaC)_', 'secure_windows/manifests/stig/v73387.pp_(IaC)_', 'secure_windows/manifests/stig/v73495.pp_(IaC)_', 'secure_windows/manifests/stig/v73509.pp_(IaC)_', 'secure_windows/manifests/stig/v73513.pp_(IaC)_', 'secure_windows/manifests/stig/v73515.pp_(IaC)_', 'secure_windows/manifests/stig/v73517.pp_(IaC)_', 'secure_windows/manifests/stig/v73521.pp_(IaC)_', 'secure_windows/manifests/stig/v73533.pp_(IaC)_', 'secure_windows/manifests/stig/v73541.pp_(IaC)_', 'secure_windows/manifests/stig/v73551.pp_(IaC)_', 'secure_windows/manifests/stig/v73611.pp_(IaC)_', 'secure_windows/manifests/stig/v73623.pp_(IaC)_', 'secure_windows/manifests/stig/v73625.pp_(IaC)_', 'secure_windows/manifests/stig/v73629.pp_(IaC)_', 'secure_windows/manifests/stig/v73631.pp_(IaC)_', 'secure_windows/manifests/stig/v73651.pp_(IaC)_', 'secure_windows/manifests/stig/v73707.pp_(IaC)_', 'secure_windows/manifests/stig/v73709.pp_(IaC)_', 'secure_windows/manifests/stig/v73711.pp_(IaC)_', 'secure_windows/manifests/stig/v73713.pp_(IaC)_', 'secure_windows/manifests/stig/v73715.pp_(IaC)_', 'secure_windows/manifests/stig/v73717.pp_(IaC)_', 'secure_windows/manifests/stig/v73719.pp_(IaC)_', 'secure_windows/manifests/stig/v73721.pp_(IaC)_', 'secure_windows/metadata.json_(Other)_']]",['57c95801736ff52925e8e3a48aadc5dd45e493d6'],[1.0],[0.02631578947368421],[0.05128205128205127],[1],[1.0]
[1],"[[120, 265, 113, 294, 233, 98, 173, 102, 290, 183, 170, 272, 303, 125, 266, 67]]","[['secure_windows/manifests/stig/v73713.pp_(IaC)_', 'secure_windows/manifests/stig/v73711.pp_(IaC)_', 'secure_windows/manifests/stig/v73707.pp_(IaC)_', 'secure_windows/manifests/stig/v73715.pp_(IaC)_', 'secure_windows/manifests/stig/v73807.pp_(IaC)_', 'secure_windows/manifests/stig/v73723.pp_(IaC)_', 'secure_windows/manifests/stig/v73709.pp_(IaC)_', 'secure_windows/manifests/stig/v73717.pp_(IaC)_', 'secure_windows/manifests/stig/v73721.pp_(IaC)_', 'secure_windows/manifests/stig/v73699.pp_(IaC)_', 'secure_windows/manifests/stig/v73719.pp_(IaC)_', 'secure_windows/manifests/stig/v73725.pp_(IaC)_', 'secure_windows/manifests/stig/v73671.pp_(IaC)_', 'secure_windows/manifests/stig/v73727.pp_(IaC)_', 'secure_windows/manifests/stig/v73651.pp_(IaC)_', 'secure_windows/manifests/stig/v73685.pp_(IaC)_']]","[['secure_windows/data/module.yaml_(Other)_', 'secure_windows/lib/facter/pki_certs.rb_(Other)_', 'secure_windows/lib/facter/tpm_version.rb_(Other)_', 'secure_windows/manifests/init.pp_(IaC)_', 'secure_windows/manifests/stig/v73223.pp_(IaC)_', 'secure_windows/manifests/stig/v73237.pp_(IaC)_', 'secure_windows/manifests/stig/v73263.pp_(IaC)_', 'secure_windows/manifests/stig/v73277.pp_(IaC)_', 'secure_windows/manifests/stig/v73279.pp_(IaC)_', 'secure_windows/manifests/stig/v73289.pp_(IaC)_', 'secure_windows/manifests/stig/v73303.pp_(IaC)_', 'secure_windows/manifests/stig/v73307.pp_(IaC)_', 'secure_windows/manifests/stig/v73381.pp_(IaC)_', 'secure_windows/manifests/stig/v73387.pp_(IaC)_', 'secure_windows/manifests/stig/v73495.pp_(IaC)_', 'secure_windows/manifests/stig/v73509.pp_(IaC)_', 'secure_windows/manifests/stig/v73513.pp_(IaC)_', 'secure_windows/manifests/stig/v73515.pp_(IaC)_', 'secure_windows/manifests/stig/v73517.pp_(IaC)_', 'secure_windows/manifests/stig/v73521.pp_(IaC)_', 'secure_windows/manifests/stig/v73533.pp_(IaC)_', 'secure_windows/manifests/stig/v73541.pp_(IaC)_', 'secure_windows/manifests/stig/v73551.pp_(IaC)_', 'secure_windows/manifests/stig/v73611.pp_(IaC)_', 'secure_windows/manifests/stig/v73623.pp_(IaC)_', 'secure_windows/manifests/stig/v73625.pp_(IaC)_', 'secure_windows/manifests/stig/v73629.pp_(IaC)_', 'secure_windows/manifests/stig/v73631.pp_(IaC)_', 'secure_windows/manifests/stig/v73651.pp_(IaC)_', 'secure_windows/manifests/stig/v73707.pp_(IaC)_', 'secure_windows/manifests/stig/v73709.pp_(IaC)_', 'secure_windows/manifests/stig/v73711.pp_(IaC)_', 'secure_windows/manifests/stig/v73713.pp_(IaC)_', 'secure_windows/manifests/stig/v73715.pp_(IaC)_', 'secure_windows/manifests/stig/v73717.pp_(IaC)_', 'secure_windows/manifests/stig/v73719.pp_(IaC)_', 'secure_windows/manifests/stig/v73721.pp_(IaC)_', 'secure_windows/metadata.json_(Other)_']]",['57c95801736ff52925e8e3a48aadc5dd45e493d6'],[1.0],[0.02631578947368421],[0.05128205128205127],[1],[1.0]
[1],"[[233, 67, 266, 125, 98, 113, 272, 183, 120, 102]]","[['secure_windows/manifests/stig/v73807.pp_(IaC)_', 'secure_windows/manifests/stig/v73685.pp_(IaC)_', 'secure_windows/manifests/stig/v73651.pp_(IaC)_', 'secure_windows/manifests/stig/v73727.pp_(IaC)_', 'secure_windows/manifests/stig/v73723.pp_(IaC)_', 'secure_windows/manifests/stig/v73707.pp_(IaC)_', 'secure_windows/manifests/stig/v73725.pp_(IaC)_', 'secure_windows/manifests/stig/v73699.pp_(IaC)_', 'secure_windows/manifests/stig/v73713.pp_(IaC)_', 'secure_windows/manifests/stig/v73717.pp_(IaC)_']]","[['secure_windows/data/module.yaml_(Other)_', 'secure_windows/lib/facter/pki_certs.rb_(Other)_', 'secure_windows/lib/facter/tpm_version.rb_(Other)_', 'secure_windows/manifests/init.pp_(IaC)_', 'secure_windows/manifests/stig/v73223.pp_(IaC)_', 'secure_windows/manifests/stig/v73237.pp_(IaC)_', 'secure_windows/manifests/stig/v73263.pp_(IaC)_', 'secure_windows/manifests/stig/v73277.pp_(IaC)_', 'secure_windows/manifests/stig/v73279.pp_(IaC)_', 'secure_windows/manifests/stig/v73289.pp_(IaC)_', 'secure_windows/manifests/stig/v73303.pp_(IaC)_', 'secure_windows/manifests/stig/v73307.pp_(IaC)_', 'secure_windows/manifests/stig/v73381.pp_(IaC)_', 'secure_windows/manifests/stig/v73387.pp_(IaC)_', 'secure_windows/manifests/stig/v73495.pp_(IaC)_', 'secure_windows/manifests/stig/v73509.pp_(IaC)_', 'secure_windows/manifests/stig/v73513.pp_(IaC)_', 'secure_windows/manifests/stig/v73515.pp_(IaC)_', 'secure_windows/manifests/stig/v73517.pp_(IaC)_', 'secure_windows/manifests/stig/v73521.pp_(IaC)_', 'secure_windows/manifests/stig/v73533.pp_(IaC)_', 'secure_windows/manifests/stig/v73541.pp_(IaC)_', 'secure_windows/manifests/stig/v73551.pp_(IaC)_', 'secure_windows/manifests/stig/v73611.pp_(IaC)_', 'secure_windows/manifests/stig/v73623.pp_(IaC)_', 'secure_windows/manifests/stig/v73625.pp_(IaC)_', 'secure_windows/manifests/stig/v73629.pp_(IaC)_', 'secure_windows/manifests/stig/v73631.pp_(IaC)_', 'secure_windows/manifests/stig/v73651.pp_(IaC)_', 'secure_windows/manifests/stig/v73707.pp_(IaC)_', 'secure_windows/manifests/stig/v73709.pp_(IaC)_', 'secure_windows/manifests/stig/v73711.pp_(IaC)_', 'secure_windows/manifests/stig/v73713.pp_(IaC)_', 'secure_windows/manifests/stig/v73715.pp_(IaC)_', 'secure_windows/manifests/stig/v73717.pp_(IaC)_', 'secure_windows/manifests/stig/v73719.pp_(IaC)_', 'secure_windows/manifests/stig/v73721.pp_(IaC)_', 'secure_windows/metadata.json_(Other)_']]",['57c95801736ff52925e8e3a48aadc5dd45e493d6'],[0.0],[0.0],[0],[0],[0]
[1],"[[98, 272, 266, 102, 118, 113, 303, 290, 294, 173, 125, 170, 233, 67, 183, 120]]","[['secure_windows/manifests/stig/v73723.pp_(IaC)_', 'secure_windows/manifests/stig/v73725.pp_(IaC)_', 'secure_windows/manifests/stig/v73651.pp_(IaC)_', 'secure_windows/manifests/stig/v73717.pp_(IaC)_', 'secure_windows/manifests/stig/v73673.pp_(IaC)_', 'secure_windows/manifests/stig/v73707.pp_(IaC)_', 'secure_windows/manifests/stig/v73671.pp_(IaC)_', 'secure_windows/manifests/stig/v73721.pp_(IaC)_', 'secure_windows/manifests/stig/v73715.pp_(IaC)_', 'secure_windows/manifests/stig/v73709.pp_(IaC)_', 'secure_windows/manifests/stig/v73727.pp_(IaC)_', 'secure_windows/manifests/stig/v73719.pp_(IaC)_', 'secure_windows/manifests/stig/v73807.pp_(IaC)_', 'secure_windows/manifests/stig/v73685.pp_(IaC)_', 'secure_windows/manifests/stig/v73699.pp_(IaC)_', 'secure_windows/manifests/stig/v73713.pp_(IaC)_']]","[['secure_windows/data/module.yaml_(Other)_', 'secure_windows/lib/facter/pki_certs.rb_(Other)_', 'secure_windows/lib/facter/tpm_version.rb_(Other)_', 'secure_windows/manifests/init.pp_(IaC)_', 'secure_windows/manifests/stig/v73223.pp_(IaC)_', 'secure_windows/manifests/stig/v73237.pp_(IaC)_', 'secure_windows/manifests/stig/v73263.pp_(IaC)_', 'secure_windows/manifests/stig/v73277.pp_(IaC)_', 'secure_windows/manifests/stig/v73279.pp_(IaC)_', 'secure_windows/manifests/stig/v73289.pp_(IaC)_', 'secure_windows/manifests/stig/v73303.pp_(IaC)_', 'secure_windows/manifests/stig/v73307.pp_(IaC)_', 'secure_windows/manifests/stig/v73381.pp_(IaC)_', 'secure_windows/manifests/stig/v73387.pp_(IaC)_', 'secure_windows/manifests/stig/v73495.pp_(IaC)_', 'secure_windows/manifests/stig/v73509.pp_(IaC)_', 'secure_windows/manifests/stig/v73513.pp_(IaC)_', 'secure_windows/manifests/stig/v73515.pp_(IaC)_', 'secure_windows/manifests/stig/v73517.pp_(IaC)_', 'secure_windows/manifests/stig/v73521.pp_(IaC)_', 'secure_windows/manifests/stig/v73533.pp_(IaC)_', 'secure_windows/manifests/stig/v73541.pp_(IaC)_', 'secure_windows/manifests/stig/v73551.pp_(IaC)_', 'secure_windows/manifests/stig/v73611.pp_(IaC)_', 'secure_windows/manifests/stig/v73623.pp_(IaC)_', 'secure_windows/manifests/stig/v73625.pp_(IaC)_', 'secure_windows/manifests/stig/v73629.pp_(IaC)_', 'secure_windows/manifests/stig/v73631.pp_(IaC)_', 'secure_windows/manifests/stig/v73651.pp_(IaC)_', 'secure_windows/manifests/stig/v73707.pp_(IaC)_', 'secure_windows/manifests/stig/v73709.pp_(IaC)_', 'secure_windows/manifests/stig/v73711.pp_(IaC)_', 'secure_windows/manifests/stig/v73713.pp_(IaC)_', 'secure_windows/manifests/stig/v73715.pp_(IaC)_', 'secure_windows/manifests/stig/v73717.pp_(IaC)_', 'secure_windows/manifests/stig/v73719.pp_(IaC)_', 'secure_windows/manifests/stig/v73721.pp_(IaC)_', 'secure_windows/metadata.json_(Other)_']]",['57c95801736ff52925e8e3a48aadc5dd45e493d6'],[0.0],[0.0],[0],[0],[0]
[1],"[[272, 102, 266, 125, 120, 233, 170, 98, 294, 183, 113, 67]]","[['secure_windows/manifests/stig/v73725.pp_(IaC)_', 'secure_windows/manifests/stig/v73717.pp_(IaC)_', 'secure_windows/manifests/stig/v73651.pp_(IaC)_', 'secure_windows/manifests/stig/v73727.pp_(IaC)_', 'secure_windows/manifests/stig/v73713.pp_(IaC)_', 'secure_windows/manifests/stig/v73807.pp_(IaC)_', 'secure_windows/manifests/stig/v73719.pp_(IaC)_', 'secure_windows/manifests/stig/v73723.pp_(IaC)_', 'secure_windows/manifests/stig/v73715.pp_(IaC)_', 'secure_windows/manifests/stig/v73699.pp_(IaC)_', 'secure_windows/manifests/stig/v73707.pp_(IaC)_', 'secure_windows/manifests/stig/v73685.pp_(IaC)_']]","[['secure_windows/data/module.yaml_(Other)_', 'secure_windows/lib/facter/pki_certs.rb_(Other)_', 'secure_windows/lib/facter/tpm_version.rb_(Other)_', 'secure_windows/manifests/init.pp_(IaC)_', 'secure_windows/manifests/stig/v73223.pp_(IaC)_', 'secure_windows/manifests/stig/v73237.pp_(IaC)_', 'secure_windows/manifests/stig/v73263.pp_(IaC)_', 'secure_windows/manifests/stig/v73277.pp_(IaC)_', 'secure_windows/manifests/stig/v73279.pp_(IaC)_', 'secure_windows/manifests/stig/v73289.pp_(IaC)_', 'secure_windows/manifests/stig/v73303.pp_(IaC)_', 'secure_windows/manifests/stig/v73307.pp_(IaC)_', 'secure_windows/manifests/stig/v73381.pp_(IaC)_', 'secure_windows/manifests/stig/v73387.pp_(IaC)_', 'secure_windows/manifests/stig/v73495.pp_(IaC)_', 'secure_windows/manifests/stig/v73509.pp_(IaC)_', 'secure_windows/manifests/stig/v73513.pp_(IaC)_', 'secure_windows/manifests/stig/v73515.pp_(IaC)_', 'secure_windows/manifests/stig/v73517.pp_(IaC)_', 'secure_windows/manifests/stig/v73521.pp_(IaC)_', 'secure_windows/manifests/stig/v73533.pp_(IaC)_', 'secure_windows/manifests/stig/v73541.pp_(IaC)_', 'secure_windows/manifests/stig/v73551.pp_(IaC)_', 'secure_windows/manifests/stig/v73611.pp_(IaC)_', 'secure_windows/manifests/stig/v73623.pp_(IaC)_', 'secure_windows/manifests/stig/v73625.pp_(IaC)_', 'secure_windows/manifests/stig/v73629.pp_(IaC)_', 'secure_windows/manifests/stig/v73631.pp_(IaC)_', 'secure_windows/manifests/stig/v73651.pp_(IaC)_', 'secure_windows/manifests/stig/v73707.pp_(IaC)_', 'secure_windows/manifests/stig/v73709.pp_(IaC)_', 'secure_windows/manifests/stig/v73711.pp_(IaC)_', 'secure_windows/manifests/stig/v73713.pp_(IaC)_', 'secure_windows/manifests/stig/v73715.pp_(IaC)_', 'secure_windows/manifests/stig/v73717.pp_(IaC)_', 'secure_windows/manifests/stig/v73719.pp_(IaC)_', 'secure_windows/manifests/stig/v73721.pp_(IaC)_', 'secure_windows/metadata.json_(Other)_']]",['57c95801736ff52925e8e3a48aadc5dd45e493d6'],[0.0],[0.0],[0],[0],[0]
[1],"[[67, 125, 290, 294, 183, 102, 118, 120, 133, 272, 98, 130, 266, 173, 124, 113, 170, 233, 137, 159]]","[['secure_windows/manifests/stig/v73685.pp_(IaC)_', 'secure_windows/manifests/stig/v73727.pp_(IaC)_', 'secure_windows/manifests/stig/v73721.pp_(IaC)_', 'secure_windows/manifests/stig/v73715.pp_(IaC)_', 'secure_windows/manifests/stig/v73699.pp_(IaC)_', 'secure_windows/manifests/stig/v73717.pp_(IaC)_', 'secure_windows/manifests/stig/v73673.pp_(IaC)_', 'secure_windows/manifests/stig/v73713.pp_(IaC)_', 'secure_windows/manifests/stig/v73677.pp_(IaC)_', 'secure_windows/manifests/stig/v73725.pp_(IaC)_', 'secure_windows/manifests/stig/v73723.pp_(IaC)_', 'secure_windows/manifests/stig/v73515.pp_(IaC)_', 'secure_windows/manifests/stig/v73651.pp_(IaC)_', 'secure_windows/manifests/stig/v73709.pp_(IaC)_', 'secure_windows/manifests/stig/v73667.pp_(IaC)_', 'secure_windows/manifests/stig/v73707.pp_(IaC)_', 'secure_windows/manifests/stig/v73719.pp_(IaC)_', 'secure_windows/manifests/stig/v73807.pp_(IaC)_', 'secure_windows/manifests/stig/v73703.pp_(IaC)_', 'secure_windows/manifests/stig/v73669.pp_(IaC)_']]","[['secure_windows/data/module.yaml_(Other)_', 'secure_windows/lib/facter/pki_certs.rb_(Other)_', 'secure_windows/lib/facter/tpm_version.rb_(Other)_', 'secure_windows/manifests/init.pp_(IaC)_', 'secure_windows/manifests/stig/v73223.pp_(IaC)_', 'secure_windows/manifests/stig/v73237.pp_(IaC)_', 'secure_windows/manifests/stig/v73263.pp_(IaC)_', 'secure_windows/manifests/stig/v73277.pp_(IaC)_', 'secure_windows/manifests/stig/v73279.pp_(IaC)_', 'secure_windows/manifests/stig/v73289.pp_(IaC)_', 'secure_windows/manifests/stig/v73303.pp_(IaC)_', 'secure_windows/manifests/stig/v73307.pp_(IaC)_', 'secure_windows/manifests/stig/v73381.pp_(IaC)_', 'secure_windows/manifests/stig/v73387.pp_(IaC)_', 'secure_windows/manifests/stig/v73495.pp_(IaC)_', 'secure_windows/manifests/stig/v73509.pp_(IaC)_', 'secure_windows/manifests/stig/v73513.pp_(IaC)_', 'secure_windows/manifests/stig/v73515.pp_(IaC)_', 'secure_windows/manifests/stig/v73517.pp_(IaC)_', 'secure_windows/manifests/stig/v73521.pp_(IaC)_', 'secure_windows/manifests/stig/v73533.pp_(IaC)_', 'secure_windows/manifests/stig/v73541.pp_(IaC)_', 'secure_windows/manifests/stig/v73551.pp_(IaC)_', 'secure_windows/manifests/stig/v73611.pp_(IaC)_', 'secure_windows/manifests/stig/v73623.pp_(IaC)_', 'secure_windows/manifests/stig/v73625.pp_(IaC)_', 'secure_windows/manifests/stig/v73629.pp_(IaC)_', 'secure_windows/manifests/stig/v73631.pp_(IaC)_', 'secure_windows/manifests/stig/v73651.pp_(IaC)_', 'secure_windows/manifests/stig/v73707.pp_(IaC)_', 'secure_windows/manifests/stig/v73709.pp_(IaC)_', 'secure_windows/manifests/stig/v73711.pp_(IaC)_', 'secure_windows/manifests/stig/v73713.pp_(IaC)_', 'secure_windows/manifests/stig/v73715.pp_(IaC)_', 'secure_windows/manifests/stig/v73717.pp_(IaC)_', 'secure_windows/manifests/stig/v73719.pp_(IaC)_', 'secure_windows/manifests/stig/v73721.pp_(IaC)_', 'secure_windows/metadata.json_(Other)_']]",['57c95801736ff52925e8e3a48aadc5dd45e493d6'],[0.0],[0.0],[0],[0],[0]
[1],"[[170, 272, 266, 294, 233, 67, 120, 290, 183, 303, 125, 173, 113, 102, 98, 118]]","[['secure_windows/manifests/stig/v73719.pp_(IaC)_', 'secure_windows/manifests/stig/v73725.pp_(IaC)_', 'secure_windows/manifests/stig/v73651.pp_(IaC)_', 'secure_windows/manifests/stig/v73715.pp_(IaC)_', 'secure_windows/manifests/stig/v73807.pp_(IaC)_', 'secure_windows/manifests/stig/v73685.pp_(IaC)_', 'secure_windows/manifests/stig/v73713.pp_(IaC)_', 'secure_windows/manifests/stig/v73721.pp_(IaC)_', 'secure_windows/manifests/stig/v73699.pp_(IaC)_', 'secure_windows/manifests/stig/v73671.pp_(IaC)_', 'secure_windows/manifests/stig/v73727.pp_(IaC)_', 'secure_windows/manifests/stig/v73709.pp_(IaC)_', 'secure_windows/manifests/stig/v73707.pp_(IaC)_', 'secure_windows/manifests/stig/v73717.pp_(IaC)_', 'secure_windows/manifests/stig/v73723.pp_(IaC)_', 'secure_windows/manifests/stig/v73673.pp_(IaC)_']]","[['secure_windows/data/module.yaml_(Other)_', 'secure_windows/lib/facter/pki_certs.rb_(Other)_', 'secure_windows/lib/facter/tpm_version.rb_(Other)_', 'secure_windows/manifests/init.pp_(IaC)_', 'secure_windows/manifests/stig/v73223.pp_(IaC)_', 'secure_windows/manifests/stig/v73237.pp_(IaC)_', 'secure_windows/manifests/stig/v73263.pp_(IaC)_', 'secure_windows/manifests/stig/v73277.pp_(IaC)_', 'secure_windows/manifests/stig/v73279.pp_(IaC)_', 'secure_windows/manifests/stig/v73289.pp_(IaC)_', 'secure_windows/manifests/stig/v73303.pp_(IaC)_', 'secure_windows/manifests/stig/v73307.pp_(IaC)_', 'secure_windows/manifests/stig/v73381.pp_(IaC)_', 'secure_windows/manifests/stig/v73387.pp_(IaC)_', 'secure_windows/manifests/stig/v73495.pp_(IaC)_', 'secure_windows/manifests/stig/v73509.pp_(IaC)_', 'secure_windows/manifests/stig/v73513.pp_(IaC)_', 'secure_windows/manifests/stig/v73515.pp_(IaC)_', 'secure_windows/manifests/stig/v73517.pp_(IaC)_', 'secure_windows/manifests/stig/v73521.pp_(IaC)_', 'secure_windows/manifests/stig/v73533.pp_(IaC)_', 'secure_windows/manifests/stig/v73541.pp_(IaC)_', 'secure_windows/manifests/stig/v73551.pp_(IaC)_', 'secure_windows/manifests/stig/v73611.pp_(IaC)_', 'secure_windows/manifests/stig/v73623.pp_(IaC)_', 'secure_windows/manifests/stig/v73625.pp_(IaC)_', 'secure_windows/manifests/stig/v73629.pp_(IaC)_', 'secure_windows/manifests/stig/v73631.pp_(IaC)_', 'secure_windows/manifests/stig/v73651.pp_(IaC)_', 'secure_windows/manifests/stig/v73707.pp_(IaC)_', 'secure_windows/manifests/stig/v73709.pp_(IaC)_', 'secure_windows/manifests/stig/v73711.pp_(IaC)_', 'secure_windows/manifests/stig/v73713.pp_(IaC)_', 'secure_windows/manifests/stig/v73715.pp_(IaC)_', 'secure_windows/manifests/stig/v73717.pp_(IaC)_', 'secure_windows/manifests/stig/v73719.pp_(IaC)_', 'secure_windows/manifests/stig/v73721.pp_(IaC)_', 'secure_windows/metadata.json_(Other)_']]",['57c95801736ff52925e8e3a48aadc5dd45e493d6'],[1.0],[0.02631578947368421],[0.05128205128205127],[1],[1.0]
[1],"[[233, 183, 67, 125, 113, 120, 266, 170, 98, 173, 102]]","[['secure_windows/manifests/stig/v73807.pp_(IaC)_', 'secure_windows/manifests/stig/v73699.pp_(IaC)_', 'secure_windows/manifests/stig/v73685.pp_(IaC)_', 'secure_windows/manifests/stig/v73727.pp_(IaC)_', 'secure_windows/manifests/stig/v73707.pp_(IaC)_', 'secure_windows/manifests/stig/v73713.pp_(IaC)_', 'secure_windows/manifests/stig/v73651.pp_(IaC)_', 'secure_windows/manifests/stig/v73719.pp_(IaC)_', 'secure_windows/manifests/stig/v73723.pp_(IaC)_', 'secure_windows/manifests/stig/v73709.pp_(IaC)_', 'secure_windows/manifests/stig/v73717.pp_(IaC)_']]","[['secure_windows/data/module.yaml_(Other)_', 'secure_windows/lib/facter/pki_certs.rb_(Other)_', 'secure_windows/lib/facter/tpm_version.rb_(Other)_', 'secure_windows/manifests/init.pp_(IaC)_', 'secure_windows/manifests/stig/v73223.pp_(IaC)_', 'secure_windows/manifests/stig/v73237.pp_(IaC)_', 'secure_windows/manifests/stig/v73263.pp_(IaC)_', 'secure_windows/manifests/stig/v73277.pp_(IaC)_', 'secure_windows/manifests/stig/v73279.pp_(IaC)_', 'secure_windows/manifests/stig/v73289.pp_(IaC)_', 'secure_windows/manifests/stig/v73303.pp_(IaC)_', 'secure_windows/manifests/stig/v73307.pp_(IaC)_', 'secure_windows/manifests/stig/v73381.pp_(IaC)_', 'secure_windows/manifests/stig/v73387.pp_(IaC)_', 'secure_windows/manifests/stig/v73495.pp_(IaC)_', 'secure_windows/manifests/stig/v73509.pp_(IaC)_', 'secure_windows/manifests/stig/v73513.pp_(IaC)_', 'secure_windows/manifests/stig/v73515.pp_(IaC)_', 'secure_windows/manifests/stig/v73517.pp_(IaC)_', 'secure_windows/manifests/stig/v73521.pp_(IaC)_', 'secure_windows/manifests/stig/v73533.pp_(IaC)_', 'secure_windows/manifests/stig/v73541.pp_(IaC)_', 'secure_windows/manifests/stig/v73551.pp_(IaC)_', 'secure_windows/manifests/stig/v73611.pp_(IaC)_', 'secure_windows/manifests/stig/v73623.pp_(IaC)_', 'secure_windows/manifests/stig/v73625.pp_(IaC)_', 'secure_windows/manifests/stig/v73629.pp_(IaC)_', 'secure_windows/manifests/stig/v73631.pp_(IaC)_', 'secure_windows/manifests/stig/v73651.pp_(IaC)_', 'secure_windows/manifests/stig/v73707.pp_(IaC)_', 'secure_windows/manifests/stig/v73709.pp_(IaC)_', 'secure_windows/manifests/stig/v73711.pp_(IaC)_', 'secure_windows/manifests/stig/v73713.pp_(IaC)_', 'secure_windows/manifests/stig/v73715.pp_(IaC)_', 'secure_windows/manifests/stig/v73717.pp_(IaC)_', 'secure_windows/manifests/stig/v73719.pp_(IaC)_', 'secure_windows/manifests/stig/v73721.pp_(IaC)_', 'secure_windows/metadata.json_(Other)_']]",['57c95801736ff52925e8e3a48aadc5dd45e493d6'],[0.0],[0.0],[0],[0],[0]
[1],"[[113, 183, 290, 102, 120, 118, 272, 266, 170, 294, 233, 125, 303, 173, 98, 67]]","[['secure_windows/manifests/stig/v73707.pp_(IaC)_', 'secure_windows/manifests/stig/v73699.pp_(IaC)_', 'secure_windows/manifests/stig/v73721.pp_(IaC)_', 'secure_windows/manifests/stig/v73717.pp_(IaC)_', 'secure_windows/manifests/stig/v73713.pp_(IaC)_', 'secure_windows/manifests/stig/v73673.pp_(IaC)_', 'secure_windows/manifests/stig/v73725.pp_(IaC)_', 'secure_windows/manifests/stig/v73651.pp_(IaC)_', 'secure_windows/manifests/stig/v73719.pp_(IaC)_', 'secure_windows/manifests/stig/v73715.pp_(IaC)_', 'secure_windows/manifests/stig/v73807.pp_(IaC)_', 'secure_windows/manifests/stig/v73727.pp_(IaC)_', 'secure_windows/manifests/stig/v73671.pp_(IaC)_', 'secure_windows/manifests/stig/v73709.pp_(IaC)_', 'secure_windows/manifests/stig/v73723.pp_(IaC)_', 'secure_windows/manifests/stig/v73685.pp_(IaC)_']]","[['secure_windows/data/module.yaml_(Other)_', 'secure_windows/lib/facter/pki_certs.rb_(Other)_', 'secure_windows/lib/facter/tpm_version.rb_(Other)_', 'secure_windows/manifests/init.pp_(IaC)_', 'secure_windows/manifests/stig/v73223.pp_(IaC)_', 'secure_windows/manifests/stig/v73237.pp_(IaC)_', 'secure_windows/manifests/stig/v73263.pp_(IaC)_', 'secure_windows/manifests/stig/v73277.pp_(IaC)_', 'secure_windows/manifests/stig/v73279.pp_(IaC)_', 'secure_windows/manifests/stig/v73289.pp_(IaC)_', 'secure_windows/manifests/stig/v73303.pp_(IaC)_', 'secure_windows/manifests/stig/v73307.pp_(IaC)_', 'secure_windows/manifests/stig/v73381.pp_(IaC)_', 'secure_windows/manifests/stig/v73387.pp_(IaC)_', 'secure_windows/manifests/stig/v73495.pp_(IaC)_', 'secure_windows/manifests/stig/v73509.pp_(IaC)_', 'secure_windows/manifests/stig/v73513.pp_(IaC)_', 'secure_windows/manifests/stig/v73515.pp_(IaC)_', 'secure_windows/manifests/stig/v73517.pp_(IaC)_', 'secure_windows/manifests/stig/v73521.pp_(IaC)_', 'secure_windows/manifests/stig/v73533.pp_(IaC)_', 'secure_windows/manifests/stig/v73541.pp_(IaC)_', 'secure_windows/manifests/stig/v73551.pp_(IaC)_', 'secure_windows/manifests/stig/v73611.pp_(IaC)_', 'secure_windows/manifests/stig/v73623.pp_(IaC)_', 'secure_windows/manifests/stig/v73625.pp_(IaC)_', 'secure_windows/manifests/stig/v73629.pp_(IaC)_', 'secure_windows/manifests/stig/v73631.pp_(IaC)_', 'secure_windows/manifests/stig/v73651.pp_(IaC)_', 'secure_windows/manifests/stig/v73707.pp_(IaC)_', 'secure_windows/manifests/stig/v73709.pp_(IaC)_', 'secure_windows/manifests/stig/v73711.pp_(IaC)_', 'secure_windows/manifests/stig/v73713.pp_(IaC)_', 'secure_windows/manifests/stig/v73715.pp_(IaC)_', 'secure_windows/manifests/stig/v73717.pp_(IaC)_', 'secure_windows/manifests/stig/v73719.pp_(IaC)_', 'secure_windows/manifests/stig/v73721.pp_(IaC)_', 'secure_windows/metadata.json_(Other)_']]",['57c95801736ff52925e8e3a48aadc5dd45e493d6'],[1.0],[0.02631578947368421],[0.05128205128205127],[1],[1.0]
[1],"[[125, 272, 102, 118, 120, 183, 98, 67, 266, 170, 233, 113]]","[['secure_windows/manifests/stig/v73727.pp_(IaC)_', 'secure_windows/manifests/stig/v73725.pp_(IaC)_', 'secure_windows/manifests/stig/v73717.pp_(IaC)_', 'secure_windows/manifests/stig/v73673.pp_(IaC)_', 'secure_windows/manifests/stig/v73713.pp_(IaC)_', 'secure_windows/manifests/stig/v73699.pp_(IaC)_', 'secure_windows/manifests/stig/v73723.pp_(IaC)_', 'secure_windows/manifests/stig/v73685.pp_(IaC)_', 'secure_windows/manifests/stig/v73651.pp_(IaC)_', 'secure_windows/manifests/stig/v73719.pp_(IaC)_', 'secure_windows/manifests/stig/v73807.pp_(IaC)_', 'secure_windows/manifests/stig/v73707.pp_(IaC)_']]","[['secure_windows/data/module.yaml_(Other)_', 'secure_windows/lib/facter/pki_certs.rb_(Other)_', 'secure_windows/lib/facter/tpm_version.rb_(Other)_', 'secure_windows/manifests/init.pp_(IaC)_', 'secure_windows/manifests/stig/v73223.pp_(IaC)_', 'secure_windows/manifests/stig/v73237.pp_(IaC)_', 'secure_windows/manifests/stig/v73263.pp_(IaC)_', 'secure_windows/manifests/stig/v73277.pp_(IaC)_', 'secure_windows/manifests/stig/v73279.pp_(IaC)_', 'secure_windows/manifests/stig/v73289.pp_(IaC)_', 'secure_windows/manifests/stig/v73303.pp_(IaC)_', 'secure_windows/manifests/stig/v73307.pp_(IaC)_', 'secure_windows/manifests/stig/v73381.pp_(IaC)_', 'secure_windows/manifests/stig/v73387.pp_(IaC)_', 'secure_windows/manifests/stig/v73495.pp_(IaC)_', 'secure_windows/manifests/stig/v73509.pp_(IaC)_', 'secure_windows/manifests/stig/v73513.pp_(IaC)_', 'secure_windows/manifests/stig/v73515.pp_(IaC)_', 'secure_windows/manifests/stig/v73517.pp_(IaC)_', 'secure_windows/manifests/stig/v73521.pp_(IaC)_', 'secure_windows/manifests/stig/v73533.pp_(IaC)_', 'secure_windows/manifests/stig/v73541.pp_(IaC)_', 'secure_windows/manifests/stig/v73551.pp_(IaC)_', 'secure_windows/manifests/stig/v73611.pp_(IaC)_', 'secure_windows/manifests/stig/v73623.pp_(IaC)_', 'secure_windows/manifests/stig/v73625.pp_(IaC)_', 'secure_windows/manifests/stig/v73629.pp_(IaC)_', 'secure_windows/manifests/stig/v73631.pp_(IaC)_', 'secure_windows/manifests/stig/v73651.pp_(IaC)_', 'secure_windows/manifests/stig/v73707.pp_(IaC)_', 'secure_windows/manifests/stig/v73709.pp_(IaC)_', 'secure_windows/manifests/stig/v73711.pp_(IaC)_', 'secure_windows/manifests/stig/v73713.pp_(IaC)_', 'secure_windows/manifests/stig/v73715.pp_(IaC)_', 'secure_windows/manifests/stig/v73717.pp_(IaC)_', 'secure_windows/manifests/stig/v73719.pp_(IaC)_', 'secure_windows/manifests/stig/v73721.pp_(IaC)_', 'secure_windows/metadata.json_(Other)_']]",['57c95801736ff52925e8e3a48aadc5dd45e493d6'],[0.0],[0.0],[0],[0],[0]
[1],"[[183, 125, 102, 290, 266, 233, 170, 173, 294, 120, 98, 272, 130, 113, 133, 118, 67, 137]]","[['secure_windows/manifests/stig/v73699.pp_(IaC)_', 'secure_windows/manifests/stig/v73727.pp_(IaC)_', 'secure_windows/manifests/stig/v73717.pp_(IaC)_', 'secure_windows/manifests/stig/v73721.pp_(IaC)_', 'secure_windows/manifests/stig/v73651.pp_(IaC)_', 'secure_windows/manifests/stig/v73807.pp_(IaC)_', 'secure_windows/manifests/stig/v73719.pp_(IaC)_', 'secure_windows/manifests/stig/v73709.pp_(IaC)_', 'secure_windows/manifests/stig/v73715.pp_(IaC)_', 'secure_windows/manifests/stig/v73713.pp_(IaC)_', 'secure_windows/manifests/stig/v73723.pp_(IaC)_', 'secure_windows/manifests/stig/v73725.pp_(IaC)_', 'secure_windows/manifests/stig/v73515.pp_(IaC)_', 'secure_windows/manifests/stig/v73707.pp_(IaC)_', 'secure_windows/manifests/stig/v73677.pp_(IaC)_', 'secure_windows/manifests/stig/v73673.pp_(IaC)_', 'secure_windows/manifests/stig/v73685.pp_(IaC)_', 'secure_windows/manifests/stig/v73703.pp_(IaC)_']]","[['secure_windows/data/module.yaml_(Other)_', 'secure_windows/lib/facter/pki_certs.rb_(Other)_', 'secure_windows/lib/facter/tpm_version.rb_(Other)_', 'secure_windows/manifests/init.pp_(IaC)_', 'secure_windows/manifests/stig/v73223.pp_(IaC)_', 'secure_windows/manifests/stig/v73237.pp_(IaC)_', 'secure_windows/manifests/stig/v73263.pp_(IaC)_', 'secure_windows/manifests/stig/v73277.pp_(IaC)_', 'secure_windows/manifests/stig/v73279.pp_(IaC)_', 'secure_windows/manifests/stig/v73289.pp_(IaC)_', 'secure_windows/manifests/stig/v73303.pp_(IaC)_', 'secure_windows/manifests/stig/v73307.pp_(IaC)_', 'secure_windows/manifests/stig/v73381.pp_(IaC)_', 'secure_windows/manifests/stig/v73387.pp_(IaC)_', 'secure_windows/manifests/stig/v73495.pp_(IaC)_', 'secure_windows/manifests/stig/v73509.pp_(IaC)_', 'secure_windows/manifests/stig/v73513.pp_(IaC)_', 'secure_windows/manifests/stig/v73515.pp_(IaC)_', 'secure_windows/manifests/stig/v73517.pp_(IaC)_', 'secure_windows/manifests/stig/v73521.pp_(IaC)_', 'secure_windows/manifests/stig/v73533.pp_(IaC)_', 'secure_windows/manifests/stig/v73541.pp_(IaC)_', 'secure_windows/manifests/stig/v73551.pp_(IaC)_', 'secure_windows/manifests/stig/v73611.pp_(IaC)_', 'secure_windows/manifests/stig/v73623.pp_(IaC)_', 'secure_windows/manifests/stig/v73625.pp_(IaC)_', 'secure_windows/manifests/stig/v73629.pp_(IaC)_', 'secure_windows/manifests/stig/v73631.pp_(IaC)_', 'secure_windows/manifests/stig/v73651.pp_(IaC)_', 'secure_windows/manifests/stig/v73707.pp_(IaC)_', 'secure_windows/manifests/stig/v73709.pp_(IaC)_', 'secure_windows/manifests/stig/v73711.pp_(IaC)_', 'secure_windows/manifests/stig/v73713.pp_(IaC)_', 'secure_windows/manifests/stig/v73715.pp_(IaC)_', 'secure_windows/manifests/stig/v73717.pp_(IaC)_', 'secure_windows/manifests/stig/v73719.pp_(IaC)_', 'secure_windows/manifests/stig/v73721.pp_(IaC)_', 'secure_windows/metadata.json_(Other)_']]",['57c95801736ff52925e8e3a48aadc5dd45e493d6'],[0.0],[0.0],[0],[0],[0]
[1],"[[125, 290, 272, 102, 266, 170, 233, 265, 173, 98, 120, 294, 303, 183, 67, 130, 118, 113]]","[['secure_windows/manifests/stig/v73727.pp_(IaC)_', 'secure_windows/manifests/stig/v73721.pp_(IaC)_', 'secure_windows/manifests/stig/v73725.pp_(IaC)_', 'secure_windows/manifests/stig/v73717.pp_(IaC)_', 'secure_windows/manifests/stig/v73651.pp_(IaC)_', 'secure_windows/manifests/stig/v73719.pp_(IaC)_', 'secure_windows/manifests/stig/v73807.pp_(IaC)_', 'secure_windows/manifests/stig/v73711.pp_(IaC)_', 'secure_windows/manifests/stig/v73709.pp_(IaC)_', 'secure_windows/manifests/stig/v73723.pp_(IaC)_', 'secure_windows/manifests/stig/v73713.pp_(IaC)_', 'secure_windows/manifests/stig/v73715.pp_(IaC)_', 'secure_windows/manifests/stig/v73671.pp_(IaC)_', 'secure_windows/manifests/stig/v73699.pp_(IaC)_', 'secure_windows/manifests/stig/v73685.pp_(IaC)_', 'secure_windows/manifests/stig/v73515.pp_(IaC)_', 'secure_windows/manifests/stig/v73673.pp_(IaC)_', 'secure_windows/manifests/stig/v73707.pp_(IaC)_']]","[['secure_windows/data/module.yaml_(Other)_', 'secure_windows/lib/facter/pki_certs.rb_(Other)_', 'secure_windows/lib/facter/tpm_version.rb_(Other)_', 'secure_windows/manifests/init.pp_(IaC)_', 'secure_windows/manifests/stig/v73223.pp_(IaC)_', 'secure_windows/manifests/stig/v73237.pp_(IaC)_', 'secure_windows/manifests/stig/v73263.pp_(IaC)_', 'secure_windows/manifests/stig/v73277.pp_(IaC)_', 'secure_windows/manifests/stig/v73279.pp_(IaC)_', 'secure_windows/manifests/stig/v73289.pp_(IaC)_', 'secure_windows/manifests/stig/v73303.pp_(IaC)_', 'secure_windows/manifests/stig/v73307.pp_(IaC)_', 'secure_windows/manifests/stig/v73381.pp_(IaC)_', 'secure_windows/manifests/stig/v73387.pp_(IaC)_', 'secure_windows/manifests/stig/v73495.pp_(IaC)_', 'secure_windows/manifests/stig/v73509.pp_(IaC)_', 'secure_windows/manifests/stig/v73513.pp_(IaC)_', 'secure_windows/manifests/stig/v73515.pp_(IaC)_', 'secure_windows/manifests/stig/v73517.pp_(IaC)_', 'secure_windows/manifests/stig/v73521.pp_(IaC)_', 'secure_windows/manifests/stig/v73533.pp_(IaC)_', 'secure_windows/manifests/stig/v73541.pp_(IaC)_', 'secure_windows/manifests/stig/v73551.pp_(IaC)_', 'secure_windows/manifests/stig/v73611.pp_(IaC)_', 'secure_windows/manifests/stig/v73623.pp_(IaC)_', 'secure_windows/manifests/stig/v73625.pp_(IaC)_', 'secure_windows/manifests/stig/v73629.pp_(IaC)_', 'secure_windows/manifests/stig/v73631.pp_(IaC)_', 'secure_windows/manifests/stig/v73651.pp_(IaC)_', 'secure_windows/manifests/stig/v73707.pp_(IaC)_', 'secure_windows/manifests/stig/v73709.pp_(IaC)_', 'secure_windows/manifests/stig/v73711.pp_(IaC)_', 'secure_windows/manifests/stig/v73713.pp_(IaC)_', 'secure_windows/manifests/stig/v73715.pp_(IaC)_', 'secure_windows/manifests/stig/v73717.pp_(IaC)_', 'secure_windows/manifests/stig/v73719.pp_(IaC)_', 'secure_windows/manifests/stig/v73721.pp_(IaC)_', 'secure_windows/metadata.json_(Other)_']]",['57c95801736ff52925e8e3a48aadc5dd45e493d6'],[0.0],[0.0],[0],[0],[0]
[1],"[[294, 233, 170, 118, 102, 67, 266, 173, 113, 120, 183, 272, 125, 98, 130]]","[['secure_windows/manifests/stig/v73715.pp_(IaC)_', 'secure_windows/manifests/stig/v73807.pp_(IaC)_', 'secure_windows/manifests/stig/v73719.pp_(IaC)_', 'secure_windows/manifests/stig/v73673.pp_(IaC)_', 'secure_windows/manifests/stig/v73717.pp_(IaC)_', 'secure_windows/manifests/stig/v73685.pp_(IaC)_', 'secure_windows/manifests/stig/v73651.pp_(IaC)_', 'secure_windows/manifests/stig/v73709.pp_(IaC)_', 'secure_windows/manifests/stig/v73707.pp_(IaC)_', 'secure_windows/manifests/stig/v73713.pp_(IaC)_', 'secure_windows/manifests/stig/v73699.pp_(IaC)_', 'secure_windows/manifests/stig/v73725.pp_(IaC)_', 'secure_windows/manifests/stig/v73727.pp_(IaC)_', 'secure_windows/manifests/stig/v73723.pp_(IaC)_', 'secure_windows/manifests/stig/v73515.pp_(IaC)_']]","[['secure_windows/data/module.yaml_(Other)_', 'secure_windows/lib/facter/pki_certs.rb_(Other)_', 'secure_windows/lib/facter/tpm_version.rb_(Other)_', 'secure_windows/manifests/init.pp_(IaC)_', 'secure_windows/manifests/stig/v73223.pp_(IaC)_', 'secure_windows/manifests/stig/v73237.pp_(IaC)_', 'secure_windows/manifests/stig/v73263.pp_(IaC)_', 'secure_windows/manifests/stig/v73277.pp_(IaC)_', 'secure_windows/manifests/stig/v73279.pp_(IaC)_', 'secure_windows/manifests/stig/v73289.pp_(IaC)_', 'secure_windows/manifests/stig/v73303.pp_(IaC)_', 'secure_windows/manifests/stig/v73307.pp_(IaC)_', 'secure_windows/manifests/stig/v73381.pp_(IaC)_', 'secure_windows/manifests/stig/v73387.pp_(IaC)_', 'secure_windows/manifests/stig/v73495.pp_(IaC)_', 'secure_windows/manifests/stig/v73509.pp_(IaC)_', 'secure_windows/manifests/stig/v73513.pp_(IaC)_', 'secure_windows/manifests/stig/v73515.pp_(IaC)_', 'secure_windows/manifests/stig/v73517.pp_(IaC)_', 'secure_windows/manifests/stig/v73521.pp_(IaC)_', 'secure_windows/manifests/stig/v73533.pp_(IaC)_', 'secure_windows/manifests/stig/v73541.pp_(IaC)_', 'secure_windows/manifests/stig/v73551.pp_(IaC)_', 'secure_windows/manifests/stig/v73611.pp_(IaC)_', 'secure_windows/manifests/stig/v73623.pp_(IaC)_', 'secure_windows/manifests/stig/v73625.pp_(IaC)_', 'secure_windows/manifests/stig/v73629.pp_(IaC)_', 'secure_windows/manifests/stig/v73631.pp_(IaC)_', 'secure_windows/manifests/stig/v73651.pp_(IaC)_', 'secure_windows/manifests/stig/v73707.pp_(IaC)_', 'secure_windows/manifests/stig/v73709.pp_(IaC)_', 'secure_windows/manifests/stig/v73711.pp_(IaC)_', 'secure_windows/manifests/stig/v73713.pp_(IaC)_', 'secure_windows/manifests/stig/v73715.pp_(IaC)_', 'secure_windows/manifests/stig/v73717.pp_(IaC)_', 'secure_windows/manifests/stig/v73719.pp_(IaC)_', 'secure_windows/manifests/stig/v73721.pp_(IaC)_', 'secure_windows/metadata.json_(Other)_']]",['57c95801736ff52925e8e3a48aadc5dd45e493d6'],[1.0],[0.02631578947368421],[0.05128205128205127],[1],[1.0]
[1],"[[266, 290, 98, 113, 303, 294, 102, 272, 170, 120, 183, 233, 265, 67, 125, 118]]","[['secure_windows/manifests/stig/v73651.pp_(IaC)_', 'secure_windows/manifests/stig/v73721.pp_(IaC)_', 'secure_windows/manifests/stig/v73723.pp_(IaC)_', 'secure_windows/manifests/stig/v73707.pp_(IaC)_', 'secure_windows/manifests/stig/v73671.pp_(IaC)_', 'secure_windows/manifests/stig/v73715.pp_(IaC)_', 'secure_windows/manifests/stig/v73717.pp_(IaC)_', 'secure_windows/manifests/stig/v73725.pp_(IaC)_', 'secure_windows/manifests/stig/v73719.pp_(IaC)_', 'secure_windows/manifests/stig/v73713.pp_(IaC)_', 'secure_windows/manifests/stig/v73699.pp_(IaC)_', 'secure_windows/manifests/stig/v73807.pp_(IaC)_', 'secure_windows/manifests/stig/v73711.pp_(IaC)_', 'secure_windows/manifests/stig/v73685.pp_(IaC)_', 'secure_windows/manifests/stig/v73727.pp_(IaC)_', 'secure_windows/manifests/stig/v73673.pp_(IaC)_']]","[['secure_windows/data/module.yaml_(Other)_', 'secure_windows/lib/facter/pki_certs.rb_(Other)_', 'secure_windows/lib/facter/tpm_version.rb_(Other)_', 'secure_windows/manifests/init.pp_(IaC)_', 'secure_windows/manifests/stig/v73223.pp_(IaC)_', 'secure_windows/manifests/stig/v73237.pp_(IaC)_', 'secure_windows/manifests/stig/v73263.pp_(IaC)_', 'secure_windows/manifests/stig/v73277.pp_(IaC)_', 'secure_windows/manifests/stig/v73279.pp_(IaC)_', 'secure_windows/manifests/stig/v73289.pp_(IaC)_', 'secure_windows/manifests/stig/v73303.pp_(IaC)_', 'secure_windows/manifests/stig/v73307.pp_(IaC)_', 'secure_windows/manifests/stig/v73381.pp_(IaC)_', 'secure_windows/manifests/stig/v73387.pp_(IaC)_', 'secure_windows/manifests/stig/v73495.pp_(IaC)_', 'secure_windows/manifests/stig/v73509.pp_(IaC)_', 'secure_windows/manifests/stig/v73513.pp_(IaC)_', 'secure_windows/manifests/stig/v73515.pp_(IaC)_', 'secure_windows/manifests/stig/v73517.pp_(IaC)_', 'secure_windows/manifests/stig/v73521.pp_(IaC)_', 'secure_windows/manifests/stig/v73533.pp_(IaC)_', 'secure_windows/manifests/stig/v73541.pp_(IaC)_', 'secure_windows/manifests/stig/v73551.pp_(IaC)_', 'secure_windows/manifests/stig/v73611.pp_(IaC)_', 'secure_windows/manifests/stig/v73623.pp_(IaC)_', 'secure_windows/manifests/stig/v73625.pp_(IaC)_', 'secure_windows/manifests/stig/v73629.pp_(IaC)_', 'secure_windows/manifests/stig/v73631.pp_(IaC)_', 'secure_windows/manifests/stig/v73651.pp_(IaC)_', 'secure_windows/manifests/stig/v73707.pp_(IaC)_', 'secure_windows/manifests/stig/v73709.pp_(IaC)_', 'secure_windows/manifests/stig/v73711.pp_(IaC)_', 'secure_windows/manifests/stig/v73713.pp_(IaC)_', 'secure_windows/manifests/stig/v73715.pp_(IaC)_', 'secure_windows/manifests/stig/v73717.pp_(IaC)_', 'secure_windows/manifests/stig/v73719.pp_(IaC)_', 'secure_windows/manifests/stig/v73721.pp_(IaC)_', 'secure_windows/metadata.json_(Other)_']]",['57c95801736ff52925e8e3a48aadc5dd45e493d6'],[1.0],[0.02631578947368421],[0.05128205128205127],[1],[1.0]
[1],"[[98, 266, 233, 113, 118, 102, 125, 294, 173, 303, 272, 67, 290, 183, 120, 170, 130]]","[['secure_windows/manifests/stig/v73723.pp_(IaC)_', 'secure_windows/manifests/stig/v73651.pp_(IaC)_', 'secure_windows/manifests/stig/v73807.pp_(IaC)_', 'secure_windows/manifests/stig/v73707.pp_(IaC)_', 'secure_windows/manifests/stig/v73673.pp_(IaC)_', 'secure_windows/manifests/stig/v73717.pp_(IaC)_', 'secure_windows/manifests/stig/v73727.pp_(IaC)_', 'secure_windows/manifests/stig/v73715.pp_(IaC)_', 'secure_windows/manifests/stig/v73709.pp_(IaC)_', 'secure_windows/manifests/stig/v73671.pp_(IaC)_', 'secure_windows/manifests/stig/v73725.pp_(IaC)_', 'secure_windows/manifests/stig/v73685.pp_(IaC)_', 'secure_windows/manifests/stig/v73721.pp_(IaC)_', 'secure_windows/manifests/stig/v73699.pp_(IaC)_', 'secure_windows/manifests/stig/v73713.pp_(IaC)_', 'secure_windows/manifests/stig/v73719.pp_(IaC)_', 'secure_windows/manifests/stig/v73515.pp_(IaC)_']]","[['secure_windows/data/module.yaml_(Other)_', 'secure_windows/lib/facter/pki_certs.rb_(Other)_', 'secure_windows/lib/facter/tpm_version.rb_(Other)_', 'secure_windows/manifests/init.pp_(IaC)_', 'secure_windows/manifests/stig/v73223.pp_(IaC)_', 'secure_windows/manifests/stig/v73237.pp_(IaC)_', 'secure_windows/manifests/stig/v73263.pp_(IaC)_', 'secure_windows/manifests/stig/v73277.pp_(IaC)_', 'secure_windows/manifests/stig/v73279.pp_(IaC)_', 'secure_windows/manifests/stig/v73289.pp_(IaC)_', 'secure_windows/manifests/stig/v73303.pp_(IaC)_', 'secure_windows/manifests/stig/v73307.pp_(IaC)_', 'secure_windows/manifests/stig/v73381.pp_(IaC)_', 'secure_windows/manifests/stig/v73387.pp_(IaC)_', 'secure_windows/manifests/stig/v73495.pp_(IaC)_', 'secure_windows/manifests/stig/v73509.pp_(IaC)_', 'secure_windows/manifests/stig/v73513.pp_(IaC)_', 'secure_windows/manifests/stig/v73515.pp_(IaC)_', 'secure_windows/manifests/stig/v73517.pp_(IaC)_', 'secure_windows/manifests/stig/v73521.pp_(IaC)_', 'secure_windows/manifests/stig/v73533.pp_(IaC)_', 'secure_windows/manifests/stig/v73541.pp_(IaC)_', 'secure_windows/manifests/stig/v73551.pp_(IaC)_', 'secure_windows/manifests/stig/v73611.pp_(IaC)_', 'secure_windows/manifests/stig/v73623.pp_(IaC)_', 'secure_windows/manifests/stig/v73625.pp_(IaC)_', 'secure_windows/manifests/stig/v73629.pp_(IaC)_', 'secure_windows/manifests/stig/v73631.pp_(IaC)_', 'secure_windows/manifests/stig/v73651.pp_(IaC)_', 'secure_windows/manifests/stig/v73707.pp_(IaC)_', 'secure_windows/manifests/stig/v73709.pp_(IaC)_', 'secure_windows/manifests/stig/v73711.pp_(IaC)_', 'secure_windows/manifests/stig/v73713.pp_(IaC)_', 'secure_windows/manifests/stig/v73715.pp_(IaC)_', 'secure_windows/manifests/stig/v73717.pp_(IaC)_', 'secure_windows/manifests/stig/v73719.pp_(IaC)_', 'secure_windows/manifests/stig/v73721.pp_(IaC)_', 'secure_windows/metadata.json_(Other)_']]",['57c95801736ff52925e8e3a48aadc5dd45e493d6'],[0.0],[0.0],[0],[0],[0]
[1],"[[102, 98, 67, 120, 294, 290, 266, 272, 113, 183, 233, 125]]","[['secure_windows/manifests/stig/v73717.pp_(IaC)_', 'secure_windows/manifests/stig/v73723.pp_(IaC)_', 'secure_windows/manifests/stig/v73685.pp_(IaC)_', 'secure_windows/manifests/stig/v73713.pp_(IaC)_', 'secure_windows/manifests/stig/v73715.pp_(IaC)_', 'secure_windows/manifests/stig/v73721.pp_(IaC)_', 'secure_windows/manifests/stig/v73651.pp_(IaC)_', 'secure_windows/manifests/stig/v73725.pp_(IaC)_', 'secure_windows/manifests/stig/v73707.pp_(IaC)_', 'secure_windows/manifests/stig/v73699.pp_(IaC)_', 'secure_windows/manifests/stig/v73807.pp_(IaC)_', 'secure_windows/manifests/stig/v73727.pp_(IaC)_']]","[['secure_windows/data/module.yaml_(Other)_', 'secure_windows/lib/facter/pki_certs.rb_(Other)_', 'secure_windows/lib/facter/tpm_version.rb_(Other)_', 'secure_windows/manifests/init.pp_(IaC)_', 'secure_windows/manifests/stig/v73223.pp_(IaC)_', 'secure_windows/manifests/stig/v73237.pp_(IaC)_', 'secure_windows/manifests/stig/v73263.pp_(IaC)_', 'secure_windows/manifests/stig/v73277.pp_(IaC)_', 'secure_windows/manifests/stig/v73279.pp_(IaC)_', 'secure_windows/manifests/stig/v73289.pp_(IaC)_', 'secure_windows/manifests/stig/v73303.pp_(IaC)_', 'secure_windows/manifests/stig/v73307.pp_(IaC)_', 'secure_windows/manifests/stig/v73381.pp_(IaC)_', 'secure_windows/manifests/stig/v73387.pp_(IaC)_', 'secure_windows/manifests/stig/v73495.pp_(IaC)_', 'secure_windows/manifests/stig/v73509.pp_(IaC)_', 'secure_windows/manifests/stig/v73513.pp_(IaC)_', 'secure_windows/manifests/stig/v73515.pp_(IaC)_', 'secure_windows/manifests/stig/v73517.pp_(IaC)_', 'secure_windows/manifests/stig/v73521.pp_(IaC)_', 'secure_windows/manifests/stig/v73533.pp_(IaC)_', 'secure_windows/manifests/stig/v73541.pp_(IaC)_', 'secure_windows/manifests/stig/v73551.pp_(IaC)_', 'secure_windows/manifests/stig/v73611.pp_(IaC)_', 'secure_windows/manifests/stig/v73623.pp_(IaC)_', 'secure_windows/manifests/stig/v73625.pp_(IaC)_', 'secure_windows/manifests/stig/v73629.pp_(IaC)_', 'secure_windows/manifests/stig/v73631.pp_(IaC)_', 'secure_windows/manifests/stig/v73651.pp_(IaC)_', 'secure_windows/manifests/stig/v73707.pp_(IaC)_', 'secure_windows/manifests/stig/v73709.pp_(IaC)_', 'secure_windows/manifests/stig/v73711.pp_(IaC)_', 'secure_windows/manifests/stig/v73713.pp_(IaC)_', 'secure_windows/manifests/stig/v73715.pp_(IaC)_', 'secure_windows/manifests/stig/v73717.pp_(IaC)_', 'secure_windows/manifests/stig/v73719.pp_(IaC)_', 'secure_windows/manifests/stig/v73721.pp_(IaC)_', 'secure_windows/metadata.json_(Other)_']]",['57c95801736ff52925e8e3a48aadc5dd45e493d6'],[1.0],[0.02631578947368421],[0.05128205128205127],[1],[1.0]
[1],"[[272, 67, 294, 125, 183, 290, 118, 266, 98, 233, 173, 113, 102, 170, 120]]","[['secure_windows/manifests/stig/v73725.pp_(IaC)_', 'secure_windows/manifests/stig/v73685.pp_(IaC)_', 'secure_windows/manifests/stig/v73715.pp_(IaC)_', 'secure_windows/manifests/stig/v73727.pp_(IaC)_', 'secure_windows/manifests/stig/v73699.pp_(IaC)_', 'secure_windows/manifests/stig/v73721.pp_(IaC)_', 'secure_windows/manifests/stig/v73673.pp_(IaC)_', 'secure_windows/manifests/stig/v73651.pp_(IaC)_', 'secure_windows/manifests/stig/v73723.pp_(IaC)_', 'secure_windows/manifests/stig/v73807.pp_(IaC)_', 'secure_windows/manifests/stig/v73709.pp_(IaC)_', 'secure_windows/manifests/stig/v73707.pp_(IaC)_', 'secure_windows/manifests/stig/v73717.pp_(IaC)_', 'secure_windows/manifests/stig/v73719.pp_(IaC)_', 'secure_windows/manifests/stig/v73713.pp_(IaC)_']]","[['secure_windows/data/module.yaml_(Other)_', 'secure_windows/lib/facter/pki_certs.rb_(Other)_', 'secure_windows/lib/facter/tpm_version.rb_(Other)_', 'secure_windows/manifests/init.pp_(IaC)_', 'secure_windows/manifests/stig/v73223.pp_(IaC)_', 'secure_windows/manifests/stig/v73237.pp_(IaC)_', 'secure_windows/manifests/stig/v73263.pp_(IaC)_', 'secure_windows/manifests/stig/v73277.pp_(IaC)_', 'secure_windows/manifests/stig/v73279.pp_(IaC)_', 'secure_windows/manifests/stig/v73289.pp_(IaC)_', 'secure_windows/manifests/stig/v73303.pp_(IaC)_', 'secure_windows/manifests/stig/v73307.pp_(IaC)_', 'secure_windows/manifests/stig/v73381.pp_(IaC)_', 'secure_windows/manifests/stig/v73387.pp_(IaC)_', 'secure_windows/manifests/stig/v73495.pp_(IaC)_', 'secure_windows/manifests/stig/v73509.pp_(IaC)_', 'secure_windows/manifests/stig/v73513.pp_(IaC)_', 'secure_windows/manifests/stig/v73515.pp_(IaC)_', 'secure_windows/manifests/stig/v73517.pp_(IaC)_', 'secure_windows/manifests/stig/v73521.pp_(IaC)_', 'secure_windows/manifests/stig/v73533.pp_(IaC)_', 'secure_windows/manifests/stig/v73541.pp_(IaC)_', 'secure_windows/manifests/stig/v73551.pp_(IaC)_', 'secure_windows/manifests/stig/v73611.pp_(IaC)_', 'secure_windows/manifests/stig/v73623.pp_(IaC)_', 'secure_windows/manifests/stig/v73625.pp_(IaC)_', 'secure_windows/manifests/stig/v73629.pp_(IaC)_', 'secure_windows/manifests/stig/v73631.pp_(IaC)_', 'secure_windows/manifests/stig/v73651.pp_(IaC)_', 'secure_windows/manifests/stig/v73707.pp_(IaC)_', 'secure_windows/manifests/stig/v73709.pp_(IaC)_', 'secure_windows/manifests/stig/v73711.pp_(IaC)_', 'secure_windows/manifests/stig/v73713.pp_(IaC)_', 'secure_windows/manifests/stig/v73715.pp_(IaC)_', 'secure_windows/manifests/stig/v73717.pp_(IaC)_', 'secure_windows/manifests/stig/v73719.pp_(IaC)_', 'secure_windows/manifests/stig/v73721.pp_(IaC)_', 'secure_windows/metadata.json_(Other)_']]",['57c95801736ff52925e8e3a48aadc5dd45e493d6'],[0.0],[0.0],[0],[0],[0]
[1],"[[170, 233, 266, 173, 183, 102, 272, 98, 113, 120, 130, 67, 125, 118]]","[['secure_windows/manifests/stig/v73719.pp_(IaC)_', 'secure_windows/manifests/stig/v73807.pp_(IaC)_', 'secure_windows/manifests/stig/v73651.pp_(IaC)_', 'secure_windows/manifests/stig/v73709.pp_(IaC)_', 'secure_windows/manifests/stig/v73699.pp_(IaC)_', 'secure_windows/manifests/stig/v73717.pp_(IaC)_', 'secure_windows/manifests/stig/v73725.pp_(IaC)_', 'secure_windows/manifests/stig/v73723.pp_(IaC)_', 'secure_windows/manifests/stig/v73707.pp_(IaC)_', 'secure_windows/manifests/stig/v73713.pp_(IaC)_', 'secure_windows/manifests/stig/v73515.pp_(IaC)_', 'secure_windows/manifests/stig/v73685.pp_(IaC)_', 'secure_windows/manifests/stig/v73727.pp_(IaC)_', 'secure_windows/manifests/stig/v73673.pp_(IaC)_']]","[['secure_windows/data/module.yaml_(Other)_', 'secure_windows/lib/facter/pki_certs.rb_(Other)_', 'secure_windows/lib/facter/tpm_version.rb_(Other)_', 'secure_windows/manifests/init.pp_(IaC)_', 'secure_windows/manifests/stig/v73223.pp_(IaC)_', 'secure_windows/manifests/stig/v73237.pp_(IaC)_', 'secure_windows/manifests/stig/v73263.pp_(IaC)_', 'secure_windows/manifests/stig/v73277.pp_(IaC)_', 'secure_windows/manifests/stig/v73279.pp_(IaC)_', 'secure_windows/manifests/stig/v73289.pp_(IaC)_', 'secure_windows/manifests/stig/v73303.pp_(IaC)_', 'secure_windows/manifests/stig/v73307.pp_(IaC)_', 'secure_windows/manifests/stig/v73381.pp_(IaC)_', 'secure_windows/manifests/stig/v73387.pp_(IaC)_', 'secure_windows/manifests/stig/v73495.pp_(IaC)_', 'secure_windows/manifests/stig/v73509.pp_(IaC)_', 'secure_windows/manifests/stig/v73513.pp_(IaC)_', 'secure_windows/manifests/stig/v73515.pp_(IaC)_', 'secure_windows/manifests/stig/v73517.pp_(IaC)_', 'secure_windows/manifests/stig/v73521.pp_(IaC)_', 'secure_windows/manifests/stig/v73533.pp_(IaC)_', 'secure_windows/manifests/stig/v73541.pp_(IaC)_', 'secure_windows/manifests/stig/v73551.pp_(IaC)_', 'secure_windows/manifests/stig/v73611.pp_(IaC)_', 'secure_windows/manifests/stig/v73623.pp_(IaC)_', 'secure_windows/manifests/stig/v73625.pp_(IaC)_', 'secure_windows/manifests/stig/v73629.pp_(IaC)_', 'secure_windows/manifests/stig/v73631.pp_(IaC)_', 'secure_windows/manifests/stig/v73651.pp_(IaC)_', 'secure_windows/manifests/stig/v73707.pp_(IaC)_', 'secure_windows/manifests/stig/v73709.pp_(IaC)_', 'secure_windows/manifests/stig/v73711.pp_(IaC)_', 'secure_windows/manifests/stig/v73713.pp_(IaC)_', 'secure_windows/manifests/stig/v73715.pp_(IaC)_', 'secure_windows/manifests/stig/v73717.pp_(IaC)_', 'secure_windows/manifests/stig/v73719.pp_(IaC)_', 'secure_windows/manifests/stig/v73721.pp_(IaC)_', 'secure_windows/metadata.json_(Other)_']]",['57c95801736ff52925e8e3a48aadc5dd45e493d6'],[1.0],[0.02631578947368421],[0.05128205128205127],[1],[1.0]
[1],"[[98, 284, 102, 265, 294, 183, 266, 272, 125, 256, 170, 281, 303, 113, 233, 290, 120, 67]]","[['secure_windows/manifests/stig/v73723.pp_(IaC)_', 'secure_windows/manifests/stig/v73701.pp_(IaC)_', 'secure_windows/manifests/stig/v73717.pp_(IaC)_', 'secure_windows/manifests/stig/v73711.pp_(IaC)_', 'secure_windows/manifests/stig/v73715.pp_(IaC)_', 'secure_windows/manifests/stig/v73699.pp_(IaC)_', 'secure_windows/manifests/stig/v73651.pp_(IaC)_', 'secure_windows/manifests/stig/v73725.pp_(IaC)_', 'secure_windows/manifests/stig/v73727.pp_(IaC)_', 'secure_windows/manifests/stig/v73687.pp_(IaC)_', 'secure_windows/manifests/stig/v73719.pp_(IaC)_', 'secure_windows/manifests/stig/v73517.pp_(IaC)_', 'secure_windows/manifests/stig/v73671.pp_(IaC)_', 'secure_windows/manifests/stig/v73707.pp_(IaC)_', 'secure_windows/manifests/stig/v73807.pp_(IaC)_', 'secure_windows/manifests/stig/v73721.pp_(IaC)_', 'secure_windows/manifests/stig/v73713.pp_(IaC)_', 'secure_windows/manifests/stig/v73685.pp_(IaC)_']]","[['secure_windows/data/module.yaml_(Other)_', 'secure_windows/lib/facter/pki_certs.rb_(Other)_', 'secure_windows/lib/facter/tpm_version.rb_(Other)_', 'secure_windows/manifests/init.pp_(IaC)_', 'secure_windows/manifests/stig/v73223.pp_(IaC)_', 'secure_windows/manifests/stig/v73237.pp_(IaC)_', 'secure_windows/manifests/stig/v73263.pp_(IaC)_', 'secure_windows/manifests/stig/v73277.pp_(IaC)_', 'secure_windows/manifests/stig/v73279.pp_(IaC)_', 'secure_windows/manifests/stig/v73289.pp_(IaC)_', 'secure_windows/manifests/stig/v73303.pp_(IaC)_', 'secure_windows/manifests/stig/v73307.pp_(IaC)_', 'secure_windows/manifests/stig/v73381.pp_(IaC)_', 'secure_windows/manifests/stig/v73387.pp_(IaC)_', 'secure_windows/manifests/stig/v73495.pp_(IaC)_', 'secure_windows/manifests/stig/v73509.pp_(IaC)_', 'secure_windows/manifests/stig/v73513.pp_(IaC)_', 'secure_windows/manifests/stig/v73515.pp_(IaC)_', 'secure_windows/manifests/stig/v73517.pp_(IaC)_', 'secure_windows/manifests/stig/v73521.pp_(IaC)_', 'secure_windows/manifests/stig/v73533.pp_(IaC)_', 'secure_windows/manifests/stig/v73541.pp_(IaC)_', 'secure_windows/manifests/stig/v73551.pp_(IaC)_', 'secure_windows/manifests/stig/v73611.pp_(IaC)_', 'secure_windows/manifests/stig/v73623.pp_(IaC)_', 'secure_windows/manifests/stig/v73625.pp_(IaC)_', 'secure_windows/manifests/stig/v73629.pp_(IaC)_', 'secure_windows/manifests/stig/v73631.pp_(IaC)_', 'secure_windows/manifests/stig/v73651.pp_(IaC)_', 'secure_windows/manifests/stig/v73707.pp_(IaC)_', 'secure_windows/manifests/stig/v73709.pp_(IaC)_', 'secure_windows/manifests/stig/v73711.pp_(IaC)_', 'secure_windows/manifests/stig/v73713.pp_(IaC)_', 'secure_windows/manifests/stig/v73715.pp_(IaC)_', 'secure_windows/manifests/stig/v73717.pp_(IaC)_', 'secure_windows/manifests/stig/v73719.pp_(IaC)_', 'secure_windows/manifests/stig/v73721.pp_(IaC)_', 'secure_windows/metadata.json_(Other)_']]",['57c95801736ff52925e8e3a48aadc5dd45e493d6'],[0.0],[0.0],[0],[0],[0]
