NB_recommended_files,Best_solution,Recommended_files,Co_modified_files,Commits_hash,PRECISION,RECALL,FSCORE,SUCCESS_RATE,MRR
"[10, 10]","[[430, 375, 365, 438, 13, 273, 445, 567, 62, 529, 93], [430, 375, 365, 438, 13, 273, 445, 567, 62, 529, 93]]","[['matrix-docker-ansible-deploy/roles/custom/matrix-bridge-mautrix-discord/tasks/main.yml_(IaC)_', 'matrix-docker-ansible-deploy/roles/custom/matrix-ma1sd/tasks/main.yml_(IaC)_', 'matrix-docker-ansible-deploy/roles/custom/matrix-cactus-comments/tasks/main.yml_(IaC)_', 'matrix-docker-ansible-deploy/roles/custom/matrix-ldap-registration-proxy/tasks/main.yml_(IaC)_', 'matrix-docker-ansible-deploy/roles/custom/matrix-client-element/tasks/main.yml_(IaC)_', 'matrix-docker-ansible-deploy/roles/custom/matrix-corporal/tasks/main.yml_(IaC)_', 'matrix-docker-ansible-deploy/roles/custom/matrix-bridge-go-skype-bridge/tasks/main.yml_(IaC)_', 'matrix-docker-ansible-deploy/roles/custom/matrix-bridge-appservice-irc/defaults/main.yml_(Other)_', 'matrix-docker-ansible-deploy/roles/custom/matrix-synapse-auto-compressor/templates/matrix-synapse-auto-compressor.timer.j2_(Other)_', 'matrix-docker-ansible-deploy/roles/custom/matrix-bridge-appservice-webhooks/templates/config.yaml.j2_(Other)_', 'matrix-docker-ansible-deploy/roles/custom/matrix-bridge-sms/tasks/main.yml_(IaC)_'], ['matrix-docker-ansible-deploy/roles/custom/matrix-bridge-mautrix-discord/tasks/main.yml_(IaC)_', 'matrix-docker-ansible-deploy/roles/custom/matrix-ma1sd/tasks/main.yml_(IaC)_', 'matrix-docker-ansible-deploy/roles/custom/matrix-cactus-comments/tasks/main.yml_(IaC)_', 'matrix-docker-ansible-deploy/roles/custom/matrix-ldap-registration-proxy/tasks/main.yml_(IaC)_', 'matrix-docker-ansible-deploy/roles/custom/matrix-client-element/tasks/main.yml_(IaC)_', 'matrix-docker-ansible-deploy/roles/custom/matrix-corporal/tasks/main.yml_(IaC)_', 'matrix-docker-ansible-deploy/roles/custom/matrix-bridge-go-skype-bridge/tasks/main.yml_(IaC)_', 'matrix-docker-ansible-deploy/roles/custom/matrix-bridge-appservice-irc/defaults/main.yml_(Other)_', 'matrix-docker-ansible-deploy/roles/custom/matrix-synapse-auto-compressor/templates/matrix-synapse-auto-compressor.timer.j2_(Other)_', 'matrix-docker-ansible-deploy/roles/custom/matrix-bridge-appservice-webhooks/templates/config.yaml.j2_(Other)_', 'matrix-docker-ansible-deploy/roles/custom/matrix-bridge-sms/tasks/main.yml_(IaC)_']]","[['matrix-docker-ansible-deploy/roles/custom/matrix-bridge-mautrix-facebook/tasks/inject_into_nginx_proxy.yml_(IaC)_', 'matrix-docker-ansible-deploy/roles/custom/matrix-bridge-mautrix-instagram/tasks/inject_into_nginx_proxy.yml_(IaC)_', 'matrix-docker-ansible-deploy/roles/custom/matrix-bridge-mautrix-instagram/tasks/main.yml_(IaC)_', 'matrix-docker-ansible-deploy/roles/custom/matrix-bridge-mautrix-signal/tasks/inject_into_nginx_proxy.yml_(IaC)_', 'matrix-docker-ansible-deploy/roles/custom/matrix-bridge-mautrix-signal/tasks/main.yml_(IaC)_', 'matrix-docker-ansible-deploy/roles/custom/matrix-bridge-mautrix-twitter/tasks/inject_into_nginx_proxy.yml_(IaC)_', 'matrix-docker-ansible-deploy/roles/custom/matrix-bridge-mautrix-twitter/tasks/main.yml_(IaC)_', 'matrix-docker-ansible-deploy/roles/custom/matrix-bridge-mautrix-whatsapp/defaults/main.yml_(Other)_', 'matrix-docker-ansible-deploy/roles/custom/matrix-bridge-mautrix-whatsapp/tasks/inject_into_nginx_proxy.yml_(IaC)_'], ['matrix-docker-ansible-deploy/roles/custom/etherpad-proxy-connect/tasks/main.yml_(IaC)_', 'matrix-docker-ansible-deploy/roles/custom/etherpad-proxy-connect/tasks/validate_config.yml_(IaC)_', 'matrix-docker-ansible-deploy/roles/custom/matrix-aux/tasks/main.yml_(IaC)_', 'matrix-docker-ansible-deploy/roles/custom/matrix-base/tasks/main.yml_(IaC)_', 'matrix-docker-ansible-deploy/roles/custom/matrix-bot-buscarron/tasks/main.yml_(IaC)_', 'matrix-docker-ansible-deploy/roles/custom/matrix-bot-chatgpt/tasks/main.yml_(IaC)_', 'matrix-docker-ansible-deploy/roles/custom/matrix-bot-draupnir/tasks/main.yml_(IaC)_', 'matrix-docker-ansible-deploy/roles/custom/matrix-bot-go-neb/tasks/main.yml_(IaC)_', 'matrix-docker-ansible-deploy/roles/custom/matrix-bot-honoroit/tasks/main.yml_(IaC)_', 'matrix-docker-ansible-deploy/roles/custom/matrix-bot-matrix-registration-bot/tasks/main.yml_(IaC)_', 'matrix-docker-ansible-deploy/roles/custom/matrix-bot-matrix-reminder-bot/tasks/main.yml_(IaC)_', 'matrix-docker-ansible-deploy/roles/custom/matrix-bot-maubot/tasks/main.yml_(IaC)_', 'matrix-docker-ansible-deploy/roles/custom/matrix-bot-mjolnir/tasks/main.yml_(IaC)_', 'matrix-docker-ansible-deploy/roles/custom/matrix-bot-postmoogle/tasks/main.yml_(IaC)_', 'matrix-docker-ansible-deploy/roles/custom/matrix-bridge-appservice-discord/tasks/main.yml_(IaC)_', 'matrix-docker-ansible-deploy/roles/custom/matrix-bridge-appservice-discord/tasks/setup_install.yml_(IaC)_', 'matrix-docker-ansible-deploy/roles/custom/matrix-bridge-appservice-irc/tasks/main.yml_(IaC)_', 'matrix-docker-ansible-deploy/roles/custom/matrix-bridge-appservice-irc/tasks/setup_install.yml_(IaC)_', 'matrix-docker-ansible-deploy/roles/custom/matrix-bridge-appservice-kakaotalk/tasks/main.yml_(IaC)_', 'matrix-docker-ansible-deploy/roles/custom/matrix-bridge-appservice-slack/tasks/main.yml_(IaC)_', 'matrix-docker-ansible-deploy/roles/custom/matrix-bridge-appservice-webhooks/tasks/main.yml_(IaC)_', 'matrix-docker-ansible-deploy/roles/custom/matrix-bridge-beeper-linkedin/tasks/main.yml_(IaC)_', 'matrix-docker-ansible-deploy/roles/custom/matrix-bridge-go-skype-bridge/tasks/main.yml_(IaC)_', 'matrix-docker-ansible-deploy/roles/custom/matrix-bridge-go-skype-bridge/tasks/setup_install.yml_(IaC)_', 'matrix-docker-ansible-deploy/roles/custom/matrix-bridge-heisenbridge/tasks/main.yml_(IaC)_', 'matrix-docker-ansible-deploy/roles/custom/matrix-bridge-hookshot/defaults/main.yml_(Other)_', 'matrix-docker-ansible-deploy/roles/custom/matrix-bridge-hookshot/tasks/main.yml_(IaC)_', 'matrix-docker-ansible-deploy/roles/custom/matrix-bridge-hookshot/tasks/setup_install.yml_(IaC)_', 'matrix-docker-ansible-deploy/roles/custom/matrix-bridge-mautrix-discord/tasks/main.yml_(IaC)_', 'matrix-docker-ansible-deploy/roles/custom/matrix-bridge-mautrix-facebook/tasks/main.yml_(IaC)_', 'matrix-docker-ansible-deploy/roles/custom/matrix-bridge-mautrix-facebook/tasks/setup_install.yml_(IaC)_', 'matrix-docker-ansible-deploy/roles/custom/matrix-bridge-mautrix-googlechat/tasks/main.yml_(IaC)_', 'matrix-docker-ansible-deploy/roles/custom/matrix-bridge-mautrix-googlechat/tasks/setup_install.yml_(IaC)_', 'matrix-docker-ansible-deploy/roles/custom/matrix-bridge-mautrix-hangouts/tasks/main.yml_(IaC)_', 'matrix-docker-ansible-deploy/roles/custom/matrix-bridge-mautrix-hangouts/tasks/setup_install.yml_(IaC)_', 'matrix-docker-ansible-deploy/roles/custom/matrix-bridge-mautrix-instagram/tasks/main.yml_(IaC)_', 'matrix-docker-ansible-deploy/roles/custom/matrix-bridge-mautrix-signal/tasks/main.yml_(IaC)_', 'matrix-docker-ansible-deploy/roles/custom/matrix-bridge-mautrix-slack/tasks/main.yml_(IaC)_', 'matrix-docker-ansible-deploy/roles/custom/matrix-bridge-mautrix-telegram/tasks/main.yml_(IaC)_', 'matrix-docker-ansible-deploy/roles/custom/matrix-bridge-mautrix-telegram/tasks/setup_install.yml_(IaC)_', 'matrix-docker-ansible-deploy/roles/custom/matrix-bridge-mautrix-twitter/tasks/main.yml_(IaC)_', 'matrix-docker-ansible-deploy/roles/custom/matrix-bridge-mautrix-whatsapp/tasks/setup_install.yml_(IaC)_', 'matrix-docker-ansible-deploy/roles/custom/matrix-bridge-mx-puppet-discord/tasks/main.yml_(IaC)_', 'matrix-docker-ansible-deploy/roles/custom/matrix-bridge-mx-puppet-groupme/tasks/main.yml_(IaC)_', 'matrix-docker-ansible-deploy/roles/custom/matrix-bridge-mx-puppet-groupme/tasks/setup_install.yml_(IaC)_', 'matrix-docker-ansible-deploy/roles/custom/matrix-bridge-mx-puppet-instagram/tasks/main.yml_(IaC)_', 'matrix-docker-ansible-deploy/roles/custom/matrix-bridge-mx-puppet-slack/tasks/main.yml_(IaC)_', 'matrix-docker-ansible-deploy/roles/custom/matrix-bridge-mx-puppet-slack/tasks/setup_install.yml_(IaC)_', 'matrix-docker-ansible-deploy/roles/custom/matrix-bridge-mx-puppet-steam/tasks/main.yml_(IaC)_', 'matrix-docker-ansible-deploy/roles/custom/matrix-bridge-mx-puppet-steam/tasks/setup_install.yml_(IaC)_', 'matrix-docker-ansible-deploy/roles/custom/matrix-bridge-mx-puppet-twitter/tasks/main.yml_(IaC)_', 'matrix-docker-ansible-deploy/roles/custom/matrix-bridge-mx-puppet-twitter/tasks/setup_install.yml_(IaC)_', 'matrix-docker-ansible-deploy/roles/custom/matrix-bridge-sms/tasks/main.yml_(IaC)_', 'matrix-docker-ansible-deploy/roles/custom/matrix-cactus-comments/tasks/main.yml_(IaC)_', 'matrix-docker-ansible-deploy/roles/custom/matrix-client-cinny/tasks/main.yml_(IaC)_', 'matrix-docker-ansible-deploy/roles/custom/matrix-client-element/tasks/main.yml_(IaC)_', 'matrix-docker-ansible-deploy/roles/custom/matrix-client-element/tasks/setup_install.yml_(IaC)_', 'matrix-docker-ansible-deploy/roles/custom/matrix-client-hydrogen/tasks/main.yml_(IaC)_', 'matrix-docker-ansible-deploy/roles/custom/matrix-common-after/tasks/main.yml_(IaC)_', 'matrix-docker-ansible-deploy/roles/custom/matrix-conduit/tasks/main.yml_(IaC)_', 'matrix-docker-ansible-deploy/roles/custom/matrix-corporal/tasks/main.yml_(IaC)_', 'matrix-docker-ansible-deploy/roles/custom/matrix-coturn/tasks/main.yml_(IaC)_', 'matrix-docker-ansible-deploy/roles/custom/matrix-coturn/tasks/setup_install.yml_(IaC)_', 'matrix-docker-ansible-deploy/roles/custom/matrix-dendrite/tasks/main.yml_(IaC)_', 'matrix-docker-ansible-deploy/roles/custom/matrix-dendrite/tasks/setup_install.yml_(IaC)_', 'matrix-docker-ansible-deploy/roles/custom/matrix-dimension/tasks/main.yml_(IaC)_', 'matrix-docker-ansible-deploy/roles/custom/matrix-dynamic-dns/tasks/main.yml_(IaC)_', 'matrix-docker-ansible-deploy/roles/custom/matrix-email2matrix/tasks/main.yml_(IaC)_', 'matrix-docker-ansible-deploy/roles/custom/matrix-jitsi/tasks/main.yml_(IaC)_', 'matrix-docker-ansible-deploy/roles/custom/matrix-jitsi/tasks/util/setup_jitsi_auth_uvs_install.yml_(IaC)_', 'matrix-docker-ansible-deploy/roles/custom/matrix-ldap-registration-proxy/tasks/main.yml_(IaC)_', 'matrix-docker-ansible-deploy/roles/custom/matrix-ma1sd/tasks/main.yml_(IaC)_', 'matrix-docker-ansible-deploy/roles/custom/matrix-ma1sd/tasks/setup_install.yml_(IaC)_', 'matrix-docker-ansible-deploy/roles/custom/matrix-mailer/tasks/main.yml_(IaC)_', 'matrix-docker-ansible-deploy/roles/custom/matrix-nginx-proxy/tasks/main.yml_(IaC)_', 'matrix-docker-ansible-deploy/roles/custom/matrix-nginx-proxy/tasks/ssl/setup_ssl_lets_encrypt_obtain_for_domain.yml_(IaC)_', 'matrix-docker-ansible-deploy/roles/custom/matrix-nginx-proxy/tasks/ssl/setup_ssl_self_signed_obtain_for_domain.yml_(IaC)_', 'matrix-docker-ansible-deploy/roles/custom/matrix-prometheus-nginxlog-exporter/tasks/main.yml_(IaC)_', 'matrix-docker-ansible-deploy/roles/custom/matrix-prometheus-services-proxy-connect/tasks/main.yml_(IaC)_', 'matrix-docker-ansible-deploy/roles/custom/matrix-prometheus/tasks/main.yml_(IaC)_', 'matrix-docker-ansible-deploy/roles/custom/matrix-rageshake/tasks/install.yml_(IaC)_', 'matrix-docker-ansible-deploy/roles/custom/matrix-rageshake/tasks/main.yml_(IaC)_', 'matrix-docker-ansible-deploy/roles/custom/matrix-registration/tasks/main.yml_(IaC)_', 'matrix-docker-ansible-deploy/roles/custom/matrix-sliding-sync/tasks/install.yml_(IaC)_', 'matrix-docker-ansible-deploy/roles/custom/matrix-sliding-sync/tasks/main.yml_(IaC)_', 'matrix-docker-ansible-deploy/roles/custom/matrix-sygnal/tasks/main.yml_(IaC)_', 'matrix-docker-ansible-deploy/roles/custom/matrix-synapse-admin/tasks/main.yml_(IaC)_', 'matrix-docker-ansible-deploy/roles/custom/matrix-synapse-reverse-proxy-companion/tasks/main.yml_(IaC)_', 'matrix-docker-ansible-deploy/roles/custom/matrix-synapse/tasks/ext/setup_install.yml_(IaC)_', 'matrix-docker-ansible-deploy/roles/custom/matrix-synapse/tasks/ext/setup_uninstall.yml_(IaC)_', 'matrix-docker-ansible-deploy/roles/custom/matrix-synapse/tasks/main.yml_(IaC)_', 'matrix-docker-ansible-deploy/roles/custom/matrix-synapse/tasks/setup_install.yml_(IaC)_', 'matrix-docker-ansible-deploy/roles/custom/matrix-synapse/tasks/setup_uninstall.yml_(IaC)_', 'matrix-docker-ansible-deploy/roles/custom/matrix-synapse/tasks/synapse/setup_install.yml_(IaC)_', 'matrix-docker-ansible-deploy/roles/custom/matrix-user-creator/tasks/main.yml_(IaC)_', 'matrix-docker-ansible-deploy/roles/custom/matrix-user-verification-service/tasks/main.yml_(IaC)_', 'matrix-docker-ansible-deploy/roles/custom/matrix_playbook_migration/tasks/main.yml_(IaC)_']]","['9eaf6944e3c6d8ea8f1094dc515713053e190573', 'dddfee16bc852fc989b057bd1867f0e85825846d']","[0.0, 0.7]","[0.0, 0.07216494845360824]","[0, 0.1308411214953271]","[0, 1]","[0, 1.0]"
"[10, 10]","[[231, 390, 557, 164, 430, 358, 415, 24, 406, 184], [231, 390, 557, 164, 430, 358, 415, 24, 406, 184]]","[['matrix-docker-ansible-deploy/roles/custom/matrix-nginx-proxy/tasks/main.yml_(IaC)_', 'matrix-docker-ansible-deploy/roles/custom/matrix-mailer/tasks/main.yml_(IaC)_', 'matrix-docker-ansible-deploy/roles/custom/matrix-dendrite/tasks/main.yml_(IaC)_', 'matrix-docker-ansible-deploy/roles/custom/matrix-bridge-mautrix-facebook/tasks/main.yml_(IaC)_', 'matrix-docker-ansible-deploy/roles/custom/matrix-bridge-mautrix-discord/tasks/main.yml_(IaC)_', 'matrix-docker-ansible-deploy/roles/custom/matrix-bridge-mx-puppet-discord/defaults/main.yml_(Other)_', 'matrix-docker-ansible-deploy/roles/custom/matrix-user-creator/tasks/util/ensure_user_registered_conduit.yml_(IaC)_', 'matrix-docker-ansible-deploy/roles/custom/matrix-conduit/tasks/main.yml_(IaC)_', 'matrix-docker-ansible-deploy/roles/custom/matrix-bridge-appservice-slack/tasks/main.yml_(IaC)_', 'matrix-docker-ansible-deploy/roles/custom/matrix-dimension/tasks/validate_config.yml_(IaC)_'], ['matrix-docker-ansible-deploy/roles/custom/matrix-nginx-proxy/tasks/main.yml_(IaC)_', 'matrix-docker-ansible-deploy/roles/custom/matrix-mailer/tasks/main.yml_(IaC)_', 'matrix-docker-ansible-deploy/roles/custom/matrix-dendrite/tasks/main.yml_(IaC)_', 'matrix-docker-ansible-deploy/roles/custom/matrix-bridge-mautrix-facebook/tasks/main.yml_(IaC)_', 'matrix-docker-ansible-deploy/roles/custom/matrix-bridge-mautrix-discord/tasks/main.yml_(IaC)_', 'matrix-docker-ansible-deploy/roles/custom/matrix-bridge-mx-puppet-discord/defaults/main.yml_(Other)_', 'matrix-docker-ansible-deploy/roles/custom/matrix-user-creator/tasks/util/ensure_user_registered_conduit.yml_(IaC)_', 'matrix-docker-ansible-deploy/roles/custom/matrix-conduit/tasks/main.yml_(IaC)_', 'matrix-docker-ansible-deploy/roles/custom/matrix-bridge-appservice-slack/tasks/main.yml_(IaC)_', 'matrix-docker-ansible-deploy/roles/custom/matrix-dimension/tasks/validate_config.yml_(IaC)_']]","[['matrix-docker-ansible-deploy/roles/custom/matrix-bridge-mautrix-facebook/tasks/inject_into_nginx_proxy.yml_(IaC)_', 'matrix-docker-ansible-deploy/roles/custom/matrix-bridge-mautrix-instagram/tasks/inject_into_nginx_proxy.yml_(IaC)_', 'matrix-docker-ansible-deploy/roles/custom/matrix-bridge-mautrix-instagram/tasks/main.yml_(IaC)_', 'matrix-docker-ansible-deploy/roles/custom/matrix-bridge-mautrix-signal/tasks/inject_into_nginx_proxy.yml_(IaC)_', 'matrix-docker-ansible-deploy/roles/custom/matrix-bridge-mautrix-signal/tasks/main.yml_(IaC)_', 'matrix-docker-ansible-deploy/roles/custom/matrix-bridge-mautrix-twitter/tasks/inject_into_nginx_proxy.yml_(IaC)_', 'matrix-docker-ansible-deploy/roles/custom/matrix-bridge-mautrix-twitter/tasks/main.yml_(IaC)_', 'matrix-docker-ansible-deploy/roles/custom/matrix-bridge-mautrix-whatsapp/defaults/main.yml_(Other)_', 'matrix-docker-ansible-deploy/roles/custom/matrix-bridge-mautrix-whatsapp/tasks/inject_into_nginx_proxy.yml_(IaC)_'], ['matrix-docker-ansible-deploy/roles/custom/etherpad-proxy-connect/tasks/main.yml_(IaC)_', 'matrix-docker-ansible-deploy/roles/custom/etherpad-proxy-connect/tasks/validate_config.yml_(IaC)_', 'matrix-docker-ansible-deploy/roles/custom/matrix-aux/tasks/main.yml_(IaC)_', 'matrix-docker-ansible-deploy/roles/custom/matrix-base/tasks/main.yml_(IaC)_', 'matrix-docker-ansible-deploy/roles/custom/matrix-bot-buscarron/tasks/main.yml_(IaC)_', 'matrix-docker-ansible-deploy/roles/custom/matrix-bot-chatgpt/tasks/main.yml_(IaC)_', 'matrix-docker-ansible-deploy/roles/custom/matrix-bot-draupnir/tasks/main.yml_(IaC)_', 'matrix-docker-ansible-deploy/roles/custom/matrix-bot-go-neb/tasks/main.yml_(IaC)_', 'matrix-docker-ansible-deploy/roles/custom/matrix-bot-honoroit/tasks/main.yml_(IaC)_', 'matrix-docker-ansible-deploy/roles/custom/matrix-bot-matrix-registration-bot/tasks/main.yml_(IaC)_', 'matrix-docker-ansible-deploy/roles/custom/matrix-bot-matrix-reminder-bot/tasks/main.yml_(IaC)_', 'matrix-docker-ansible-deploy/roles/custom/matrix-bot-maubot/tasks/main.yml_(IaC)_', 'matrix-docker-ansible-deploy/roles/custom/matrix-bot-mjolnir/tasks/main.yml_(IaC)_', 'matrix-docker-ansible-deploy/roles/custom/matrix-bot-postmoogle/tasks/main.yml_(IaC)_', 'matrix-docker-ansible-deploy/roles/custom/matrix-bridge-appservice-discord/tasks/main.yml_(IaC)_', 'matrix-docker-ansible-deploy/roles/custom/matrix-bridge-appservice-discord/tasks/setup_install.yml_(IaC)_', 'matrix-docker-ansible-deploy/roles/custom/matrix-bridge-appservice-irc/tasks/main.yml_(IaC)_', 'matrix-docker-ansible-deploy/roles/custom/matrix-bridge-appservice-irc/tasks/setup_install.yml_(IaC)_', 'matrix-docker-ansible-deploy/roles/custom/matrix-bridge-appservice-kakaotalk/tasks/main.yml_(IaC)_', 'matrix-docker-ansible-deploy/roles/custom/matrix-bridge-appservice-slack/tasks/main.yml_(IaC)_', 'matrix-docker-ansible-deploy/roles/custom/matrix-bridge-appservice-webhooks/tasks/main.yml_(IaC)_', 'matrix-docker-ansible-deploy/roles/custom/matrix-bridge-beeper-linkedin/tasks/main.yml_(IaC)_', 'matrix-docker-ansible-deploy/roles/custom/matrix-bridge-go-skype-bridge/tasks/main.yml_(IaC)_', 'matrix-docker-ansible-deploy/roles/custom/matrix-bridge-go-skype-bridge/tasks/setup_install.yml_(IaC)_', 'matrix-docker-ansible-deploy/roles/custom/matrix-bridge-heisenbridge/tasks/main.yml_(IaC)_', 'matrix-docker-ansible-deploy/roles/custom/matrix-bridge-hookshot/defaults/main.yml_(Other)_', 'matrix-docker-ansible-deploy/roles/custom/matrix-bridge-hookshot/tasks/main.yml_(IaC)_', 'matrix-docker-ansible-deploy/roles/custom/matrix-bridge-hookshot/tasks/setup_install.yml_(IaC)_', 'matrix-docker-ansible-deploy/roles/custom/matrix-bridge-mautrix-discord/tasks/main.yml_(IaC)_', 'matrix-docker-ansible-deploy/roles/custom/matrix-bridge-mautrix-facebook/tasks/main.yml_(IaC)_', 'matrix-docker-ansible-deploy/roles/custom/matrix-bridge-mautrix-facebook/tasks/setup_install.yml_(IaC)_', 'matrix-docker-ansible-deploy/roles/custom/matrix-bridge-mautrix-googlechat/tasks/main.yml_(IaC)_', 'matrix-docker-ansible-deploy/roles/custom/matrix-bridge-mautrix-googlechat/tasks/setup_install.yml_(IaC)_', 'matrix-docker-ansible-deploy/roles/custom/matrix-bridge-mautrix-hangouts/tasks/main.yml_(IaC)_', 'matrix-docker-ansible-deploy/roles/custom/matrix-bridge-mautrix-hangouts/tasks/setup_install.yml_(IaC)_', 'matrix-docker-ansible-deploy/roles/custom/matrix-bridge-mautrix-instagram/tasks/main.yml_(IaC)_', 'matrix-docker-ansible-deploy/roles/custom/matrix-bridge-mautrix-signal/tasks/main.yml_(IaC)_', 'matrix-docker-ansible-deploy/roles/custom/matrix-bridge-mautrix-slack/tasks/main.yml_(IaC)_', 'matrix-docker-ansible-deploy/roles/custom/matrix-bridge-mautrix-telegram/tasks/main.yml_(IaC)_', 'matrix-docker-ansible-deploy/roles/custom/matrix-bridge-mautrix-telegram/tasks/setup_install.yml_(IaC)_', 'matrix-docker-ansible-deploy/roles/custom/matrix-bridge-mautrix-twitter/tasks/main.yml_(IaC)_', 'matrix-docker-ansible-deploy/roles/custom/matrix-bridge-mautrix-whatsapp/tasks/setup_install.yml_(IaC)_', 'matrix-docker-ansible-deploy/roles/custom/matrix-bridge-mx-puppet-discord/tasks/main.yml_(IaC)_', 'matrix-docker-ansible-deploy/roles/custom/matrix-bridge-mx-puppet-groupme/tasks/main.yml_(IaC)_', 'matrix-docker-ansible-deploy/roles/custom/matrix-bridge-mx-puppet-groupme/tasks/setup_install.yml_(IaC)_', 'matrix-docker-ansible-deploy/roles/custom/matrix-bridge-mx-puppet-instagram/tasks/main.yml_(IaC)_', 'matrix-docker-ansible-deploy/roles/custom/matrix-bridge-mx-puppet-slack/tasks/main.yml_(IaC)_', 'matrix-docker-ansible-deploy/roles/custom/matrix-bridge-mx-puppet-slack/tasks/setup_install.yml_(IaC)_', 'matrix-docker-ansible-deploy/roles/custom/matrix-bridge-mx-puppet-steam/tasks/main.yml_(IaC)_', 'matrix-docker-ansible-deploy/roles/custom/matrix-bridge-mx-puppet-steam/tasks/setup_install.yml_(IaC)_', 'matrix-docker-ansible-deploy/roles/custom/matrix-bridge-mx-puppet-twitter/tasks/main.yml_(IaC)_', 'matrix-docker-ansible-deploy/roles/custom/matrix-bridge-mx-puppet-twitter/tasks/setup_install.yml_(IaC)_', 'matrix-docker-ansible-deploy/roles/custom/matrix-bridge-sms/tasks/main.yml_(IaC)_', 'matrix-docker-ansible-deploy/roles/custom/matrix-cactus-comments/tasks/main.yml_(IaC)_', 'matrix-docker-ansible-deploy/roles/custom/matrix-client-cinny/tasks/main.yml_(IaC)_', 'matrix-docker-ansible-deploy/roles/custom/matrix-client-element/tasks/main.yml_(IaC)_', 'matrix-docker-ansible-deploy/roles/custom/matrix-client-element/tasks/setup_install.yml_(IaC)_', 'matrix-docker-ansible-deploy/roles/custom/matrix-client-hydrogen/tasks/main.yml_(IaC)_', 'matrix-docker-ansible-deploy/roles/custom/matrix-common-after/tasks/main.yml_(IaC)_', 'matrix-docker-ansible-deploy/roles/custom/matrix-conduit/tasks/main.yml_(IaC)_', 'matrix-docker-ansible-deploy/roles/custom/matrix-corporal/tasks/main.yml_(IaC)_', 'matrix-docker-ansible-deploy/roles/custom/matrix-coturn/tasks/main.yml_(IaC)_', 'matrix-docker-ansible-deploy/roles/custom/matrix-coturn/tasks/setup_install.yml_(IaC)_', 'matrix-docker-ansible-deploy/roles/custom/matrix-dendrite/tasks/main.yml_(IaC)_', 'matrix-docker-ansible-deploy/roles/custom/matrix-dendrite/tasks/setup_install.yml_(IaC)_', 'matrix-docker-ansible-deploy/roles/custom/matrix-dimension/tasks/main.yml_(IaC)_', 'matrix-docker-ansible-deploy/roles/custom/matrix-dynamic-dns/tasks/main.yml_(IaC)_', 'matrix-docker-ansible-deploy/roles/custom/matrix-email2matrix/tasks/main.yml_(IaC)_', 'matrix-docker-ansible-deploy/roles/custom/matrix-jitsi/tasks/main.yml_(IaC)_', 'matrix-docker-ansible-deploy/roles/custom/matrix-jitsi/tasks/util/setup_jitsi_auth_uvs_install.yml_(IaC)_', 'matrix-docker-ansible-deploy/roles/custom/matrix-ldap-registration-proxy/tasks/main.yml_(IaC)_', 'matrix-docker-ansible-deploy/roles/custom/matrix-ma1sd/tasks/main.yml_(IaC)_', 'matrix-docker-ansible-deploy/roles/custom/matrix-ma1sd/tasks/setup_install.yml_(IaC)_', 'matrix-docker-ansible-deploy/roles/custom/matrix-mailer/tasks/main.yml_(IaC)_', 'matrix-docker-ansible-deploy/roles/custom/matrix-nginx-proxy/tasks/main.yml_(IaC)_', 'matrix-docker-ansible-deploy/roles/custom/matrix-nginx-proxy/tasks/ssl/setup_ssl_lets_encrypt_obtain_for_domain.yml_(IaC)_', 'matrix-docker-ansible-deploy/roles/custom/matrix-nginx-proxy/tasks/ssl/setup_ssl_self_signed_obtain_for_domain.yml_(IaC)_', 'matrix-docker-ansible-deploy/roles/custom/matrix-prometheus-nginxlog-exporter/tasks/main.yml_(IaC)_', 'matrix-docker-ansible-deploy/roles/custom/matrix-prometheus-services-proxy-connect/tasks/main.yml_(IaC)_', 'matrix-docker-ansible-deploy/roles/custom/matrix-prometheus/tasks/main.yml_(IaC)_', 'matrix-docker-ansible-deploy/roles/custom/matrix-rageshake/tasks/install.yml_(IaC)_', 'matrix-docker-ansible-deploy/roles/custom/matrix-rageshake/tasks/main.yml_(IaC)_', 'matrix-docker-ansible-deploy/roles/custom/matrix-registration/tasks/main.yml_(IaC)_', 'matrix-docker-ansible-deploy/roles/custom/matrix-sliding-sync/tasks/install.yml_(IaC)_', 'matrix-docker-ansible-deploy/roles/custom/matrix-sliding-sync/tasks/main.yml_(IaC)_', 'matrix-docker-ansible-deploy/roles/custom/matrix-sygnal/tasks/main.yml_(IaC)_', 'matrix-docker-ansible-deploy/roles/custom/matrix-synapse-admin/tasks/main.yml_(IaC)_', 'matrix-docker-ansible-deploy/roles/custom/matrix-synapse-reverse-proxy-companion/tasks/main.yml_(IaC)_', 'matrix-docker-ansible-deploy/roles/custom/matrix-synapse/tasks/ext/setup_install.yml_(IaC)_', 'matrix-docker-ansible-deploy/roles/custom/matrix-synapse/tasks/ext/setup_uninstall.yml_(IaC)_', 'matrix-docker-ansible-deploy/roles/custom/matrix-synapse/tasks/main.yml_(IaC)_', 'matrix-docker-ansible-deploy/roles/custom/matrix-synapse/tasks/setup_install.yml_(IaC)_', 'matrix-docker-ansible-deploy/roles/custom/matrix-synapse/tasks/setup_uninstall.yml_(IaC)_', 'matrix-docker-ansible-deploy/roles/custom/matrix-synapse/tasks/synapse/setup_install.yml_(IaC)_', 'matrix-docker-ansible-deploy/roles/custom/matrix-user-creator/tasks/main.yml_(IaC)_', 'matrix-docker-ansible-deploy/roles/custom/matrix-user-verification-service/tasks/main.yml_(IaC)_', 'matrix-docker-ansible-deploy/roles/custom/matrix_playbook_migration/tasks/main.yml_(IaC)_']]","['9eaf6944e3c6d8ea8f1094dc515713053e190573', 'dddfee16bc852fc989b057bd1867f0e85825846d']","[0.0, 0.7]","[0.0, 0.07216494845360824]","[0, 0.1308411214953271]","[0, 1]","[0, 1.0]"
"[10, 10]","[[365, 557, 156, 610, 325, 599, 131, 273, 299, 274], [365, 557, 156, 610, 325, 599, 131, 273, 299, 274]]","[['matrix-docker-ansible-deploy/roles/custom/matrix-cactus-comments/tasks/main.yml_(IaC)_', 'matrix-docker-ansible-deploy/roles/custom/matrix-dendrite/tasks/main.yml_(IaC)_', 'matrix-docker-ansible-deploy/roles/custom/matrix-bot-postmoogle/tasks/main.yml_(IaC)_', 'matrix-docker-ansible-deploy/roles/custom/matrix-bridge-mautrix-twitter/tasks/main.yml_(IaC)_', 'matrix-docker-ansible-deploy/roles/custom/matrix-bridge-beeper-linkedin/tasks/main.yml_(IaC)_', 'matrix-docker-ansible-deploy/roles/custom/matrix-bridge-mautrix-signal/tasks/main.yml_(IaC)_', 'matrix-docker-ansible-deploy/roles/custom/matrix-bridge-mautrix-whatsapp/defaults/main.yml_(Other)_', 'matrix-docker-ansible-deploy/roles/custom/matrix-corporal/tasks/main.yml_(IaC)_', 'matrix-docker-ansible-deploy/roles/custom/etherpad-proxy-connect/tasks/main.yml_(IaC)_', 'matrix-docker-ansible-deploy/roles/custom/matrix-corporal/defaults/main.yml_(Other)_'], ['matrix-docker-ansible-deploy/roles/custom/matrix-cactus-comments/tasks/main.yml_(IaC)_', 'matrix-docker-ansible-deploy/roles/custom/matrix-dendrite/tasks/main.yml_(IaC)_', 'matrix-docker-ansible-deploy/roles/custom/matrix-bot-postmoogle/tasks/main.yml_(IaC)_', 'matrix-docker-ansible-deploy/roles/custom/matrix-bridge-mautrix-twitter/tasks/main.yml_(IaC)_', 'matrix-docker-ansible-deploy/roles/custom/matrix-bridge-beeper-linkedin/tasks/main.yml_(IaC)_', 'matrix-docker-ansible-deploy/roles/custom/matrix-bridge-mautrix-signal/tasks/main.yml_(IaC)_', 'matrix-docker-ansible-deploy/roles/custom/matrix-bridge-mautrix-whatsapp/defaults/main.yml_(Other)_', 'matrix-docker-ansible-deploy/roles/custom/matrix-corporal/tasks/main.yml_(IaC)_', 'matrix-docker-ansible-deploy/roles/custom/etherpad-proxy-connect/tasks/main.yml_(IaC)_', 'matrix-docker-ansible-deploy/roles/custom/matrix-corporal/defaults/main.yml_(Other)_']]","[['matrix-docker-ansible-deploy/roles/custom/matrix-bridge-mautrix-facebook/tasks/inject_into_nginx_proxy.yml_(IaC)_', 'matrix-docker-ansible-deploy/roles/custom/matrix-bridge-mautrix-instagram/tasks/inject_into_nginx_proxy.yml_(IaC)_', 'matrix-docker-ansible-deploy/roles/custom/matrix-bridge-mautrix-instagram/tasks/main.yml_(IaC)_', 'matrix-docker-ansible-deploy/roles/custom/matrix-bridge-mautrix-signal/tasks/inject_into_nginx_proxy.yml_(IaC)_', 'matrix-docker-ansible-deploy/roles/custom/matrix-bridge-mautrix-signal/tasks/main.yml_(IaC)_', 'matrix-docker-ansible-deploy/roles/custom/matrix-bridge-mautrix-twitter/tasks/inject_into_nginx_proxy.yml_(IaC)_', 'matrix-docker-ansible-deploy/roles/custom/matrix-bridge-mautrix-twitter/tasks/main.yml_(IaC)_', 'matrix-docker-ansible-deploy/roles/custom/matrix-bridge-mautrix-whatsapp/defaults/main.yml_(Other)_', 'matrix-docker-ansible-deploy/roles/custom/matrix-bridge-mautrix-whatsapp/tasks/inject_into_nginx_proxy.yml_(IaC)_'], ['matrix-docker-ansible-deploy/roles/custom/etherpad-proxy-connect/tasks/main.yml_(IaC)_', 'matrix-docker-ansible-deploy/roles/custom/etherpad-proxy-connect/tasks/validate_config.yml_(IaC)_', 'matrix-docker-ansible-deploy/roles/custom/matrix-aux/tasks/main.yml_(IaC)_', 'matrix-docker-ansible-deploy/roles/custom/matrix-base/tasks/main.yml_(IaC)_', 'matrix-docker-ansible-deploy/roles/custom/matrix-bot-buscarron/tasks/main.yml_(IaC)_', 'matrix-docker-ansible-deploy/roles/custom/matrix-bot-chatgpt/tasks/main.yml_(IaC)_', 'matrix-docker-ansible-deploy/roles/custom/matrix-bot-draupnir/tasks/main.yml_(IaC)_', 'matrix-docker-ansible-deploy/roles/custom/matrix-bot-go-neb/tasks/main.yml_(IaC)_', 'matrix-docker-ansible-deploy/roles/custom/matrix-bot-honoroit/tasks/main.yml_(IaC)_', 'matrix-docker-ansible-deploy/roles/custom/matrix-bot-matrix-registration-bot/tasks/main.yml_(IaC)_', 'matrix-docker-ansible-deploy/roles/custom/matrix-bot-matrix-reminder-bot/tasks/main.yml_(IaC)_', 'matrix-docker-ansible-deploy/roles/custom/matrix-bot-maubot/tasks/main.yml_(IaC)_', 'matrix-docker-ansible-deploy/roles/custom/matrix-bot-mjolnir/tasks/main.yml_(IaC)_', 'matrix-docker-ansible-deploy/roles/custom/matrix-bot-postmoogle/tasks/main.yml_(IaC)_', 'matrix-docker-ansible-deploy/roles/custom/matrix-bridge-appservice-discord/tasks/main.yml_(IaC)_', 'matrix-docker-ansible-deploy/roles/custom/matrix-bridge-appservice-discord/tasks/setup_install.yml_(IaC)_', 'matrix-docker-ansible-deploy/roles/custom/matrix-bridge-appservice-irc/tasks/main.yml_(IaC)_', 'matrix-docker-ansible-deploy/roles/custom/matrix-bridge-appservice-irc/tasks/setup_install.yml_(IaC)_', 'matrix-docker-ansible-deploy/roles/custom/matrix-bridge-appservice-kakaotalk/tasks/main.yml_(IaC)_', 'matrix-docker-ansible-deploy/roles/custom/matrix-bridge-appservice-slack/tasks/main.yml_(IaC)_', 'matrix-docker-ansible-deploy/roles/custom/matrix-bridge-appservice-webhooks/tasks/main.yml_(IaC)_', 'matrix-docker-ansible-deploy/roles/custom/matrix-bridge-beeper-linkedin/tasks/main.yml_(IaC)_', 'matrix-docker-ansible-deploy/roles/custom/matrix-bridge-go-skype-bridge/tasks/main.yml_(IaC)_', 'matrix-docker-ansible-deploy/roles/custom/matrix-bridge-go-skype-bridge/tasks/setup_install.yml_(IaC)_', 'matrix-docker-ansible-deploy/roles/custom/matrix-bridge-heisenbridge/tasks/main.yml_(IaC)_', 'matrix-docker-ansible-deploy/roles/custom/matrix-bridge-hookshot/defaults/main.yml_(Other)_', 'matrix-docker-ansible-deploy/roles/custom/matrix-bridge-hookshot/tasks/main.yml_(IaC)_', 'matrix-docker-ansible-deploy/roles/custom/matrix-bridge-hookshot/tasks/setup_install.yml_(IaC)_', 'matrix-docker-ansible-deploy/roles/custom/matrix-bridge-mautrix-discord/tasks/main.yml_(IaC)_', 'matrix-docker-ansible-deploy/roles/custom/matrix-bridge-mautrix-facebook/tasks/main.yml_(IaC)_', 'matrix-docker-ansible-deploy/roles/custom/matrix-bridge-mautrix-facebook/tasks/setup_install.yml_(IaC)_', 'matrix-docker-ansible-deploy/roles/custom/matrix-bridge-mautrix-googlechat/tasks/main.yml_(IaC)_', 'matrix-docker-ansible-deploy/roles/custom/matrix-bridge-mautrix-googlechat/tasks/setup_install.yml_(IaC)_', 'matrix-docker-ansible-deploy/roles/custom/matrix-bridge-mautrix-hangouts/tasks/main.yml_(IaC)_', 'matrix-docker-ansible-deploy/roles/custom/matrix-bridge-mautrix-hangouts/tasks/setup_install.yml_(IaC)_', 'matrix-docker-ansible-deploy/roles/custom/matrix-bridge-mautrix-instagram/tasks/main.yml_(IaC)_', 'matrix-docker-ansible-deploy/roles/custom/matrix-bridge-mautrix-signal/tasks/main.yml_(IaC)_', 'matrix-docker-ansible-deploy/roles/custom/matrix-bridge-mautrix-slack/tasks/main.yml_(IaC)_', 'matrix-docker-ansible-deploy/roles/custom/matrix-bridge-mautrix-telegram/tasks/main.yml_(IaC)_', 'matrix-docker-ansible-deploy/roles/custom/matrix-bridge-mautrix-telegram/tasks/setup_install.yml_(IaC)_', 'matrix-docker-ansible-deploy/roles/custom/matrix-bridge-mautrix-twitter/tasks/main.yml_(IaC)_', 'matrix-docker-ansible-deploy/roles/custom/matrix-bridge-mautrix-whatsapp/tasks/setup_install.yml_(IaC)_', 'matrix-docker-ansible-deploy/roles/custom/matrix-bridge-mx-puppet-discord/tasks/main.yml_(IaC)_', 'matrix-docker-ansible-deploy/roles/custom/matrix-bridge-mx-puppet-groupme/tasks/main.yml_(IaC)_', 'matrix-docker-ansible-deploy/roles/custom/matrix-bridge-mx-puppet-groupme/tasks/setup_install.yml_(IaC)_', 'matrix-docker-ansible-deploy/roles/custom/matrix-bridge-mx-puppet-instagram/tasks/main.yml_(IaC)_', 'matrix-docker-ansible-deploy/roles/custom/matrix-bridge-mx-puppet-slack/tasks/main.yml_(IaC)_', 'matrix-docker-ansible-deploy/roles/custom/matrix-bridge-mx-puppet-slack/tasks/setup_install.yml_(IaC)_', 'matrix-docker-ansible-deploy/roles/custom/matrix-bridge-mx-puppet-steam/tasks/main.yml_(IaC)_', 'matrix-docker-ansible-deploy/roles/custom/matrix-bridge-mx-puppet-steam/tasks/setup_install.yml_(IaC)_', 'matrix-docker-ansible-deploy/roles/custom/matrix-bridge-mx-puppet-twitter/tasks/main.yml_(IaC)_', 'matrix-docker-ansible-deploy/roles/custom/matrix-bridge-mx-puppet-twitter/tasks/setup_install.yml_(IaC)_', 'matrix-docker-ansible-deploy/roles/custom/matrix-bridge-sms/tasks/main.yml_(IaC)_', 'matrix-docker-ansible-deploy/roles/custom/matrix-cactus-comments/tasks/main.yml_(IaC)_', 'matrix-docker-ansible-deploy/roles/custom/matrix-client-cinny/tasks/main.yml_(IaC)_', 'matrix-docker-ansible-deploy/roles/custom/matrix-client-element/tasks/main.yml_(IaC)_', 'matrix-docker-ansible-deploy/roles/custom/matrix-client-element/tasks/setup_install.yml_(IaC)_', 'matrix-docker-ansible-deploy/roles/custom/matrix-client-hydrogen/tasks/main.yml_(IaC)_', 'matrix-docker-ansible-deploy/roles/custom/matrix-common-after/tasks/main.yml_(IaC)_', 'matrix-docker-ansible-deploy/roles/custom/matrix-conduit/tasks/main.yml_(IaC)_', 'matrix-docker-ansible-deploy/roles/custom/matrix-corporal/tasks/main.yml_(IaC)_', 'matrix-docker-ansible-deploy/roles/custom/matrix-coturn/tasks/main.yml_(IaC)_', 'matrix-docker-ansible-deploy/roles/custom/matrix-coturn/tasks/setup_install.yml_(IaC)_', 'matrix-docker-ansible-deploy/roles/custom/matrix-dendrite/tasks/main.yml_(IaC)_', 'matrix-docker-ansible-deploy/roles/custom/matrix-dendrite/tasks/setup_install.yml_(IaC)_', 'matrix-docker-ansible-deploy/roles/custom/matrix-dimension/tasks/main.yml_(IaC)_', 'matrix-docker-ansible-deploy/roles/custom/matrix-dynamic-dns/tasks/main.yml_(IaC)_', 'matrix-docker-ansible-deploy/roles/custom/matrix-email2matrix/tasks/main.yml_(IaC)_', 'matrix-docker-ansible-deploy/roles/custom/matrix-jitsi/tasks/main.yml_(IaC)_', 'matrix-docker-ansible-deploy/roles/custom/matrix-jitsi/tasks/util/setup_jitsi_auth_uvs_install.yml_(IaC)_', 'matrix-docker-ansible-deploy/roles/custom/matrix-ldap-registration-proxy/tasks/main.yml_(IaC)_', 'matrix-docker-ansible-deploy/roles/custom/matrix-ma1sd/tasks/main.yml_(IaC)_', 'matrix-docker-ansible-deploy/roles/custom/matrix-ma1sd/tasks/setup_install.yml_(IaC)_', 'matrix-docker-ansible-deploy/roles/custom/matrix-mailer/tasks/main.yml_(IaC)_', 'matrix-docker-ansible-deploy/roles/custom/matrix-nginx-proxy/tasks/main.yml_(IaC)_', 'matrix-docker-ansible-deploy/roles/custom/matrix-nginx-proxy/tasks/ssl/setup_ssl_lets_encrypt_obtain_for_domain.yml_(IaC)_', 'matrix-docker-ansible-deploy/roles/custom/matrix-nginx-proxy/tasks/ssl/setup_ssl_self_signed_obtain_for_domain.yml_(IaC)_', 'matrix-docker-ansible-deploy/roles/custom/matrix-prometheus-nginxlog-exporter/tasks/main.yml_(IaC)_', 'matrix-docker-ansible-deploy/roles/custom/matrix-prometheus-services-proxy-connect/tasks/main.yml_(IaC)_', 'matrix-docker-ansible-deploy/roles/custom/matrix-prometheus/tasks/main.yml_(IaC)_', 'matrix-docker-ansible-deploy/roles/custom/matrix-rageshake/tasks/install.yml_(IaC)_', 'matrix-docker-ansible-deploy/roles/custom/matrix-rageshake/tasks/main.yml_(IaC)_', 'matrix-docker-ansible-deploy/roles/custom/matrix-registration/tasks/main.yml_(IaC)_', 'matrix-docker-ansible-deploy/roles/custom/matrix-sliding-sync/tasks/install.yml_(IaC)_', 'matrix-docker-ansible-deploy/roles/custom/matrix-sliding-sync/tasks/main.yml_(IaC)_', 'matrix-docker-ansible-deploy/roles/custom/matrix-sygnal/tasks/main.yml_(IaC)_', 'matrix-docker-ansible-deploy/roles/custom/matrix-synapse-admin/tasks/main.yml_(IaC)_', 'matrix-docker-ansible-deploy/roles/custom/matrix-synapse-reverse-proxy-companion/tasks/main.yml_(IaC)_', 'matrix-docker-ansible-deploy/roles/custom/matrix-synapse/tasks/ext/setup_install.yml_(IaC)_', 'matrix-docker-ansible-deploy/roles/custom/matrix-synapse/tasks/ext/setup_uninstall.yml_(IaC)_', 'matrix-docker-ansible-deploy/roles/custom/matrix-synapse/tasks/main.yml_(IaC)_', 'matrix-docker-ansible-deploy/roles/custom/matrix-synapse/tasks/setup_install.yml_(IaC)_', 'matrix-docker-ansible-deploy/roles/custom/matrix-synapse/tasks/setup_uninstall.yml_(IaC)_', 'matrix-docker-ansible-deploy/roles/custom/matrix-synapse/tasks/synapse/setup_install.yml_(IaC)_', 'matrix-docker-ansible-deploy/roles/custom/matrix-user-creator/tasks/main.yml_(IaC)_', 'matrix-docker-ansible-deploy/roles/custom/matrix-user-verification-service/tasks/main.yml_(IaC)_', 'matrix-docker-ansible-deploy/roles/custom/matrix_playbook_migration/tasks/main.yml_(IaC)_']]","['9eaf6944e3c6d8ea8f1094dc515713053e190573', 'dddfee16bc852fc989b057bd1867f0e85825846d']","[0.3, 0.8]","[0.3333333333333333, 0.08247422680412371]","[0.3157894736842105, 0.14953271028037382]","[1, 1]","[0.25, 1.0]"
"[10, 10]","[[350, 67, 582, 325, 318, 423, 13, 547, 164, 461], [350, 67, 582, 325, 318, 423, 13, 547, 164, 461]]","[['matrix-docker-ansible-deploy/roles/custom/matrix-registration/tasks/main.yml_(IaC)_', 'matrix-docker-ansible-deploy/roles/custom/matrix-bridge-appservice-kakaotalk/tasks/main.yml_(IaC)_', 'matrix-docker-ansible-deploy/roles/custom/matrix-bridge-mautrix-hangouts/tasks/main.yml_(IaC)_', 'matrix-docker-ansible-deploy/roles/custom/matrix-bridge-beeper-linkedin/tasks/main.yml_(IaC)_', 'matrix-docker-ansible-deploy/roles/custom/matrix-bridge-mx-puppet-instagram/tasks/main.yml_(IaC)_', 'matrix-docker-ansible-deploy/roles/custom/matrix-bridge-hookshot/defaults/main.yml_(Other)_', 'matrix-docker-ansible-deploy/roles/custom/matrix-client-element/tasks/main.yml_(IaC)_', 'matrix-docker-ansible-deploy/roles/custom/matrix-base/templates/static-files/well-known/matrix-support.j2_(Other)_', 'matrix-docker-ansible-deploy/roles/custom/matrix-bridge-mautrix-facebook/tasks/main.yml_(IaC)_', 'matrix-docker-ansible-deploy/roles/custom/matrix-synapse/tasks/rust-synapse-compress-state/compress_room.yml_(IaC)_'], ['matrix-docker-ansible-deploy/roles/custom/matrix-registration/tasks/main.yml_(IaC)_', 'matrix-docker-ansible-deploy/roles/custom/matrix-bridge-appservice-kakaotalk/tasks/main.yml_(IaC)_', 'matrix-docker-ansible-deploy/roles/custom/matrix-bridge-mautrix-hangouts/tasks/main.yml_(IaC)_', 'matrix-docker-ansible-deploy/roles/custom/matrix-bridge-beeper-linkedin/tasks/main.yml_(IaC)_', 'matrix-docker-ansible-deploy/roles/custom/matrix-bridge-mx-puppet-instagram/tasks/main.yml_(IaC)_', 'matrix-docker-ansible-deploy/roles/custom/matrix-bridge-hookshot/defaults/main.yml_(Other)_', 'matrix-docker-ansible-deploy/roles/custom/matrix-client-element/tasks/main.yml_(IaC)_', 'matrix-docker-ansible-deploy/roles/custom/matrix-base/templates/static-files/well-known/matrix-support.j2_(Other)_', 'matrix-docker-ansible-deploy/roles/custom/matrix-bridge-mautrix-facebook/tasks/main.yml_(IaC)_', 'matrix-docker-ansible-deploy/roles/custom/matrix-synapse/tasks/rust-synapse-compress-state/compress_room.yml_(IaC)_']]","[['matrix-docker-ansible-deploy/roles/custom/matrix-bridge-mautrix-facebook/tasks/inject_into_nginx_proxy.yml_(IaC)_', 'matrix-docker-ansible-deploy/roles/custom/matrix-bridge-mautrix-instagram/tasks/inject_into_nginx_proxy.yml_(IaC)_', 'matrix-docker-ansible-deploy/roles/custom/matrix-bridge-mautrix-instagram/tasks/main.yml_(IaC)_', 'matrix-docker-ansible-deploy/roles/custom/matrix-bridge-mautrix-signal/tasks/inject_into_nginx_proxy.yml_(IaC)_', 'matrix-docker-ansible-deploy/roles/custom/matrix-bridge-mautrix-signal/tasks/main.yml_(IaC)_', 'matrix-docker-ansible-deploy/roles/custom/matrix-bridge-mautrix-twitter/tasks/inject_into_nginx_proxy.yml_(IaC)_', 'matrix-docker-ansible-deploy/roles/custom/matrix-bridge-mautrix-twitter/tasks/main.yml_(IaC)_', 'matrix-docker-ansible-deploy/roles/custom/matrix-bridge-mautrix-whatsapp/defaults/main.yml_(Other)_', 'matrix-docker-ansible-deploy/roles/custom/matrix-bridge-mautrix-whatsapp/tasks/inject_into_nginx_proxy.yml_(IaC)_'], ['matrix-docker-ansible-deploy/roles/custom/etherpad-proxy-connect/tasks/main.yml_(IaC)_', 'matrix-docker-ansible-deploy/roles/custom/etherpad-proxy-connect/tasks/validate_config.yml_(IaC)_', 'matrix-docker-ansible-deploy/roles/custom/matrix-aux/tasks/main.yml_(IaC)_', 'matrix-docker-ansible-deploy/roles/custom/matrix-base/tasks/main.yml_(IaC)_', 'matrix-docker-ansible-deploy/roles/custom/matrix-bot-buscarron/tasks/main.yml_(IaC)_', 'matrix-docker-ansible-deploy/roles/custom/matrix-bot-chatgpt/tasks/main.yml_(IaC)_', 'matrix-docker-ansible-deploy/roles/custom/matrix-bot-draupnir/tasks/main.yml_(IaC)_', 'matrix-docker-ansible-deploy/roles/custom/matrix-bot-go-neb/tasks/main.yml_(IaC)_', 'matrix-docker-ansible-deploy/roles/custom/matrix-bot-honoroit/tasks/main.yml_(IaC)_', 'matrix-docker-ansible-deploy/roles/custom/matrix-bot-matrix-registration-bot/tasks/main.yml_(IaC)_', 'matrix-docker-ansible-deploy/roles/custom/matrix-bot-matrix-reminder-bot/tasks/main.yml_(IaC)_', 'matrix-docker-ansible-deploy/roles/custom/matrix-bot-maubot/tasks/main.yml_(IaC)_', 'matrix-docker-ansible-deploy/roles/custom/matrix-bot-mjolnir/tasks/main.yml_(IaC)_', 'matrix-docker-ansible-deploy/roles/custom/matrix-bot-postmoogle/tasks/main.yml_(IaC)_', 'matrix-docker-ansible-deploy/roles/custom/matrix-bridge-appservice-discord/tasks/main.yml_(IaC)_', 'matrix-docker-ansible-deploy/roles/custom/matrix-bridge-appservice-discord/tasks/setup_install.yml_(IaC)_', 'matrix-docker-ansible-deploy/roles/custom/matrix-bridge-appservice-irc/tasks/main.yml_(IaC)_', 'matrix-docker-ansible-deploy/roles/custom/matrix-bridge-appservice-irc/tasks/setup_install.yml_(IaC)_', 'matrix-docker-ansible-deploy/roles/custom/matrix-bridge-appservice-kakaotalk/tasks/main.yml_(IaC)_', 'matrix-docker-ansible-deploy/roles/custom/matrix-bridge-appservice-slack/tasks/main.yml_(IaC)_', 'matrix-docker-ansible-deploy/roles/custom/matrix-bridge-appservice-webhooks/tasks/main.yml_(IaC)_', 'matrix-docker-ansible-deploy/roles/custom/matrix-bridge-beeper-linkedin/tasks/main.yml_(IaC)_', 'matrix-docker-ansible-deploy/roles/custom/matrix-bridge-go-skype-bridge/tasks/main.yml_(IaC)_', 'matrix-docker-ansible-deploy/roles/custom/matrix-bridge-go-skype-bridge/tasks/setup_install.yml_(IaC)_', 'matrix-docker-ansible-deploy/roles/custom/matrix-bridge-heisenbridge/tasks/main.yml_(IaC)_', 'matrix-docker-ansible-deploy/roles/custom/matrix-bridge-hookshot/defaults/main.yml_(Other)_', 'matrix-docker-ansible-deploy/roles/custom/matrix-bridge-hookshot/tasks/main.yml_(IaC)_', 'matrix-docker-ansible-deploy/roles/custom/matrix-bridge-hookshot/tasks/setup_install.yml_(IaC)_', 'matrix-docker-ansible-deploy/roles/custom/matrix-bridge-mautrix-discord/tasks/main.yml_(IaC)_', 'matrix-docker-ansible-deploy/roles/custom/matrix-bridge-mautrix-facebook/tasks/main.yml_(IaC)_', 'matrix-docker-ansible-deploy/roles/custom/matrix-bridge-mautrix-facebook/tasks/setup_install.yml_(IaC)_', 'matrix-docker-ansible-deploy/roles/custom/matrix-bridge-mautrix-googlechat/tasks/main.yml_(IaC)_', 'matrix-docker-ansible-deploy/roles/custom/matrix-bridge-mautrix-googlechat/tasks/setup_install.yml_(IaC)_', 'matrix-docker-ansible-deploy/roles/custom/matrix-bridge-mautrix-hangouts/tasks/main.yml_(IaC)_', 'matrix-docker-ansible-deploy/roles/custom/matrix-bridge-mautrix-hangouts/tasks/setup_install.yml_(IaC)_', 'matrix-docker-ansible-deploy/roles/custom/matrix-bridge-mautrix-instagram/tasks/main.yml_(IaC)_', 'matrix-docker-ansible-deploy/roles/custom/matrix-bridge-mautrix-signal/tasks/main.yml_(IaC)_', 'matrix-docker-ansible-deploy/roles/custom/matrix-bridge-mautrix-slack/tasks/main.yml_(IaC)_', 'matrix-docker-ansible-deploy/roles/custom/matrix-bridge-mautrix-telegram/tasks/main.yml_(IaC)_', 'matrix-docker-ansible-deploy/roles/custom/matrix-bridge-mautrix-telegram/tasks/setup_install.yml_(IaC)_', 'matrix-docker-ansible-deploy/roles/custom/matrix-bridge-mautrix-twitter/tasks/main.yml_(IaC)_', 'matrix-docker-ansible-deploy/roles/custom/matrix-bridge-mautrix-whatsapp/tasks/setup_install.yml_(IaC)_', 'matrix-docker-ansible-deploy/roles/custom/matrix-bridge-mx-puppet-discord/tasks/main.yml_(IaC)_', 'matrix-docker-ansible-deploy/roles/custom/matrix-bridge-mx-puppet-groupme/tasks/main.yml_(IaC)_', 'matrix-docker-ansible-deploy/roles/custom/matrix-bridge-mx-puppet-groupme/tasks/setup_install.yml_(IaC)_', 'matrix-docker-ansible-deploy/roles/custom/matrix-bridge-mx-puppet-instagram/tasks/main.yml_(IaC)_', 'matrix-docker-ansible-deploy/roles/custom/matrix-bridge-mx-puppet-slack/tasks/main.yml_(IaC)_', 'matrix-docker-ansible-deploy/roles/custom/matrix-bridge-mx-puppet-slack/tasks/setup_install.yml_(IaC)_', 'matrix-docker-ansible-deploy/roles/custom/matrix-bridge-mx-puppet-steam/tasks/main.yml_(IaC)_', 'matrix-docker-ansible-deploy/roles/custom/matrix-bridge-mx-puppet-steam/tasks/setup_install.yml_(IaC)_', 'matrix-docker-ansible-deploy/roles/custom/matrix-bridge-mx-puppet-twitter/tasks/main.yml_(IaC)_', 'matrix-docker-ansible-deploy/roles/custom/matrix-bridge-mx-puppet-twitter/tasks/setup_install.yml_(IaC)_', 'matrix-docker-ansible-deploy/roles/custom/matrix-bridge-sms/tasks/main.yml_(IaC)_', 'matrix-docker-ansible-deploy/roles/custom/matrix-cactus-comments/tasks/main.yml_(IaC)_', 'matrix-docker-ansible-deploy/roles/custom/matrix-client-cinny/tasks/main.yml_(IaC)_', 'matrix-docker-ansible-deploy/roles/custom/matrix-client-element/tasks/main.yml_(IaC)_', 'matrix-docker-ansible-deploy/roles/custom/matrix-client-element/tasks/setup_install.yml_(IaC)_', 'matrix-docker-ansible-deploy/roles/custom/matrix-client-hydrogen/tasks/main.yml_(IaC)_', 'matrix-docker-ansible-deploy/roles/custom/matrix-common-after/tasks/main.yml_(IaC)_', 'matrix-docker-ansible-deploy/roles/custom/matrix-conduit/tasks/main.yml_(IaC)_', 'matrix-docker-ansible-deploy/roles/custom/matrix-corporal/tasks/main.yml_(IaC)_', 'matrix-docker-ansible-deploy/roles/custom/matrix-coturn/tasks/main.yml_(IaC)_', 'matrix-docker-ansible-deploy/roles/custom/matrix-coturn/tasks/setup_install.yml_(IaC)_', 'matrix-docker-ansible-deploy/roles/custom/matrix-dendrite/tasks/main.yml_(IaC)_', 'matrix-docker-ansible-deploy/roles/custom/matrix-dendrite/tasks/setup_install.yml_(IaC)_', 'matrix-docker-ansible-deploy/roles/custom/matrix-dimension/tasks/main.yml_(IaC)_', 'matrix-docker-ansible-deploy/roles/custom/matrix-dynamic-dns/tasks/main.yml_(IaC)_', 'matrix-docker-ansible-deploy/roles/custom/matrix-email2matrix/tasks/main.yml_(IaC)_', 'matrix-docker-ansible-deploy/roles/custom/matrix-jitsi/tasks/main.yml_(IaC)_', 'matrix-docker-ansible-deploy/roles/custom/matrix-jitsi/tasks/util/setup_jitsi_auth_uvs_install.yml_(IaC)_', 'matrix-docker-ansible-deploy/roles/custom/matrix-ldap-registration-proxy/tasks/main.yml_(IaC)_', 'matrix-docker-ansible-deploy/roles/custom/matrix-ma1sd/tasks/main.yml_(IaC)_', 'matrix-docker-ansible-deploy/roles/custom/matrix-ma1sd/tasks/setup_install.yml_(IaC)_', 'matrix-docker-ansible-deploy/roles/custom/matrix-mailer/tasks/main.yml_(IaC)_', 'matrix-docker-ansible-deploy/roles/custom/matrix-nginx-proxy/tasks/main.yml_(IaC)_', 'matrix-docker-ansible-deploy/roles/custom/matrix-nginx-proxy/tasks/ssl/setup_ssl_lets_encrypt_obtain_for_domain.yml_(IaC)_', 'matrix-docker-ansible-deploy/roles/custom/matrix-nginx-proxy/tasks/ssl/setup_ssl_self_signed_obtain_for_domain.yml_(IaC)_', 'matrix-docker-ansible-deploy/roles/custom/matrix-prometheus-nginxlog-exporter/tasks/main.yml_(IaC)_', 'matrix-docker-ansible-deploy/roles/custom/matrix-prometheus-services-proxy-connect/tasks/main.yml_(IaC)_', 'matrix-docker-ansible-deploy/roles/custom/matrix-prometheus/tasks/main.yml_(IaC)_', 'matrix-docker-ansible-deploy/roles/custom/matrix-rageshake/tasks/install.yml_(IaC)_', 'matrix-docker-ansible-deploy/roles/custom/matrix-rageshake/tasks/main.yml_(IaC)_', 'matrix-docker-ansible-deploy/roles/custom/matrix-registration/tasks/main.yml_(IaC)_', 'matrix-docker-ansible-deploy/roles/custom/matrix-sliding-sync/tasks/install.yml_(IaC)_', 'matrix-docker-ansible-deploy/roles/custom/matrix-sliding-sync/tasks/main.yml_(IaC)_', 'matrix-docker-ansible-deploy/roles/custom/matrix-sygnal/tasks/main.yml_(IaC)_', 'matrix-docker-ansible-deploy/roles/custom/matrix-synapse-admin/tasks/main.yml_(IaC)_', 'matrix-docker-ansible-deploy/roles/custom/matrix-synapse-reverse-proxy-companion/tasks/main.yml_(IaC)_', 'matrix-docker-ansible-deploy/roles/custom/matrix-synapse/tasks/ext/setup_install.yml_(IaC)_', 'matrix-docker-ansible-deploy/roles/custom/matrix-synapse/tasks/ext/setup_uninstall.yml_(IaC)_', 'matrix-docker-ansible-deploy/roles/custom/matrix-synapse/tasks/main.yml_(IaC)_', 'matrix-docker-ansible-deploy/roles/custom/matrix-synapse/tasks/setup_install.yml_(IaC)_', 'matrix-docker-ansible-deploy/roles/custom/matrix-synapse/tasks/setup_uninstall.yml_(IaC)_', 'matrix-docker-ansible-deploy/roles/custom/matrix-synapse/tasks/synapse/setup_install.yml_(IaC)_', 'matrix-docker-ansible-deploy/roles/custom/matrix-user-creator/tasks/main.yml_(IaC)_', 'matrix-docker-ansible-deploy/roles/custom/matrix-user-verification-service/tasks/main.yml_(IaC)_', 'matrix-docker-ansible-deploy/roles/custom/matrix_playbook_migration/tasks/main.yml_(IaC)_']]","['9eaf6944e3c6d8ea8f1094dc515713053e190573', 'dddfee16bc852fc989b057bd1867f0e85825846d']","[0.0, 0.8]","[0.0, 0.08247422680412371]","[0, 0.14953271028037382]","[0, 1]","[0, 1.0]"
"[10, 10]","[[390, 527, 39, 304, 127, 453, 397, 168, 179, 452, 134], [390, 527, 39, 304, 127, 453, 397, 168, 179, 452, 134]]","[['matrix-docker-ansible-deploy/roles/custom/matrix-mailer/tasks/main.yml_(IaC)_', 'matrix-docker-ansible-deploy/roles/custom/matrix-bridge-appservice-webhooks/tasks/main.yml_(IaC)_', 'matrix-docker-ansible-deploy/roles/custom/matrix-dynamic-dns/tasks/main.yml_(IaC)_', 'matrix-docker-ansible-deploy/roles/custom/matrix-bridge-mx-puppet-groupme/tasks/main.yml_(IaC)_', 'matrix-docker-ansible-deploy/roles/custom/matrix-bridge-mautrix-whatsapp/tasks/setup_uninstall.yml_(IaC)_', 'matrix-docker-ansible-deploy/roles/custom/matrix-synapse/tasks/setup_uninstall.yml_(IaC)_', 'matrix-docker-ansible-deploy/roles/custom/matrix-bot-matrix-registration-bot/tasks/main.yml_(IaC)_', 'matrix-docker-ansible-deploy/roles/custom/matrix-bridge-mautrix-googlechat/tasks/validate_config.yml_(IaC)_', 'matrix-docker-ansible-deploy/roles/custom/matrix-email2matrix/tasks/main.yml_(IaC)_', 'matrix-docker-ansible-deploy/roles/custom/matrix-synapse/tasks/update_user_password.yml_(IaC)_', 'matrix-docker-ansible-deploy/roles/custom/matrix-prometheus-nginxlog-exporter/tasks/validate_config.yml_(IaC)_'], ['matrix-docker-ansible-deploy/roles/custom/matrix-mailer/tasks/main.yml_(IaC)_', 'matrix-docker-ansible-deploy/roles/custom/matrix-bridge-appservice-webhooks/tasks/main.yml_(IaC)_', 'matrix-docker-ansible-deploy/roles/custom/matrix-dynamic-dns/tasks/main.yml_(IaC)_', 'matrix-docker-ansible-deploy/roles/custom/matrix-bridge-mx-puppet-groupme/tasks/main.yml_(IaC)_', 'matrix-docker-ansible-deploy/roles/custom/matrix-bridge-mautrix-whatsapp/tasks/setup_uninstall.yml_(IaC)_', 'matrix-docker-ansible-deploy/roles/custom/matrix-synapse/tasks/setup_uninstall.yml_(IaC)_', 'matrix-docker-ansible-deploy/roles/custom/matrix-bot-matrix-registration-bot/tasks/main.yml_(IaC)_', 'matrix-docker-ansible-deploy/roles/custom/matrix-bridge-mautrix-googlechat/tasks/validate_config.yml_(IaC)_', 'matrix-docker-ansible-deploy/roles/custom/matrix-email2matrix/tasks/main.yml_(IaC)_', 'matrix-docker-ansible-deploy/roles/custom/matrix-synapse/tasks/update_user_password.yml_(IaC)_', 'matrix-docker-ansible-deploy/roles/custom/matrix-prometheus-nginxlog-exporter/tasks/validate_config.yml_(IaC)_']]","[['matrix-docker-ansible-deploy/roles/custom/matrix-bridge-mautrix-facebook/tasks/inject_into_nginx_proxy.yml_(IaC)_', 'matrix-docker-ansible-deploy/roles/custom/matrix-bridge-mautrix-instagram/tasks/inject_into_nginx_proxy.yml_(IaC)_', 'matrix-docker-ansible-deploy/roles/custom/matrix-bridge-mautrix-instagram/tasks/main.yml_(IaC)_', 'matrix-docker-ansible-deploy/roles/custom/matrix-bridge-mautrix-signal/tasks/inject_into_nginx_proxy.yml_(IaC)_', 'matrix-docker-ansible-deploy/roles/custom/matrix-bridge-mautrix-signal/tasks/main.yml_(IaC)_', 'matrix-docker-ansible-deploy/roles/custom/matrix-bridge-mautrix-twitter/tasks/inject_into_nginx_proxy.yml_(IaC)_', 'matrix-docker-ansible-deploy/roles/custom/matrix-bridge-mautrix-twitter/tasks/main.yml_(IaC)_', 'matrix-docker-ansible-deploy/roles/custom/matrix-bridge-mautrix-whatsapp/defaults/main.yml_(Other)_', 'matrix-docker-ansible-deploy/roles/custom/matrix-bridge-mautrix-whatsapp/tasks/inject_into_nginx_proxy.yml_(IaC)_'], ['matrix-docker-ansible-deploy/roles/custom/etherpad-proxy-connect/tasks/main.yml_(IaC)_', 'matrix-docker-ansible-deploy/roles/custom/etherpad-proxy-connect/tasks/validate_config.yml_(IaC)_', 'matrix-docker-ansible-deploy/roles/custom/matrix-aux/tasks/main.yml_(IaC)_', 'matrix-docker-ansible-deploy/roles/custom/matrix-base/tasks/main.yml_(IaC)_', 'matrix-docker-ansible-deploy/roles/custom/matrix-bot-buscarron/tasks/main.yml_(IaC)_', 'matrix-docker-ansible-deploy/roles/custom/matrix-bot-chatgpt/tasks/main.yml_(IaC)_', 'matrix-docker-ansible-deploy/roles/custom/matrix-bot-draupnir/tasks/main.yml_(IaC)_', 'matrix-docker-ansible-deploy/roles/custom/matrix-bot-go-neb/tasks/main.yml_(IaC)_', 'matrix-docker-ansible-deploy/roles/custom/matrix-bot-honoroit/tasks/main.yml_(IaC)_', 'matrix-docker-ansible-deploy/roles/custom/matrix-bot-matrix-registration-bot/tasks/main.yml_(IaC)_', 'matrix-docker-ansible-deploy/roles/custom/matrix-bot-matrix-reminder-bot/tasks/main.yml_(IaC)_', 'matrix-docker-ansible-deploy/roles/custom/matrix-bot-maubot/tasks/main.yml_(IaC)_', 'matrix-docker-ansible-deploy/roles/custom/matrix-bot-mjolnir/tasks/main.yml_(IaC)_', 'matrix-docker-ansible-deploy/roles/custom/matrix-bot-postmoogle/tasks/main.yml_(IaC)_', 'matrix-docker-ansible-deploy/roles/custom/matrix-bridge-appservice-discord/tasks/main.yml_(IaC)_', 'matrix-docker-ansible-deploy/roles/custom/matrix-bridge-appservice-discord/tasks/setup_install.yml_(IaC)_', 'matrix-docker-ansible-deploy/roles/custom/matrix-bridge-appservice-irc/tasks/main.yml_(IaC)_', 'matrix-docker-ansible-deploy/roles/custom/matrix-bridge-appservice-irc/tasks/setup_install.yml_(IaC)_', 'matrix-docker-ansible-deploy/roles/custom/matrix-bridge-appservice-kakaotalk/tasks/main.yml_(IaC)_', 'matrix-docker-ansible-deploy/roles/custom/matrix-bridge-appservice-slack/tasks/main.yml_(IaC)_', 'matrix-docker-ansible-deploy/roles/custom/matrix-bridge-appservice-webhooks/tasks/main.yml_(IaC)_', 'matrix-docker-ansible-deploy/roles/custom/matrix-bridge-beeper-linkedin/tasks/main.yml_(IaC)_', 'matrix-docker-ansible-deploy/roles/custom/matrix-bridge-go-skype-bridge/tasks/main.yml_(IaC)_', 'matrix-docker-ansible-deploy/roles/custom/matrix-bridge-go-skype-bridge/tasks/setup_install.yml_(IaC)_', 'matrix-docker-ansible-deploy/roles/custom/matrix-bridge-heisenbridge/tasks/main.yml_(IaC)_', 'matrix-docker-ansible-deploy/roles/custom/matrix-bridge-hookshot/defaults/main.yml_(Other)_', 'matrix-docker-ansible-deploy/roles/custom/matrix-bridge-hookshot/tasks/main.yml_(IaC)_', 'matrix-docker-ansible-deploy/roles/custom/matrix-bridge-hookshot/tasks/setup_install.yml_(IaC)_', 'matrix-docker-ansible-deploy/roles/custom/matrix-bridge-mautrix-discord/tasks/main.yml_(IaC)_', 'matrix-docker-ansible-deploy/roles/custom/matrix-bridge-mautrix-facebook/tasks/main.yml_(IaC)_', 'matrix-docker-ansible-deploy/roles/custom/matrix-bridge-mautrix-facebook/tasks/setup_install.yml_(IaC)_', 'matrix-docker-ansible-deploy/roles/custom/matrix-bridge-mautrix-googlechat/tasks/main.yml_(IaC)_', 'matrix-docker-ansible-deploy/roles/custom/matrix-bridge-mautrix-googlechat/tasks/setup_install.yml_(IaC)_', 'matrix-docker-ansible-deploy/roles/custom/matrix-bridge-mautrix-hangouts/tasks/main.yml_(IaC)_', 'matrix-docker-ansible-deploy/roles/custom/matrix-bridge-mautrix-hangouts/tasks/setup_install.yml_(IaC)_', 'matrix-docker-ansible-deploy/roles/custom/matrix-bridge-mautrix-instagram/tasks/main.yml_(IaC)_', 'matrix-docker-ansible-deploy/roles/custom/matrix-bridge-mautrix-signal/tasks/main.yml_(IaC)_', 'matrix-docker-ansible-deploy/roles/custom/matrix-bridge-mautrix-slack/tasks/main.yml_(IaC)_', 'matrix-docker-ansible-deploy/roles/custom/matrix-bridge-mautrix-telegram/tasks/main.yml_(IaC)_', 'matrix-docker-ansible-deploy/roles/custom/matrix-bridge-mautrix-telegram/tasks/setup_install.yml_(IaC)_', 'matrix-docker-ansible-deploy/roles/custom/matrix-bridge-mautrix-twitter/tasks/main.yml_(IaC)_', 'matrix-docker-ansible-deploy/roles/custom/matrix-bridge-mautrix-whatsapp/tasks/setup_install.yml_(IaC)_', 'matrix-docker-ansible-deploy/roles/custom/matrix-bridge-mx-puppet-discord/tasks/main.yml_(IaC)_', 'matrix-docker-ansible-deploy/roles/custom/matrix-bridge-mx-puppet-groupme/tasks/main.yml_(IaC)_', 'matrix-docker-ansible-deploy/roles/custom/matrix-bridge-mx-puppet-groupme/tasks/setup_install.yml_(IaC)_', 'matrix-docker-ansible-deploy/roles/custom/matrix-bridge-mx-puppet-instagram/tasks/main.yml_(IaC)_', 'matrix-docker-ansible-deploy/roles/custom/matrix-bridge-mx-puppet-slack/tasks/main.yml_(IaC)_', 'matrix-docker-ansible-deploy/roles/custom/matrix-bridge-mx-puppet-slack/tasks/setup_install.yml_(IaC)_', 'matrix-docker-ansible-deploy/roles/custom/matrix-bridge-mx-puppet-steam/tasks/main.yml_(IaC)_', 'matrix-docker-ansible-deploy/roles/custom/matrix-bridge-mx-puppet-steam/tasks/setup_install.yml_(IaC)_', 'matrix-docker-ansible-deploy/roles/custom/matrix-bridge-mx-puppet-twitter/tasks/main.yml_(IaC)_', 'matrix-docker-ansible-deploy/roles/custom/matrix-bridge-mx-puppet-twitter/tasks/setup_install.yml_(IaC)_', 'matrix-docker-ansible-deploy/roles/custom/matrix-bridge-sms/tasks/main.yml_(IaC)_', 'matrix-docker-ansible-deploy/roles/custom/matrix-cactus-comments/tasks/main.yml_(IaC)_', 'matrix-docker-ansible-deploy/roles/custom/matrix-client-cinny/tasks/main.yml_(IaC)_', 'matrix-docker-ansible-deploy/roles/custom/matrix-client-element/tasks/main.yml_(IaC)_', 'matrix-docker-ansible-deploy/roles/custom/matrix-client-element/tasks/setup_install.yml_(IaC)_', 'matrix-docker-ansible-deploy/roles/custom/matrix-client-hydrogen/tasks/main.yml_(IaC)_', 'matrix-docker-ansible-deploy/roles/custom/matrix-common-after/tasks/main.yml_(IaC)_', 'matrix-docker-ansible-deploy/roles/custom/matrix-conduit/tasks/main.yml_(IaC)_', 'matrix-docker-ansible-deploy/roles/custom/matrix-corporal/tasks/main.yml_(IaC)_', 'matrix-docker-ansible-deploy/roles/custom/matrix-coturn/tasks/main.yml_(IaC)_', 'matrix-docker-ansible-deploy/roles/custom/matrix-coturn/tasks/setup_install.yml_(IaC)_', 'matrix-docker-ansible-deploy/roles/custom/matrix-dendrite/tasks/main.yml_(IaC)_', 'matrix-docker-ansible-deploy/roles/custom/matrix-dendrite/tasks/setup_install.yml_(IaC)_', 'matrix-docker-ansible-deploy/roles/custom/matrix-dimension/tasks/main.yml_(IaC)_', 'matrix-docker-ansible-deploy/roles/custom/matrix-dynamic-dns/tasks/main.yml_(IaC)_', 'matrix-docker-ansible-deploy/roles/custom/matrix-email2matrix/tasks/main.yml_(IaC)_', 'matrix-docker-ansible-deploy/roles/custom/matrix-jitsi/tasks/main.yml_(IaC)_', 'matrix-docker-ansible-deploy/roles/custom/matrix-jitsi/tasks/util/setup_jitsi_auth_uvs_install.yml_(IaC)_', 'matrix-docker-ansible-deploy/roles/custom/matrix-ldap-registration-proxy/tasks/main.yml_(IaC)_', 'matrix-docker-ansible-deploy/roles/custom/matrix-ma1sd/tasks/main.yml_(IaC)_', 'matrix-docker-ansible-deploy/roles/custom/matrix-ma1sd/tasks/setup_install.yml_(IaC)_', 'matrix-docker-ansible-deploy/roles/custom/matrix-mailer/tasks/main.yml_(IaC)_', 'matrix-docker-ansible-deploy/roles/custom/matrix-nginx-proxy/tasks/main.yml_(IaC)_', 'matrix-docker-ansible-deploy/roles/custom/matrix-nginx-proxy/tasks/ssl/setup_ssl_lets_encrypt_obtain_for_domain.yml_(IaC)_', 'matrix-docker-ansible-deploy/roles/custom/matrix-nginx-proxy/tasks/ssl/setup_ssl_self_signed_obtain_for_domain.yml_(IaC)_', 'matrix-docker-ansible-deploy/roles/custom/matrix-prometheus-nginxlog-exporter/tasks/main.yml_(IaC)_', 'matrix-docker-ansible-deploy/roles/custom/matrix-prometheus-services-proxy-connect/tasks/main.yml_(IaC)_', 'matrix-docker-ansible-deploy/roles/custom/matrix-prometheus/tasks/main.yml_(IaC)_', 'matrix-docker-ansible-deploy/roles/custom/matrix-rageshake/tasks/install.yml_(IaC)_', 'matrix-docker-ansible-deploy/roles/custom/matrix-rageshake/tasks/main.yml_(IaC)_', 'matrix-docker-ansible-deploy/roles/custom/matrix-registration/tasks/main.yml_(IaC)_', 'matrix-docker-ansible-deploy/roles/custom/matrix-sliding-sync/tasks/install.yml_(IaC)_', 'matrix-docker-ansible-deploy/roles/custom/matrix-sliding-sync/tasks/main.yml_(IaC)_', 'matrix-docker-ansible-deploy/roles/custom/matrix-sygnal/tasks/main.yml_(IaC)_', 'matrix-docker-ansible-deploy/roles/custom/matrix-synapse-admin/tasks/main.yml_(IaC)_', 'matrix-docker-ansible-deploy/roles/custom/matrix-synapse-reverse-proxy-companion/tasks/main.yml_(IaC)_', 'matrix-docker-ansible-deploy/roles/custom/matrix-synapse/tasks/ext/setup_install.yml_(IaC)_', 'matrix-docker-ansible-deploy/roles/custom/matrix-synapse/tasks/ext/setup_uninstall.yml_(IaC)_', 'matrix-docker-ansible-deploy/roles/custom/matrix-synapse/tasks/main.yml_(IaC)_', 'matrix-docker-ansible-deploy/roles/custom/matrix-synapse/tasks/setup_install.yml_(IaC)_', 'matrix-docker-ansible-deploy/roles/custom/matrix-synapse/tasks/setup_uninstall.yml_(IaC)_', 'matrix-docker-ansible-deploy/roles/custom/matrix-synapse/tasks/synapse/setup_install.yml_(IaC)_', 'matrix-docker-ansible-deploy/roles/custom/matrix-user-creator/tasks/main.yml_(IaC)_', 'matrix-docker-ansible-deploy/roles/custom/matrix-user-verification-service/tasks/main.yml_(IaC)_', 'matrix-docker-ansible-deploy/roles/custom/matrix_playbook_migration/tasks/main.yml_(IaC)_']]","['9eaf6944e3c6d8ea8f1094dc515713053e190573', 'dddfee16bc852fc989b057bd1867f0e85825846d']","[0.0, 0.7]","[0.0, 0.07216494845360824]","[0, 0.1308411214953271]","[0, 1]","[0, 1.0]"
"[10, 10]","[[99, 179, 599, 156, 163, 610, 31, 422, 613, 566], [99, 179, 599, 156, 163, 610, 31, 422, 613, 566]]","[['matrix-docker-ansible-deploy/roles/custom/matrix-bot-go-neb/tasks/main.yml_(IaC)_', 'matrix-docker-ansible-deploy/roles/custom/matrix-email2matrix/tasks/main.yml_(IaC)_', 'matrix-docker-ansible-deploy/roles/custom/matrix-bridge-mautrix-signal/tasks/main.yml_(IaC)_', 'matrix-docker-ansible-deploy/roles/custom/matrix-bot-postmoogle/tasks/main.yml_(IaC)_', 'matrix-docker-ansible-deploy/roles/custom/matrix-bridge-mautrix-facebook/tasks/setup_install.yml_(IaC)_', 'matrix-docker-ansible-deploy/roles/custom/matrix-bridge-mautrix-twitter/tasks/main.yml_(IaC)_', 'matrix-docker-ansible-deploy/roles/custom/matrix-bot-buscarron/tasks/main.yml_(IaC)_', 'matrix-docker-ansible-deploy/roles/custom/matrix-bridge-hookshot/tasks/main.yml_(IaC)_', 'matrix-docker-ansible-deploy/roles/custom/matrix-bridge-mautrix-twitter/templates/systemd/matrix-mautrix-twitter.service.j2_(Other)_', 'matrix-docker-ansible-deploy/roles/custom/matrix-bridge-appservice-irc/tasks/main.yml_(IaC)_'], ['matrix-docker-ansible-deploy/roles/custom/matrix-bot-go-neb/tasks/main.yml_(IaC)_', 'matrix-docker-ansible-deploy/roles/custom/matrix-email2matrix/tasks/main.yml_(IaC)_', 'matrix-docker-ansible-deploy/roles/custom/matrix-bridge-mautrix-signal/tasks/main.yml_(IaC)_', 'matrix-docker-ansible-deploy/roles/custom/matrix-bot-postmoogle/tasks/main.yml_(IaC)_', 'matrix-docker-ansible-deploy/roles/custom/matrix-bridge-mautrix-facebook/tasks/setup_install.yml_(IaC)_', 'matrix-docker-ansible-deploy/roles/custom/matrix-bridge-mautrix-twitter/tasks/main.yml_(IaC)_', 'matrix-docker-ansible-deploy/roles/custom/matrix-bot-buscarron/tasks/main.yml_(IaC)_', 'matrix-docker-ansible-deploy/roles/custom/matrix-bridge-hookshot/tasks/main.yml_(IaC)_', 'matrix-docker-ansible-deploy/roles/custom/matrix-bridge-mautrix-twitter/templates/systemd/matrix-mautrix-twitter.service.j2_(Other)_', 'matrix-docker-ansible-deploy/roles/custom/matrix-bridge-appservice-irc/tasks/main.yml_(IaC)_']]","[['matrix-docker-ansible-deploy/roles/custom/matrix-bridge-mautrix-facebook/tasks/inject_into_nginx_proxy.yml_(IaC)_', 'matrix-docker-ansible-deploy/roles/custom/matrix-bridge-mautrix-instagram/tasks/inject_into_nginx_proxy.yml_(IaC)_', 'matrix-docker-ansible-deploy/roles/custom/matrix-bridge-mautrix-instagram/tasks/main.yml_(IaC)_', 'matrix-docker-ansible-deploy/roles/custom/matrix-bridge-mautrix-signal/tasks/inject_into_nginx_proxy.yml_(IaC)_', 'matrix-docker-ansible-deploy/roles/custom/matrix-bridge-mautrix-signal/tasks/main.yml_(IaC)_', 'matrix-docker-ansible-deploy/roles/custom/matrix-bridge-mautrix-twitter/tasks/inject_into_nginx_proxy.yml_(IaC)_', 'matrix-docker-ansible-deploy/roles/custom/matrix-bridge-mautrix-twitter/tasks/main.yml_(IaC)_', 'matrix-docker-ansible-deploy/roles/custom/matrix-bridge-mautrix-whatsapp/defaults/main.yml_(Other)_', 'matrix-docker-ansible-deploy/roles/custom/matrix-bridge-mautrix-whatsapp/tasks/inject_into_nginx_proxy.yml_(IaC)_'], ['matrix-docker-ansible-deploy/roles/custom/etherpad-proxy-connect/tasks/main.yml_(IaC)_', 'matrix-docker-ansible-deploy/roles/custom/etherpad-proxy-connect/tasks/validate_config.yml_(IaC)_', 'matrix-docker-ansible-deploy/roles/custom/matrix-aux/tasks/main.yml_(IaC)_', 'matrix-docker-ansible-deploy/roles/custom/matrix-base/tasks/main.yml_(IaC)_', 'matrix-docker-ansible-deploy/roles/custom/matrix-bot-buscarron/tasks/main.yml_(IaC)_', 'matrix-docker-ansible-deploy/roles/custom/matrix-bot-chatgpt/tasks/main.yml_(IaC)_', 'matrix-docker-ansible-deploy/roles/custom/matrix-bot-draupnir/tasks/main.yml_(IaC)_', 'matrix-docker-ansible-deploy/roles/custom/matrix-bot-go-neb/tasks/main.yml_(IaC)_', 'matrix-docker-ansible-deploy/roles/custom/matrix-bot-honoroit/tasks/main.yml_(IaC)_', 'matrix-docker-ansible-deploy/roles/custom/matrix-bot-matrix-registration-bot/tasks/main.yml_(IaC)_', 'matrix-docker-ansible-deploy/roles/custom/matrix-bot-matrix-reminder-bot/tasks/main.yml_(IaC)_', 'matrix-docker-ansible-deploy/roles/custom/matrix-bot-maubot/tasks/main.yml_(IaC)_', 'matrix-docker-ansible-deploy/roles/custom/matrix-bot-mjolnir/tasks/main.yml_(IaC)_', 'matrix-docker-ansible-deploy/roles/custom/matrix-bot-postmoogle/tasks/main.yml_(IaC)_', 'matrix-docker-ansible-deploy/roles/custom/matrix-bridge-appservice-discord/tasks/main.yml_(IaC)_', 'matrix-docker-ansible-deploy/roles/custom/matrix-bridge-appservice-discord/tasks/setup_install.yml_(IaC)_', 'matrix-docker-ansible-deploy/roles/custom/matrix-bridge-appservice-irc/tasks/main.yml_(IaC)_', 'matrix-docker-ansible-deploy/roles/custom/matrix-bridge-appservice-irc/tasks/setup_install.yml_(IaC)_', 'matrix-docker-ansible-deploy/roles/custom/matrix-bridge-appservice-kakaotalk/tasks/main.yml_(IaC)_', 'matrix-docker-ansible-deploy/roles/custom/matrix-bridge-appservice-slack/tasks/main.yml_(IaC)_', 'matrix-docker-ansible-deploy/roles/custom/matrix-bridge-appservice-webhooks/tasks/main.yml_(IaC)_', 'matrix-docker-ansible-deploy/roles/custom/matrix-bridge-beeper-linkedin/tasks/main.yml_(IaC)_', 'matrix-docker-ansible-deploy/roles/custom/matrix-bridge-go-skype-bridge/tasks/main.yml_(IaC)_', 'matrix-docker-ansible-deploy/roles/custom/matrix-bridge-go-skype-bridge/tasks/setup_install.yml_(IaC)_', 'matrix-docker-ansible-deploy/roles/custom/matrix-bridge-heisenbridge/tasks/main.yml_(IaC)_', 'matrix-docker-ansible-deploy/roles/custom/matrix-bridge-hookshot/defaults/main.yml_(Other)_', 'matrix-docker-ansible-deploy/roles/custom/matrix-bridge-hookshot/tasks/main.yml_(IaC)_', 'matrix-docker-ansible-deploy/roles/custom/matrix-bridge-hookshot/tasks/setup_install.yml_(IaC)_', 'matrix-docker-ansible-deploy/roles/custom/matrix-bridge-mautrix-discord/tasks/main.yml_(IaC)_', 'matrix-docker-ansible-deploy/roles/custom/matrix-bridge-mautrix-facebook/tasks/main.yml_(IaC)_', 'matrix-docker-ansible-deploy/roles/custom/matrix-bridge-mautrix-facebook/tasks/setup_install.yml_(IaC)_', 'matrix-docker-ansible-deploy/roles/custom/matrix-bridge-mautrix-googlechat/tasks/main.yml_(IaC)_', 'matrix-docker-ansible-deploy/roles/custom/matrix-bridge-mautrix-googlechat/tasks/setup_install.yml_(IaC)_', 'matrix-docker-ansible-deploy/roles/custom/matrix-bridge-mautrix-hangouts/tasks/main.yml_(IaC)_', 'matrix-docker-ansible-deploy/roles/custom/matrix-bridge-mautrix-hangouts/tasks/setup_install.yml_(IaC)_', 'matrix-docker-ansible-deploy/roles/custom/matrix-bridge-mautrix-instagram/tasks/main.yml_(IaC)_', 'matrix-docker-ansible-deploy/roles/custom/matrix-bridge-mautrix-signal/tasks/main.yml_(IaC)_', 'matrix-docker-ansible-deploy/roles/custom/matrix-bridge-mautrix-slack/tasks/main.yml_(IaC)_', 'matrix-docker-ansible-deploy/roles/custom/matrix-bridge-mautrix-telegram/tasks/main.yml_(IaC)_', 'matrix-docker-ansible-deploy/roles/custom/matrix-bridge-mautrix-telegram/tasks/setup_install.yml_(IaC)_', 'matrix-docker-ansible-deploy/roles/custom/matrix-bridge-mautrix-twitter/tasks/main.yml_(IaC)_', 'matrix-docker-ansible-deploy/roles/custom/matrix-bridge-mautrix-whatsapp/tasks/setup_install.yml_(IaC)_', 'matrix-docker-ansible-deploy/roles/custom/matrix-bridge-mx-puppet-discord/tasks/main.yml_(IaC)_', 'matrix-docker-ansible-deploy/roles/custom/matrix-bridge-mx-puppet-groupme/tasks/main.yml_(IaC)_', 'matrix-docker-ansible-deploy/roles/custom/matrix-bridge-mx-puppet-groupme/tasks/setup_install.yml_(IaC)_', 'matrix-docker-ansible-deploy/roles/custom/matrix-bridge-mx-puppet-instagram/tasks/main.yml_(IaC)_', 'matrix-docker-ansible-deploy/roles/custom/matrix-bridge-mx-puppet-slack/tasks/main.yml_(IaC)_', 'matrix-docker-ansible-deploy/roles/custom/matrix-bridge-mx-puppet-slack/tasks/setup_install.yml_(IaC)_', 'matrix-docker-ansible-deploy/roles/custom/matrix-bridge-mx-puppet-steam/tasks/main.yml_(IaC)_', 'matrix-docker-ansible-deploy/roles/custom/matrix-bridge-mx-puppet-steam/tasks/setup_install.yml_(IaC)_', 'matrix-docker-ansible-deploy/roles/custom/matrix-bridge-mx-puppet-twitter/tasks/main.yml_(IaC)_', 'matrix-docker-ansible-deploy/roles/custom/matrix-bridge-mx-puppet-twitter/tasks/setup_install.yml_(IaC)_', 'matrix-docker-ansible-deploy/roles/custom/matrix-bridge-sms/tasks/main.yml_(IaC)_', 'matrix-docker-ansible-deploy/roles/custom/matrix-cactus-comments/tasks/main.yml_(IaC)_', 'matrix-docker-ansible-deploy/roles/custom/matrix-client-cinny/tasks/main.yml_(IaC)_', 'matrix-docker-ansible-deploy/roles/custom/matrix-client-element/tasks/main.yml_(IaC)_', 'matrix-docker-ansible-deploy/roles/custom/matrix-client-element/tasks/setup_install.yml_(IaC)_', 'matrix-docker-ansible-deploy/roles/custom/matrix-client-hydrogen/tasks/main.yml_(IaC)_', 'matrix-docker-ansible-deploy/roles/custom/matrix-common-after/tasks/main.yml_(IaC)_', 'matrix-docker-ansible-deploy/roles/custom/matrix-conduit/tasks/main.yml_(IaC)_', 'matrix-docker-ansible-deploy/roles/custom/matrix-corporal/tasks/main.yml_(IaC)_', 'matrix-docker-ansible-deploy/roles/custom/matrix-coturn/tasks/main.yml_(IaC)_', 'matrix-docker-ansible-deploy/roles/custom/matrix-coturn/tasks/setup_install.yml_(IaC)_', 'matrix-docker-ansible-deploy/roles/custom/matrix-dendrite/tasks/main.yml_(IaC)_', 'matrix-docker-ansible-deploy/roles/custom/matrix-dendrite/tasks/setup_install.yml_(IaC)_', 'matrix-docker-ansible-deploy/roles/custom/matrix-dimension/tasks/main.yml_(IaC)_', 'matrix-docker-ansible-deploy/roles/custom/matrix-dynamic-dns/tasks/main.yml_(IaC)_', 'matrix-docker-ansible-deploy/roles/custom/matrix-email2matrix/tasks/main.yml_(IaC)_', 'matrix-docker-ansible-deploy/roles/custom/matrix-jitsi/tasks/main.yml_(IaC)_', 'matrix-docker-ansible-deploy/roles/custom/matrix-jitsi/tasks/util/setup_jitsi_auth_uvs_install.yml_(IaC)_', 'matrix-docker-ansible-deploy/roles/custom/matrix-ldap-registration-proxy/tasks/main.yml_(IaC)_', 'matrix-docker-ansible-deploy/roles/custom/matrix-ma1sd/tasks/main.yml_(IaC)_', 'matrix-docker-ansible-deploy/roles/custom/matrix-ma1sd/tasks/setup_install.yml_(IaC)_', 'matrix-docker-ansible-deploy/roles/custom/matrix-mailer/tasks/main.yml_(IaC)_', 'matrix-docker-ansible-deploy/roles/custom/matrix-nginx-proxy/tasks/main.yml_(IaC)_', 'matrix-docker-ansible-deploy/roles/custom/matrix-nginx-proxy/tasks/ssl/setup_ssl_lets_encrypt_obtain_for_domain.yml_(IaC)_', 'matrix-docker-ansible-deploy/roles/custom/matrix-nginx-proxy/tasks/ssl/setup_ssl_self_signed_obtain_for_domain.yml_(IaC)_', 'matrix-docker-ansible-deploy/roles/custom/matrix-prometheus-nginxlog-exporter/tasks/main.yml_(IaC)_', 'matrix-docker-ansible-deploy/roles/custom/matrix-prometheus-services-proxy-connect/tasks/main.yml_(IaC)_', 'matrix-docker-ansible-deploy/roles/custom/matrix-prometheus/tasks/main.yml_(IaC)_', 'matrix-docker-ansible-deploy/roles/custom/matrix-rageshake/tasks/install.yml_(IaC)_', 'matrix-docker-ansible-deploy/roles/custom/matrix-rageshake/tasks/main.yml_(IaC)_', 'matrix-docker-ansible-deploy/roles/custom/matrix-registration/tasks/main.yml_(IaC)_', 'matrix-docker-ansible-deploy/roles/custom/matrix-sliding-sync/tasks/install.yml_(IaC)_', 'matrix-docker-ansible-deploy/roles/custom/matrix-sliding-sync/tasks/main.yml_(IaC)_', 'matrix-docker-ansible-deploy/roles/custom/matrix-sygnal/tasks/main.yml_(IaC)_', 'matrix-docker-ansible-deploy/roles/custom/matrix-synapse-admin/tasks/main.yml_(IaC)_', 'matrix-docker-ansible-deploy/roles/custom/matrix-synapse-reverse-proxy-companion/tasks/main.yml_(IaC)_', 'matrix-docker-ansible-deploy/roles/custom/matrix-synapse/tasks/ext/setup_install.yml_(IaC)_', 'matrix-docker-ansible-deploy/roles/custom/matrix-synapse/tasks/ext/setup_uninstall.yml_(IaC)_', 'matrix-docker-ansible-deploy/roles/custom/matrix-synapse/tasks/main.yml_(IaC)_', 'matrix-docker-ansible-deploy/roles/custom/matrix-synapse/tasks/setup_install.yml_(IaC)_', 'matrix-docker-ansible-deploy/roles/custom/matrix-synapse/tasks/setup_uninstall.yml_(IaC)_', 'matrix-docker-ansible-deploy/roles/custom/matrix-synapse/tasks/synapse/setup_install.yml_(IaC)_', 'matrix-docker-ansible-deploy/roles/custom/matrix-user-creator/tasks/main.yml_(IaC)_', 'matrix-docker-ansible-deploy/roles/custom/matrix-user-verification-service/tasks/main.yml_(IaC)_', 'matrix-docker-ansible-deploy/roles/custom/matrix_playbook_migration/tasks/main.yml_(IaC)_']]","['9eaf6944e3c6d8ea8f1094dc515713053e190573', 'dddfee16bc852fc989b057bd1867f0e85825846d']","[0.2, 0.9]","[0.2222222222222222, 0.09278350515463918]","[0.2105263157894737, 0.16822429906542058]","[1, 1]","[0.3333333333333333, 1.0]"
"[10, 10]","[[430, 599, 99, 333, 610, 126, 375, 518, 241, 254], [430, 599, 99, 333, 610, 126, 375, 518, 241, 254]]","[['matrix-docker-ansible-deploy/roles/custom/matrix-bridge-mautrix-discord/tasks/main.yml_(IaC)_', 'matrix-docker-ansible-deploy/roles/custom/matrix-bridge-mautrix-signal/tasks/main.yml_(IaC)_', 'matrix-docker-ansible-deploy/roles/custom/matrix-bot-go-neb/tasks/main.yml_(IaC)_', 'matrix-docker-ansible-deploy/roles/custom/matrix-bridge-mx-puppet-twitter/tasks/main.yml_(IaC)_', 'matrix-docker-ansible-deploy/roles/custom/matrix-bridge-mautrix-twitter/tasks/main.yml_(IaC)_', 'matrix-docker-ansible-deploy/roles/custom/matrix-bridge-mautrix-whatsapp/tasks/validate_config.yml_(IaC)_', 'matrix-docker-ansible-deploy/roles/custom/matrix-ma1sd/tasks/main.yml_(IaC)_', 'matrix-docker-ansible-deploy/roles/custom/matrix-rageshake/tasks/main.yml_(IaC)_', 'matrix-docker-ansible-deploy/roles/custom/matrix-nginx-proxy/defaults/main.yml_(Other)_', 'matrix-docker-ansible-deploy/roles/custom/matrix-nginx-proxy/templates/nginx/conf.d/matrix-conduit.conf.j2_(Other)_'], ['matrix-docker-ansible-deploy/roles/custom/matrix-bridge-mautrix-discord/tasks/main.yml_(IaC)_', 'matrix-docker-ansible-deploy/roles/custom/matrix-bridge-mautrix-signal/tasks/main.yml_(IaC)_', 'matrix-docker-ansible-deploy/roles/custom/matrix-bot-go-neb/tasks/main.yml_(IaC)_', 'matrix-docker-ansible-deploy/roles/custom/matrix-bridge-mx-puppet-twitter/tasks/main.yml_(IaC)_', 'matrix-docker-ansible-deploy/roles/custom/matrix-bridge-mautrix-twitter/tasks/main.yml_(IaC)_', 'matrix-docker-ansible-deploy/roles/custom/matrix-bridge-mautrix-whatsapp/tasks/validate_config.yml_(IaC)_', 'matrix-docker-ansible-deploy/roles/custom/matrix-ma1sd/tasks/main.yml_(IaC)_', 'matrix-docker-ansible-deploy/roles/custom/matrix-rageshake/tasks/main.yml_(IaC)_', 'matrix-docker-ansible-deploy/roles/custom/matrix-nginx-proxy/defaults/main.yml_(Other)_', 'matrix-docker-ansible-deploy/roles/custom/matrix-nginx-proxy/templates/nginx/conf.d/matrix-conduit.conf.j2_(Other)_']]","[['matrix-docker-ansible-deploy/roles/custom/matrix-bridge-mautrix-facebook/tasks/inject_into_nginx_proxy.yml_(IaC)_', 'matrix-docker-ansible-deploy/roles/custom/matrix-bridge-mautrix-instagram/tasks/inject_into_nginx_proxy.yml_(IaC)_', 'matrix-docker-ansible-deploy/roles/custom/matrix-bridge-mautrix-instagram/tasks/main.yml_(IaC)_', 'matrix-docker-ansible-deploy/roles/custom/matrix-bridge-mautrix-signal/tasks/inject_into_nginx_proxy.yml_(IaC)_', 'matrix-docker-ansible-deploy/roles/custom/matrix-bridge-mautrix-signal/tasks/main.yml_(IaC)_', 'matrix-docker-ansible-deploy/roles/custom/matrix-bridge-mautrix-twitter/tasks/inject_into_nginx_proxy.yml_(IaC)_', 'matrix-docker-ansible-deploy/roles/custom/matrix-bridge-mautrix-twitter/tasks/main.yml_(IaC)_', 'matrix-docker-ansible-deploy/roles/custom/matrix-bridge-mautrix-whatsapp/defaults/main.yml_(Other)_', 'matrix-docker-ansible-deploy/roles/custom/matrix-bridge-mautrix-whatsapp/tasks/inject_into_nginx_proxy.yml_(IaC)_'], ['matrix-docker-ansible-deploy/roles/custom/etherpad-proxy-connect/tasks/main.yml_(IaC)_', 'matrix-docker-ansible-deploy/roles/custom/etherpad-proxy-connect/tasks/validate_config.yml_(IaC)_', 'matrix-docker-ansible-deploy/roles/custom/matrix-aux/tasks/main.yml_(IaC)_', 'matrix-docker-ansible-deploy/roles/custom/matrix-base/tasks/main.yml_(IaC)_', 'matrix-docker-ansible-deploy/roles/custom/matrix-bot-buscarron/tasks/main.yml_(IaC)_', 'matrix-docker-ansible-deploy/roles/custom/matrix-bot-chatgpt/tasks/main.yml_(IaC)_', 'matrix-docker-ansible-deploy/roles/custom/matrix-bot-draupnir/tasks/main.yml_(IaC)_', 'matrix-docker-ansible-deploy/roles/custom/matrix-bot-go-neb/tasks/main.yml_(IaC)_', 'matrix-docker-ansible-deploy/roles/custom/matrix-bot-honoroit/tasks/main.yml_(IaC)_', 'matrix-docker-ansible-deploy/roles/custom/matrix-bot-matrix-registration-bot/tasks/main.yml_(IaC)_', 'matrix-docker-ansible-deploy/roles/custom/matrix-bot-matrix-reminder-bot/tasks/main.yml_(IaC)_', 'matrix-docker-ansible-deploy/roles/custom/matrix-bot-maubot/tasks/main.yml_(IaC)_', 'matrix-docker-ansible-deploy/roles/custom/matrix-bot-mjolnir/tasks/main.yml_(IaC)_', 'matrix-docker-ansible-deploy/roles/custom/matrix-bot-postmoogle/tasks/main.yml_(IaC)_', 'matrix-docker-ansible-deploy/roles/custom/matrix-bridge-appservice-discord/tasks/main.yml_(IaC)_', 'matrix-docker-ansible-deploy/roles/custom/matrix-bridge-appservice-discord/tasks/setup_install.yml_(IaC)_', 'matrix-docker-ansible-deploy/roles/custom/matrix-bridge-appservice-irc/tasks/main.yml_(IaC)_', 'matrix-docker-ansible-deploy/roles/custom/matrix-bridge-appservice-irc/tasks/setup_install.yml_(IaC)_', 'matrix-docker-ansible-deploy/roles/custom/matrix-bridge-appservice-kakaotalk/tasks/main.yml_(IaC)_', 'matrix-docker-ansible-deploy/roles/custom/matrix-bridge-appservice-slack/tasks/main.yml_(IaC)_', 'matrix-docker-ansible-deploy/roles/custom/matrix-bridge-appservice-webhooks/tasks/main.yml_(IaC)_', 'matrix-docker-ansible-deploy/roles/custom/matrix-bridge-beeper-linkedin/tasks/main.yml_(IaC)_', 'matrix-docker-ansible-deploy/roles/custom/matrix-bridge-go-skype-bridge/tasks/main.yml_(IaC)_', 'matrix-docker-ansible-deploy/roles/custom/matrix-bridge-go-skype-bridge/tasks/setup_install.yml_(IaC)_', 'matrix-docker-ansible-deploy/roles/custom/matrix-bridge-heisenbridge/tasks/main.yml_(IaC)_', 'matrix-docker-ansible-deploy/roles/custom/matrix-bridge-hookshot/defaults/main.yml_(Other)_', 'matrix-docker-ansible-deploy/roles/custom/matrix-bridge-hookshot/tasks/main.yml_(IaC)_', 'matrix-docker-ansible-deploy/roles/custom/matrix-bridge-hookshot/tasks/setup_install.yml_(IaC)_', 'matrix-docker-ansible-deploy/roles/custom/matrix-bridge-mautrix-discord/tasks/main.yml_(IaC)_', 'matrix-docker-ansible-deploy/roles/custom/matrix-bridge-mautrix-facebook/tasks/main.yml_(IaC)_', 'matrix-docker-ansible-deploy/roles/custom/matrix-bridge-mautrix-facebook/tasks/setup_install.yml_(IaC)_', 'matrix-docker-ansible-deploy/roles/custom/matrix-bridge-mautrix-googlechat/tasks/main.yml_(IaC)_', 'matrix-docker-ansible-deploy/roles/custom/matrix-bridge-mautrix-googlechat/tasks/setup_install.yml_(IaC)_', 'matrix-docker-ansible-deploy/roles/custom/matrix-bridge-mautrix-hangouts/tasks/main.yml_(IaC)_', 'matrix-docker-ansible-deploy/roles/custom/matrix-bridge-mautrix-hangouts/tasks/setup_install.yml_(IaC)_', 'matrix-docker-ansible-deploy/roles/custom/matrix-bridge-mautrix-instagram/tasks/main.yml_(IaC)_', 'matrix-docker-ansible-deploy/roles/custom/matrix-bridge-mautrix-signal/tasks/main.yml_(IaC)_', 'matrix-docker-ansible-deploy/roles/custom/matrix-bridge-mautrix-slack/tasks/main.yml_(IaC)_', 'matrix-docker-ansible-deploy/roles/custom/matrix-bridge-mautrix-telegram/tasks/main.yml_(IaC)_', 'matrix-docker-ansible-deploy/roles/custom/matrix-bridge-mautrix-telegram/tasks/setup_install.yml_(IaC)_', 'matrix-docker-ansible-deploy/roles/custom/matrix-bridge-mautrix-twitter/tasks/main.yml_(IaC)_', 'matrix-docker-ansible-deploy/roles/custom/matrix-bridge-mautrix-whatsapp/tasks/setup_install.yml_(IaC)_', 'matrix-docker-ansible-deploy/roles/custom/matrix-bridge-mx-puppet-discord/tasks/main.yml_(IaC)_', 'matrix-docker-ansible-deploy/roles/custom/matrix-bridge-mx-puppet-groupme/tasks/main.yml_(IaC)_', 'matrix-docker-ansible-deploy/roles/custom/matrix-bridge-mx-puppet-groupme/tasks/setup_install.yml_(IaC)_', 'matrix-docker-ansible-deploy/roles/custom/matrix-bridge-mx-puppet-instagram/tasks/main.yml_(IaC)_', 'matrix-docker-ansible-deploy/roles/custom/matrix-bridge-mx-puppet-slack/tasks/main.yml_(IaC)_', 'matrix-docker-ansible-deploy/roles/custom/matrix-bridge-mx-puppet-slack/tasks/setup_install.yml_(IaC)_', 'matrix-docker-ansible-deploy/roles/custom/matrix-bridge-mx-puppet-steam/tasks/main.yml_(IaC)_', 'matrix-docker-ansible-deploy/roles/custom/matrix-bridge-mx-puppet-steam/tasks/setup_install.yml_(IaC)_', 'matrix-docker-ansible-deploy/roles/custom/matrix-bridge-mx-puppet-twitter/tasks/main.yml_(IaC)_', 'matrix-docker-ansible-deploy/roles/custom/matrix-bridge-mx-puppet-twitter/tasks/setup_install.yml_(IaC)_', 'matrix-docker-ansible-deploy/roles/custom/matrix-bridge-sms/tasks/main.yml_(IaC)_', 'matrix-docker-ansible-deploy/roles/custom/matrix-cactus-comments/tasks/main.yml_(IaC)_', 'matrix-docker-ansible-deploy/roles/custom/matrix-client-cinny/tasks/main.yml_(IaC)_', 'matrix-docker-ansible-deploy/roles/custom/matrix-client-element/tasks/main.yml_(IaC)_', 'matrix-docker-ansible-deploy/roles/custom/matrix-client-element/tasks/setup_install.yml_(IaC)_', 'matrix-docker-ansible-deploy/roles/custom/matrix-client-hydrogen/tasks/main.yml_(IaC)_', 'matrix-docker-ansible-deploy/roles/custom/matrix-common-after/tasks/main.yml_(IaC)_', 'matrix-docker-ansible-deploy/roles/custom/matrix-conduit/tasks/main.yml_(IaC)_', 'matrix-docker-ansible-deploy/roles/custom/matrix-corporal/tasks/main.yml_(IaC)_', 'matrix-docker-ansible-deploy/roles/custom/matrix-coturn/tasks/main.yml_(IaC)_', 'matrix-docker-ansible-deploy/roles/custom/matrix-coturn/tasks/setup_install.yml_(IaC)_', 'matrix-docker-ansible-deploy/roles/custom/matrix-dendrite/tasks/main.yml_(IaC)_', 'matrix-docker-ansible-deploy/roles/custom/matrix-dendrite/tasks/setup_install.yml_(IaC)_', 'matrix-docker-ansible-deploy/roles/custom/matrix-dimension/tasks/main.yml_(IaC)_', 'matrix-docker-ansible-deploy/roles/custom/matrix-dynamic-dns/tasks/main.yml_(IaC)_', 'matrix-docker-ansible-deploy/roles/custom/matrix-email2matrix/tasks/main.yml_(IaC)_', 'matrix-docker-ansible-deploy/roles/custom/matrix-jitsi/tasks/main.yml_(IaC)_', 'matrix-docker-ansible-deploy/roles/custom/matrix-jitsi/tasks/util/setup_jitsi_auth_uvs_install.yml_(IaC)_', 'matrix-docker-ansible-deploy/roles/custom/matrix-ldap-registration-proxy/tasks/main.yml_(IaC)_', 'matrix-docker-ansible-deploy/roles/custom/matrix-ma1sd/tasks/main.yml_(IaC)_', 'matrix-docker-ansible-deploy/roles/custom/matrix-ma1sd/tasks/setup_install.yml_(IaC)_', 'matrix-docker-ansible-deploy/roles/custom/matrix-mailer/tasks/main.yml_(IaC)_', 'matrix-docker-ansible-deploy/roles/custom/matrix-nginx-proxy/tasks/main.yml_(IaC)_', 'matrix-docker-ansible-deploy/roles/custom/matrix-nginx-proxy/tasks/ssl/setup_ssl_lets_encrypt_obtain_for_domain.yml_(IaC)_', 'matrix-docker-ansible-deploy/roles/custom/matrix-nginx-proxy/tasks/ssl/setup_ssl_self_signed_obtain_for_domain.yml_(IaC)_', 'matrix-docker-ansible-deploy/roles/custom/matrix-prometheus-nginxlog-exporter/tasks/main.yml_(IaC)_', 'matrix-docker-ansible-deploy/roles/custom/matrix-prometheus-services-proxy-connect/tasks/main.yml_(IaC)_', 'matrix-docker-ansible-deploy/roles/custom/matrix-prometheus/tasks/main.yml_(IaC)_', 'matrix-docker-ansible-deploy/roles/custom/matrix-rageshake/tasks/install.yml_(IaC)_', 'matrix-docker-ansible-deploy/roles/custom/matrix-rageshake/tasks/main.yml_(IaC)_', 'matrix-docker-ansible-deploy/roles/custom/matrix-registration/tasks/main.yml_(IaC)_', 'matrix-docker-ansible-deploy/roles/custom/matrix-sliding-sync/tasks/install.yml_(IaC)_', 'matrix-docker-ansible-deploy/roles/custom/matrix-sliding-sync/tasks/main.yml_(IaC)_', 'matrix-docker-ansible-deploy/roles/custom/matrix-sygnal/tasks/main.yml_(IaC)_', 'matrix-docker-ansible-deploy/roles/custom/matrix-synapse-admin/tasks/main.yml_(IaC)_', 'matrix-docker-ansible-deploy/roles/custom/matrix-synapse-reverse-proxy-companion/tasks/main.yml_(IaC)_', 'matrix-docker-ansible-deploy/roles/custom/matrix-synapse/tasks/ext/setup_install.yml_(IaC)_', 'matrix-docker-ansible-deploy/roles/custom/matrix-synapse/tasks/ext/setup_uninstall.yml_(IaC)_', 'matrix-docker-ansible-deploy/roles/custom/matrix-synapse/tasks/main.yml_(IaC)_', 'matrix-docker-ansible-deploy/roles/custom/matrix-synapse/tasks/setup_install.yml_(IaC)_', 'matrix-docker-ansible-deploy/roles/custom/matrix-synapse/tasks/setup_uninstall.yml_(IaC)_', 'matrix-docker-ansible-deploy/roles/custom/matrix-synapse/tasks/synapse/setup_install.yml_(IaC)_', 'matrix-docker-ansible-deploy/roles/custom/matrix-user-creator/tasks/main.yml_(IaC)_', 'matrix-docker-ansible-deploy/roles/custom/matrix-user-verification-service/tasks/main.yml_(IaC)_', 'matrix-docker-ansible-deploy/roles/custom/matrix_playbook_migration/tasks/main.yml_(IaC)_']]","['9eaf6944e3c6d8ea8f1094dc515713053e190573', 'dddfee16bc852fc989b057bd1867f0e85825846d']","[0.2, 0.7]","[0.2222222222222222, 0.07216494845360824]","[0.2105263157894737, 0.1308411214953271]","[1, 1]","[0.5, 1.0]"
"[10, 10]","[[231, 24, 311, 406, 304, 599, 397, 492, 39, 610], [231, 24, 311, 406, 304, 599, 397, 492, 39, 610]]","[['matrix-docker-ansible-deploy/roles/custom/matrix-nginx-proxy/tasks/main.yml_(IaC)_', 'matrix-docker-ansible-deploy/roles/custom/matrix-conduit/tasks/main.yml_(IaC)_', 'matrix-docker-ansible-deploy/roles/custom/matrix-bridge-appservice-discord/tasks/main.yml_(IaC)_', 'matrix-docker-ansible-deploy/roles/custom/matrix-bridge-appservice-slack/tasks/main.yml_(IaC)_', 'matrix-docker-ansible-deploy/roles/custom/matrix-bridge-mx-puppet-groupme/tasks/main.yml_(IaC)_', 'matrix-docker-ansible-deploy/roles/custom/matrix-bridge-mautrix-signal/tasks/main.yml_(IaC)_', 'matrix-docker-ansible-deploy/roles/custom/matrix-bot-matrix-registration-bot/tasks/main.yml_(IaC)_', 'matrix-docker-ansible-deploy/roles/custom/matrix-synapse/templates/synapse/homeserver.yaml.j2_(Other)_', 'matrix-docker-ansible-deploy/roles/custom/matrix-dynamic-dns/tasks/main.yml_(IaC)_', 'matrix-docker-ansible-deploy/roles/custom/matrix-bridge-mautrix-twitter/tasks/main.yml_(IaC)_'], ['matrix-docker-ansible-deploy/roles/custom/matrix-nginx-proxy/tasks/main.yml_(IaC)_', 'matrix-docker-ansible-deploy/roles/custom/matrix-conduit/tasks/main.yml_(IaC)_', 'matrix-docker-ansible-deploy/roles/custom/matrix-bridge-appservice-discord/tasks/main.yml_(IaC)_', 'matrix-docker-ansible-deploy/roles/custom/matrix-bridge-appservice-slack/tasks/main.yml_(IaC)_', 'matrix-docker-ansible-deploy/roles/custom/matrix-bridge-mx-puppet-groupme/tasks/main.yml_(IaC)_', 'matrix-docker-ansible-deploy/roles/custom/matrix-bridge-mautrix-signal/tasks/main.yml_(IaC)_', 'matrix-docker-ansible-deploy/roles/custom/matrix-bot-matrix-registration-bot/tasks/main.yml_(IaC)_', 'matrix-docker-ansible-deploy/roles/custom/matrix-synapse/templates/synapse/homeserver.yaml.j2_(Other)_', 'matrix-docker-ansible-deploy/roles/custom/matrix-dynamic-dns/tasks/main.yml_(IaC)_', 'matrix-docker-ansible-deploy/roles/custom/matrix-bridge-mautrix-twitter/tasks/main.yml_(IaC)_']]","[['matrix-docker-ansible-deploy/roles/custom/matrix-bridge-mautrix-facebook/tasks/inject_into_nginx_proxy.yml_(IaC)_', 'matrix-docker-ansible-deploy/roles/custom/matrix-bridge-mautrix-instagram/tasks/inject_into_nginx_proxy.yml_(IaC)_', 'matrix-docker-ansible-deploy/roles/custom/matrix-bridge-mautrix-instagram/tasks/main.yml_(IaC)_', 'matrix-docker-ansible-deploy/roles/custom/matrix-bridge-mautrix-signal/tasks/inject_into_nginx_proxy.yml_(IaC)_', 'matrix-docker-ansible-deploy/roles/custom/matrix-bridge-mautrix-signal/tasks/main.yml_(IaC)_', 'matrix-docker-ansible-deploy/roles/custom/matrix-bridge-mautrix-twitter/tasks/inject_into_nginx_proxy.yml_(IaC)_', 'matrix-docker-ansible-deploy/roles/custom/matrix-bridge-mautrix-twitter/tasks/main.yml_(IaC)_', 'matrix-docker-ansible-deploy/roles/custom/matrix-bridge-mautrix-whatsapp/defaults/main.yml_(Other)_', 'matrix-docker-ansible-deploy/roles/custom/matrix-bridge-mautrix-whatsapp/tasks/inject_into_nginx_proxy.yml_(IaC)_'], ['matrix-docker-ansible-deploy/roles/custom/etherpad-proxy-connect/tasks/main.yml_(IaC)_', 'matrix-docker-ansible-deploy/roles/custom/etherpad-proxy-connect/tasks/validate_config.yml_(IaC)_', 'matrix-docker-ansible-deploy/roles/custom/matrix-aux/tasks/main.yml_(IaC)_', 'matrix-docker-ansible-deploy/roles/custom/matrix-base/tasks/main.yml_(IaC)_', 'matrix-docker-ansible-deploy/roles/custom/matrix-bot-buscarron/tasks/main.yml_(IaC)_', 'matrix-docker-ansible-deploy/roles/custom/matrix-bot-chatgpt/tasks/main.yml_(IaC)_', 'matrix-docker-ansible-deploy/roles/custom/matrix-bot-draupnir/tasks/main.yml_(IaC)_', 'matrix-docker-ansible-deploy/roles/custom/matrix-bot-go-neb/tasks/main.yml_(IaC)_', 'matrix-docker-ansible-deploy/roles/custom/matrix-bot-honoroit/tasks/main.yml_(IaC)_', 'matrix-docker-ansible-deploy/roles/custom/matrix-bot-matrix-registration-bot/tasks/main.yml_(IaC)_', 'matrix-docker-ansible-deploy/roles/custom/matrix-bot-matrix-reminder-bot/tasks/main.yml_(IaC)_', 'matrix-docker-ansible-deploy/roles/custom/matrix-bot-maubot/tasks/main.yml_(IaC)_', 'matrix-docker-ansible-deploy/roles/custom/matrix-bot-mjolnir/tasks/main.yml_(IaC)_', 'matrix-docker-ansible-deploy/roles/custom/matrix-bot-postmoogle/tasks/main.yml_(IaC)_', 'matrix-docker-ansible-deploy/roles/custom/matrix-bridge-appservice-discord/tasks/main.yml_(IaC)_', 'matrix-docker-ansible-deploy/roles/custom/matrix-bridge-appservice-discord/tasks/setup_install.yml_(IaC)_', 'matrix-docker-ansible-deploy/roles/custom/matrix-bridge-appservice-irc/tasks/main.yml_(IaC)_', 'matrix-docker-ansible-deploy/roles/custom/matrix-bridge-appservice-irc/tasks/setup_install.yml_(IaC)_', 'matrix-docker-ansible-deploy/roles/custom/matrix-bridge-appservice-kakaotalk/tasks/main.yml_(IaC)_', 'matrix-docker-ansible-deploy/roles/custom/matrix-bridge-appservice-slack/tasks/main.yml_(IaC)_', 'matrix-docker-ansible-deploy/roles/custom/matrix-bridge-appservice-webhooks/tasks/main.yml_(IaC)_', 'matrix-docker-ansible-deploy/roles/custom/matrix-bridge-beeper-linkedin/tasks/main.yml_(IaC)_', 'matrix-docker-ansible-deploy/roles/custom/matrix-bridge-go-skype-bridge/tasks/main.yml_(IaC)_', 'matrix-docker-ansible-deploy/roles/custom/matrix-bridge-go-skype-bridge/tasks/setup_install.yml_(IaC)_', 'matrix-docker-ansible-deploy/roles/custom/matrix-bridge-heisenbridge/tasks/main.yml_(IaC)_', 'matrix-docker-ansible-deploy/roles/custom/matrix-bridge-hookshot/defaults/main.yml_(Other)_', 'matrix-docker-ansible-deploy/roles/custom/matrix-bridge-hookshot/tasks/main.yml_(IaC)_', 'matrix-docker-ansible-deploy/roles/custom/matrix-bridge-hookshot/tasks/setup_install.yml_(IaC)_', 'matrix-docker-ansible-deploy/roles/custom/matrix-bridge-mautrix-discord/tasks/main.yml_(IaC)_', 'matrix-docker-ansible-deploy/roles/custom/matrix-bridge-mautrix-facebook/tasks/main.yml_(IaC)_', 'matrix-docker-ansible-deploy/roles/custom/matrix-bridge-mautrix-facebook/tasks/setup_install.yml_(IaC)_', 'matrix-docker-ansible-deploy/roles/custom/matrix-bridge-mautrix-googlechat/tasks/main.yml_(IaC)_', 'matrix-docker-ansible-deploy/roles/custom/matrix-bridge-mautrix-googlechat/tasks/setup_install.yml_(IaC)_', 'matrix-docker-ansible-deploy/roles/custom/matrix-bridge-mautrix-hangouts/tasks/main.yml_(IaC)_', 'matrix-docker-ansible-deploy/roles/custom/matrix-bridge-mautrix-hangouts/tasks/setup_install.yml_(IaC)_', 'matrix-docker-ansible-deploy/roles/custom/matrix-bridge-mautrix-instagram/tasks/main.yml_(IaC)_', 'matrix-docker-ansible-deploy/roles/custom/matrix-bridge-mautrix-signal/tasks/main.yml_(IaC)_', 'matrix-docker-ansible-deploy/roles/custom/matrix-bridge-mautrix-slack/tasks/main.yml_(IaC)_', 'matrix-docker-ansible-deploy/roles/custom/matrix-bridge-mautrix-telegram/tasks/main.yml_(IaC)_', 'matrix-docker-ansible-deploy/roles/custom/matrix-bridge-mautrix-telegram/tasks/setup_install.yml_(IaC)_', 'matrix-docker-ansible-deploy/roles/custom/matrix-bridge-mautrix-twitter/tasks/main.yml_(IaC)_', 'matrix-docker-ansible-deploy/roles/custom/matrix-bridge-mautrix-whatsapp/tasks/setup_install.yml_(IaC)_', 'matrix-docker-ansible-deploy/roles/custom/matrix-bridge-mx-puppet-discord/tasks/main.yml_(IaC)_', 'matrix-docker-ansible-deploy/roles/custom/matrix-bridge-mx-puppet-groupme/tasks/main.yml_(IaC)_', 'matrix-docker-ansible-deploy/roles/custom/matrix-bridge-mx-puppet-groupme/tasks/setup_install.yml_(IaC)_', 'matrix-docker-ansible-deploy/roles/custom/matrix-bridge-mx-puppet-instagram/tasks/main.yml_(IaC)_', 'matrix-docker-ansible-deploy/roles/custom/matrix-bridge-mx-puppet-slack/tasks/main.yml_(IaC)_', 'matrix-docker-ansible-deploy/roles/custom/matrix-bridge-mx-puppet-slack/tasks/setup_install.yml_(IaC)_', 'matrix-docker-ansible-deploy/roles/custom/matrix-bridge-mx-puppet-steam/tasks/main.yml_(IaC)_', 'matrix-docker-ansible-deploy/roles/custom/matrix-bridge-mx-puppet-steam/tasks/setup_install.yml_(IaC)_', 'matrix-docker-ansible-deploy/roles/custom/matrix-bridge-mx-puppet-twitter/tasks/main.yml_(IaC)_', 'matrix-docker-ansible-deploy/roles/custom/matrix-bridge-mx-puppet-twitter/tasks/setup_install.yml_(IaC)_', 'matrix-docker-ansible-deploy/roles/custom/matrix-bridge-sms/tasks/main.yml_(IaC)_', 'matrix-docker-ansible-deploy/roles/custom/matrix-cactus-comments/tasks/main.yml_(IaC)_', 'matrix-docker-ansible-deploy/roles/custom/matrix-client-cinny/tasks/main.yml_(IaC)_', 'matrix-docker-ansible-deploy/roles/custom/matrix-client-element/tasks/main.yml_(IaC)_', 'matrix-docker-ansible-deploy/roles/custom/matrix-client-element/tasks/setup_install.yml_(IaC)_', 'matrix-docker-ansible-deploy/roles/custom/matrix-client-hydrogen/tasks/main.yml_(IaC)_', 'matrix-docker-ansible-deploy/roles/custom/matrix-common-after/tasks/main.yml_(IaC)_', 'matrix-docker-ansible-deploy/roles/custom/matrix-conduit/tasks/main.yml_(IaC)_', 'matrix-docker-ansible-deploy/roles/custom/matrix-corporal/tasks/main.yml_(IaC)_', 'matrix-docker-ansible-deploy/roles/custom/matrix-coturn/tasks/main.yml_(IaC)_', 'matrix-docker-ansible-deploy/roles/custom/matrix-coturn/tasks/setup_install.yml_(IaC)_', 'matrix-docker-ansible-deploy/roles/custom/matrix-dendrite/tasks/main.yml_(IaC)_', 'matrix-docker-ansible-deploy/roles/custom/matrix-dendrite/tasks/setup_install.yml_(IaC)_', 'matrix-docker-ansible-deploy/roles/custom/matrix-dimension/tasks/main.yml_(IaC)_', 'matrix-docker-ansible-deploy/roles/custom/matrix-dynamic-dns/tasks/main.yml_(IaC)_', 'matrix-docker-ansible-deploy/roles/custom/matrix-email2matrix/tasks/main.yml_(IaC)_', 'matrix-docker-ansible-deploy/roles/custom/matrix-jitsi/tasks/main.yml_(IaC)_', 'matrix-docker-ansible-deploy/roles/custom/matrix-jitsi/tasks/util/setup_jitsi_auth_uvs_install.yml_(IaC)_', 'matrix-docker-ansible-deploy/roles/custom/matrix-ldap-registration-proxy/tasks/main.yml_(IaC)_', 'matrix-docker-ansible-deploy/roles/custom/matrix-ma1sd/tasks/main.yml_(IaC)_', 'matrix-docker-ansible-deploy/roles/custom/matrix-ma1sd/tasks/setup_install.yml_(IaC)_', 'matrix-docker-ansible-deploy/roles/custom/matrix-mailer/tasks/main.yml_(IaC)_', 'matrix-docker-ansible-deploy/roles/custom/matrix-nginx-proxy/tasks/main.yml_(IaC)_', 'matrix-docker-ansible-deploy/roles/custom/matrix-nginx-proxy/tasks/ssl/setup_ssl_lets_encrypt_obtain_for_domain.yml_(IaC)_', 'matrix-docker-ansible-deploy/roles/custom/matrix-nginx-proxy/tasks/ssl/setup_ssl_self_signed_obtain_for_domain.yml_(IaC)_', 'matrix-docker-ansible-deploy/roles/custom/matrix-prometheus-nginxlog-exporter/tasks/main.yml_(IaC)_', 'matrix-docker-ansible-deploy/roles/custom/matrix-prometheus-services-proxy-connect/tasks/main.yml_(IaC)_', 'matrix-docker-ansible-deploy/roles/custom/matrix-prometheus/tasks/main.yml_(IaC)_', 'matrix-docker-ansible-deploy/roles/custom/matrix-rageshake/tasks/install.yml_(IaC)_', 'matrix-docker-ansible-deploy/roles/custom/matrix-rageshake/tasks/main.yml_(IaC)_', 'matrix-docker-ansible-deploy/roles/custom/matrix-registration/tasks/main.yml_(IaC)_', 'matrix-docker-ansible-deploy/roles/custom/matrix-sliding-sync/tasks/install.yml_(IaC)_', 'matrix-docker-ansible-deploy/roles/custom/matrix-sliding-sync/tasks/main.yml_(IaC)_', 'matrix-docker-ansible-deploy/roles/custom/matrix-sygnal/tasks/main.yml_(IaC)_', 'matrix-docker-ansible-deploy/roles/custom/matrix-synapse-admin/tasks/main.yml_(IaC)_', 'matrix-docker-ansible-deploy/roles/custom/matrix-synapse-reverse-proxy-companion/tasks/main.yml_(IaC)_', 'matrix-docker-ansible-deploy/roles/custom/matrix-synapse/tasks/ext/setup_install.yml_(IaC)_', 'matrix-docker-ansible-deploy/roles/custom/matrix-synapse/tasks/ext/setup_uninstall.yml_(IaC)_', 'matrix-docker-ansible-deploy/roles/custom/matrix-synapse/tasks/main.yml_(IaC)_', 'matrix-docker-ansible-deploy/roles/custom/matrix-synapse/tasks/setup_install.yml_(IaC)_', 'matrix-docker-ansible-deploy/roles/custom/matrix-synapse/tasks/setup_uninstall.yml_(IaC)_', 'matrix-docker-ansible-deploy/roles/custom/matrix-synapse/tasks/synapse/setup_install.yml_(IaC)_', 'matrix-docker-ansible-deploy/roles/custom/matrix-user-creator/tasks/main.yml_(IaC)_', 'matrix-docker-ansible-deploy/roles/custom/matrix-user-verification-service/tasks/main.yml_(IaC)_', 'matrix-docker-ansible-deploy/roles/custom/matrix_playbook_migration/tasks/main.yml_(IaC)_']]","['9eaf6944e3c6d8ea8f1094dc515713053e190573', 'dddfee16bc852fc989b057bd1867f0e85825846d']","[0.2, 0.9]","[0.2222222222222222, 0.09278350515463918]","[0.2105263157894737, 0.16822429906542058]","[1, 1]","[0.16666666666666666, 1.0]"
"[10, 10]","[[430, 196, 85, 204, 527, 349, 62, 589, 203, 1], [430, 196, 85, 204, 527, 349, 62, 589, 203, 1]]","[['matrix-docker-ansible-deploy/roles/custom/matrix-bridge-mautrix-discord/tasks/main.yml_(IaC)_', 'matrix-docker-ansible-deploy/roles/custom/matrix-bridge-mautrix-telegram/tasks/main.yml_(IaC)_', 'matrix-docker-ansible-deploy/roles/custom/matrix-sygnal/tasks/main.yml_(IaC)_', 'matrix-docker-ansible-deploy/roles/custom/matrix-client-hydrogen/tasks/main.yml_(IaC)_', 'matrix-docker-ansible-deploy/roles/custom/matrix-bridge-appservice-webhooks/tasks/main.yml_(IaC)_', 'matrix-docker-ansible-deploy/roles/custom/matrix-registration/tasks/list_tokens.yml_(IaC)_', 'matrix-docker-ansible-deploy/roles/custom/matrix-synapse-auto-compressor/templates/matrix-synapse-auto-compressor.timer.j2_(Other)_', 'matrix-docker-ansible-deploy/roles/custom/matrix_playbook_migration/tasks/main.yml_(IaC)_', 'matrix-docker-ansible-deploy/roles/custom/matrix-client-hydrogen/tasks/setup_install.yml_(IaC)_', 'matrix-docker-ansible-deploy/setup.yml_(Other)_'], ['matrix-docker-ansible-deploy/roles/custom/matrix-bridge-mautrix-discord/tasks/main.yml_(IaC)_', 'matrix-docker-ansible-deploy/roles/custom/matrix-bridge-mautrix-telegram/tasks/main.yml_(IaC)_', 'matrix-docker-ansible-deploy/roles/custom/matrix-sygnal/tasks/main.yml_(IaC)_', 'matrix-docker-ansible-deploy/roles/custom/matrix-client-hydrogen/tasks/main.yml_(IaC)_', 'matrix-docker-ansible-deploy/roles/custom/matrix-bridge-appservice-webhooks/tasks/main.yml_(IaC)_', 'matrix-docker-ansible-deploy/roles/custom/matrix-registration/tasks/list_tokens.yml_(IaC)_', 'matrix-docker-ansible-deploy/roles/custom/matrix-synapse-auto-compressor/templates/matrix-synapse-auto-compressor.timer.j2_(Other)_', 'matrix-docker-ansible-deploy/roles/custom/matrix_playbook_migration/tasks/main.yml_(IaC)_', 'matrix-docker-ansible-deploy/roles/custom/matrix-client-hydrogen/tasks/setup_install.yml_(IaC)_', 'matrix-docker-ansible-deploy/setup.yml_(Other)_']]","[['matrix-docker-ansible-deploy/roles/custom/matrix-bridge-mautrix-facebook/tasks/inject_into_nginx_proxy.yml_(IaC)_', 'matrix-docker-ansible-deploy/roles/custom/matrix-bridge-mautrix-instagram/tasks/inject_into_nginx_proxy.yml_(IaC)_', 'matrix-docker-ansible-deploy/roles/custom/matrix-bridge-mautrix-instagram/tasks/main.yml_(IaC)_', 'matrix-docker-ansible-deploy/roles/custom/matrix-bridge-mautrix-signal/tasks/inject_into_nginx_proxy.yml_(IaC)_', 'matrix-docker-ansible-deploy/roles/custom/matrix-bridge-mautrix-signal/tasks/main.yml_(IaC)_', 'matrix-docker-ansible-deploy/roles/custom/matrix-bridge-mautrix-twitter/tasks/inject_into_nginx_proxy.yml_(IaC)_', 'matrix-docker-ansible-deploy/roles/custom/matrix-bridge-mautrix-twitter/tasks/main.yml_(IaC)_', 'matrix-docker-ansible-deploy/roles/custom/matrix-bridge-mautrix-whatsapp/defaults/main.yml_(Other)_', 'matrix-docker-ansible-deploy/roles/custom/matrix-bridge-mautrix-whatsapp/tasks/inject_into_nginx_proxy.yml_(IaC)_'], ['matrix-docker-ansible-deploy/roles/custom/etherpad-proxy-connect/tasks/main.yml_(IaC)_', 'matrix-docker-ansible-deploy/roles/custom/etherpad-proxy-connect/tasks/validate_config.yml_(IaC)_', 'matrix-docker-ansible-deploy/roles/custom/matrix-aux/tasks/main.yml_(IaC)_', 'matrix-docker-ansible-deploy/roles/custom/matrix-base/tasks/main.yml_(IaC)_', 'matrix-docker-ansible-deploy/roles/custom/matrix-bot-buscarron/tasks/main.yml_(IaC)_', 'matrix-docker-ansible-deploy/roles/custom/matrix-bot-chatgpt/tasks/main.yml_(IaC)_', 'matrix-docker-ansible-deploy/roles/custom/matrix-bot-draupnir/tasks/main.yml_(IaC)_', 'matrix-docker-ansible-deploy/roles/custom/matrix-bot-go-neb/tasks/main.yml_(IaC)_', 'matrix-docker-ansible-deploy/roles/custom/matrix-bot-honoroit/tasks/main.yml_(IaC)_', 'matrix-docker-ansible-deploy/roles/custom/matrix-bot-matrix-registration-bot/tasks/main.yml_(IaC)_', 'matrix-docker-ansible-deploy/roles/custom/matrix-bot-matrix-reminder-bot/tasks/main.yml_(IaC)_', 'matrix-docker-ansible-deploy/roles/custom/matrix-bot-maubot/tasks/main.yml_(IaC)_', 'matrix-docker-ansible-deploy/roles/custom/matrix-bot-mjolnir/tasks/main.yml_(IaC)_', 'matrix-docker-ansible-deploy/roles/custom/matrix-bot-postmoogle/tasks/main.yml_(IaC)_', 'matrix-docker-ansible-deploy/roles/custom/matrix-bridge-appservice-discord/tasks/main.yml_(IaC)_', 'matrix-docker-ansible-deploy/roles/custom/matrix-bridge-appservice-discord/tasks/setup_install.yml_(IaC)_', 'matrix-docker-ansible-deploy/roles/custom/matrix-bridge-appservice-irc/tasks/main.yml_(IaC)_', 'matrix-docker-ansible-deploy/roles/custom/matrix-bridge-appservice-irc/tasks/setup_install.yml_(IaC)_', 'matrix-docker-ansible-deploy/roles/custom/matrix-bridge-appservice-kakaotalk/tasks/main.yml_(IaC)_', 'matrix-docker-ansible-deploy/roles/custom/matrix-bridge-appservice-slack/tasks/main.yml_(IaC)_', 'matrix-docker-ansible-deploy/roles/custom/matrix-bridge-appservice-webhooks/tasks/main.yml_(IaC)_', 'matrix-docker-ansible-deploy/roles/custom/matrix-bridge-beeper-linkedin/tasks/main.yml_(IaC)_', 'matrix-docker-ansible-deploy/roles/custom/matrix-bridge-go-skype-bridge/tasks/main.yml_(IaC)_', 'matrix-docker-ansible-deploy/roles/custom/matrix-bridge-go-skype-bridge/tasks/setup_install.yml_(IaC)_', 'matrix-docker-ansible-deploy/roles/custom/matrix-bridge-heisenbridge/tasks/main.yml_(IaC)_', 'matrix-docker-ansible-deploy/roles/custom/matrix-bridge-hookshot/defaults/main.yml_(Other)_', 'matrix-docker-ansible-deploy/roles/custom/matrix-bridge-hookshot/tasks/main.yml_(IaC)_', 'matrix-docker-ansible-deploy/roles/custom/matrix-bridge-hookshot/tasks/setup_install.yml_(IaC)_', 'matrix-docker-ansible-deploy/roles/custom/matrix-bridge-mautrix-discord/tasks/main.yml_(IaC)_', 'matrix-docker-ansible-deploy/roles/custom/matrix-bridge-mautrix-facebook/tasks/main.yml_(IaC)_', 'matrix-docker-ansible-deploy/roles/custom/matrix-bridge-mautrix-facebook/tasks/setup_install.yml_(IaC)_', 'matrix-docker-ansible-deploy/roles/custom/matrix-bridge-mautrix-googlechat/tasks/main.yml_(IaC)_', 'matrix-docker-ansible-deploy/roles/custom/matrix-bridge-mautrix-googlechat/tasks/setup_install.yml_(IaC)_', 'matrix-docker-ansible-deploy/roles/custom/matrix-bridge-mautrix-hangouts/tasks/main.yml_(IaC)_', 'matrix-docker-ansible-deploy/roles/custom/matrix-bridge-mautrix-hangouts/tasks/setup_install.yml_(IaC)_', 'matrix-docker-ansible-deploy/roles/custom/matrix-bridge-mautrix-instagram/tasks/main.yml_(IaC)_', 'matrix-docker-ansible-deploy/roles/custom/matrix-bridge-mautrix-signal/tasks/main.yml_(IaC)_', 'matrix-docker-ansible-deploy/roles/custom/matrix-bridge-mautrix-slack/tasks/main.yml_(IaC)_', 'matrix-docker-ansible-deploy/roles/custom/matrix-bridge-mautrix-telegram/tasks/main.yml_(IaC)_', 'matrix-docker-ansible-deploy/roles/custom/matrix-bridge-mautrix-telegram/tasks/setup_install.yml_(IaC)_', 'matrix-docker-ansible-deploy/roles/custom/matrix-bridge-mautrix-twitter/tasks/main.yml_(IaC)_', 'matrix-docker-ansible-deploy/roles/custom/matrix-bridge-mautrix-whatsapp/tasks/setup_install.yml_(IaC)_', 'matrix-docker-ansible-deploy/roles/custom/matrix-bridge-mx-puppet-discord/tasks/main.yml_(IaC)_', 'matrix-docker-ansible-deploy/roles/custom/matrix-bridge-mx-puppet-groupme/tasks/main.yml_(IaC)_', 'matrix-docker-ansible-deploy/roles/custom/matrix-bridge-mx-puppet-groupme/tasks/setup_install.yml_(IaC)_', 'matrix-docker-ansible-deploy/roles/custom/matrix-bridge-mx-puppet-instagram/tasks/main.yml_(IaC)_', 'matrix-docker-ansible-deploy/roles/custom/matrix-bridge-mx-puppet-slack/tasks/main.yml_(IaC)_', 'matrix-docker-ansible-deploy/roles/custom/matrix-bridge-mx-puppet-slack/tasks/setup_install.yml_(IaC)_', 'matrix-docker-ansible-deploy/roles/custom/matrix-bridge-mx-puppet-steam/tasks/main.yml_(IaC)_', 'matrix-docker-ansible-deploy/roles/custom/matrix-bridge-mx-puppet-steam/tasks/setup_install.yml_(IaC)_', 'matrix-docker-ansible-deploy/roles/custom/matrix-bridge-mx-puppet-twitter/tasks/main.yml_(IaC)_', 'matrix-docker-ansible-deploy/roles/custom/matrix-bridge-mx-puppet-twitter/tasks/setup_install.yml_(IaC)_', 'matrix-docker-ansible-deploy/roles/custom/matrix-bridge-sms/tasks/main.yml_(IaC)_', 'matrix-docker-ansible-deploy/roles/custom/matrix-cactus-comments/tasks/main.yml_(IaC)_', 'matrix-docker-ansible-deploy/roles/custom/matrix-client-cinny/tasks/main.yml_(IaC)_', 'matrix-docker-ansible-deploy/roles/custom/matrix-client-element/tasks/main.yml_(IaC)_', 'matrix-docker-ansible-deploy/roles/custom/matrix-client-element/tasks/setup_install.yml_(IaC)_', 'matrix-docker-ansible-deploy/roles/custom/matrix-client-hydrogen/tasks/main.yml_(IaC)_', 'matrix-docker-ansible-deploy/roles/custom/matrix-common-after/tasks/main.yml_(IaC)_', 'matrix-docker-ansible-deploy/roles/custom/matrix-conduit/tasks/main.yml_(IaC)_', 'matrix-docker-ansible-deploy/roles/custom/matrix-corporal/tasks/main.yml_(IaC)_', 'matrix-docker-ansible-deploy/roles/custom/matrix-coturn/tasks/main.yml_(IaC)_', 'matrix-docker-ansible-deploy/roles/custom/matrix-coturn/tasks/setup_install.yml_(IaC)_', 'matrix-docker-ansible-deploy/roles/custom/matrix-dendrite/tasks/main.yml_(IaC)_', 'matrix-docker-ansible-deploy/roles/custom/matrix-dendrite/tasks/setup_install.yml_(IaC)_', 'matrix-docker-ansible-deploy/roles/custom/matrix-dimension/tasks/main.yml_(IaC)_', 'matrix-docker-ansible-deploy/roles/custom/matrix-dynamic-dns/tasks/main.yml_(IaC)_', 'matrix-docker-ansible-deploy/roles/custom/matrix-email2matrix/tasks/main.yml_(IaC)_', 'matrix-docker-ansible-deploy/roles/custom/matrix-jitsi/tasks/main.yml_(IaC)_', 'matrix-docker-ansible-deploy/roles/custom/matrix-jitsi/tasks/util/setup_jitsi_auth_uvs_install.yml_(IaC)_', 'matrix-docker-ansible-deploy/roles/custom/matrix-ldap-registration-proxy/tasks/main.yml_(IaC)_', 'matrix-docker-ansible-deploy/roles/custom/matrix-ma1sd/tasks/main.yml_(IaC)_', 'matrix-docker-ansible-deploy/roles/custom/matrix-ma1sd/tasks/setup_install.yml_(IaC)_', 'matrix-docker-ansible-deploy/roles/custom/matrix-mailer/tasks/main.yml_(IaC)_', 'matrix-docker-ansible-deploy/roles/custom/matrix-nginx-proxy/tasks/main.yml_(IaC)_', 'matrix-docker-ansible-deploy/roles/custom/matrix-nginx-proxy/tasks/ssl/setup_ssl_lets_encrypt_obtain_for_domain.yml_(IaC)_', 'matrix-docker-ansible-deploy/roles/custom/matrix-nginx-proxy/tasks/ssl/setup_ssl_self_signed_obtain_for_domain.yml_(IaC)_', 'matrix-docker-ansible-deploy/roles/custom/matrix-prometheus-nginxlog-exporter/tasks/main.yml_(IaC)_', 'matrix-docker-ansible-deploy/roles/custom/matrix-prometheus-services-proxy-connect/tasks/main.yml_(IaC)_', 'matrix-docker-ansible-deploy/roles/custom/matrix-prometheus/tasks/main.yml_(IaC)_', 'matrix-docker-ansible-deploy/roles/custom/matrix-rageshake/tasks/install.yml_(IaC)_', 'matrix-docker-ansible-deploy/roles/custom/matrix-rageshake/tasks/main.yml_(IaC)_', 'matrix-docker-ansible-deploy/roles/custom/matrix-registration/tasks/main.yml_(IaC)_', 'matrix-docker-ansible-deploy/roles/custom/matrix-sliding-sync/tasks/install.yml_(IaC)_', 'matrix-docker-ansible-deploy/roles/custom/matrix-sliding-sync/tasks/main.yml_(IaC)_', 'matrix-docker-ansible-deploy/roles/custom/matrix-sygnal/tasks/main.yml_(IaC)_', 'matrix-docker-ansible-deploy/roles/custom/matrix-synapse-admin/tasks/main.yml_(IaC)_', 'matrix-docker-ansible-deploy/roles/custom/matrix-synapse-reverse-proxy-companion/tasks/main.yml_(IaC)_', 'matrix-docker-ansible-deploy/roles/custom/matrix-synapse/tasks/ext/setup_install.yml_(IaC)_', 'matrix-docker-ansible-deploy/roles/custom/matrix-synapse/tasks/ext/setup_uninstall.yml_(IaC)_', 'matrix-docker-ansible-deploy/roles/custom/matrix-synapse/tasks/main.yml_(IaC)_', 'matrix-docker-ansible-deploy/roles/custom/matrix-synapse/tasks/setup_install.yml_(IaC)_', 'matrix-docker-ansible-deploy/roles/custom/matrix-synapse/tasks/setup_uninstall.yml_(IaC)_', 'matrix-docker-ansible-deploy/roles/custom/matrix-synapse/tasks/synapse/setup_install.yml_(IaC)_', 'matrix-docker-ansible-deploy/roles/custom/matrix-user-creator/tasks/main.yml_(IaC)_', 'matrix-docker-ansible-deploy/roles/custom/matrix-user-verification-service/tasks/main.yml_(IaC)_', 'matrix-docker-ansible-deploy/roles/custom/matrix_playbook_migration/tasks/main.yml_(IaC)_']]","['9eaf6944e3c6d8ea8f1094dc515713053e190573', 'dddfee16bc852fc989b057bd1867f0e85825846d']","[0.0, 0.6]","[0.0, 0.061855670103092786]","[0, 0.11214953271028037]","[0, 1]","[0, 1.0]"
"[10, 10]","[[231, 574, 12, 422, 582, 67, 172, 471, 525, 477], [231, 574, 12, 422, 582, 67, 172, 471, 525, 477]]","[['matrix-docker-ansible-deploy/roles/custom/matrix-nginx-proxy/tasks/main.yml_(IaC)_', 'matrix-docker-ansible-deploy/roles/custom/matrix-synapse-admin/tasks/main.yml_(IaC)_', 'matrix-docker-ansible-deploy/roles/custom/matrix-client-element/tasks/setup_install.yml_(IaC)_', 'matrix-docker-ansible-deploy/roles/custom/matrix-bridge-hookshot/tasks/main.yml_(IaC)_', 'matrix-docker-ansible-deploy/roles/custom/matrix-bridge-mautrix-hangouts/tasks/main.yml_(IaC)_', 'matrix-docker-ansible-deploy/roles/custom/matrix-bridge-appservice-kakaotalk/tasks/main.yml_(IaC)_', 'matrix-docker-ansible-deploy/roles/custom/matrix-bridge-mautrix-googlechat/tasks/main.yml_(IaC)_', 'matrix-docker-ansible-deploy/roles/custom/matrix-synapse/tasks/ext/mjolnir-antispam/setup_uninstall.yml_(IaC)_', 'matrix-docker-ansible-deploy/roles/custom/matrix-bridge-appservice-webhooks/tasks/inject_into_nginx_proxy.yml_(IaC)_', 'matrix-docker-ansible-deploy/roles/custom/matrix-synapse/tasks/ext/encryption-disabler/setup_install.yml_(IaC)_'], ['matrix-docker-ansible-deploy/roles/custom/matrix-nginx-proxy/tasks/main.yml_(IaC)_', 'matrix-docker-ansible-deploy/roles/custom/matrix-synapse-admin/tasks/main.yml_(IaC)_', 'matrix-docker-ansible-deploy/roles/custom/matrix-client-element/tasks/setup_install.yml_(IaC)_', 'matrix-docker-ansible-deploy/roles/custom/matrix-bridge-hookshot/tasks/main.yml_(IaC)_', 'matrix-docker-ansible-deploy/roles/custom/matrix-bridge-mautrix-hangouts/tasks/main.yml_(IaC)_', 'matrix-docker-ansible-deploy/roles/custom/matrix-bridge-appservice-kakaotalk/tasks/main.yml_(IaC)_', 'matrix-docker-ansible-deploy/roles/custom/matrix-bridge-mautrix-googlechat/tasks/main.yml_(IaC)_', 'matrix-docker-ansible-deploy/roles/custom/matrix-synapse/tasks/ext/mjolnir-antispam/setup_uninstall.yml_(IaC)_', 'matrix-docker-ansible-deploy/roles/custom/matrix-bridge-appservice-webhooks/tasks/inject_into_nginx_proxy.yml_(IaC)_', 'matrix-docker-ansible-deploy/roles/custom/matrix-synapse/tasks/ext/encryption-disabler/setup_install.yml_(IaC)_']]","[['matrix-docker-ansible-deploy/roles/custom/matrix-bridge-mautrix-facebook/tasks/inject_into_nginx_proxy.yml_(IaC)_', 'matrix-docker-ansible-deploy/roles/custom/matrix-bridge-mautrix-instagram/tasks/inject_into_nginx_proxy.yml_(IaC)_', 'matrix-docker-ansible-deploy/roles/custom/matrix-bridge-mautrix-instagram/tasks/main.yml_(IaC)_', 'matrix-docker-ansible-deploy/roles/custom/matrix-bridge-mautrix-signal/tasks/inject_into_nginx_proxy.yml_(IaC)_', 'matrix-docker-ansible-deploy/roles/custom/matrix-bridge-mautrix-signal/tasks/main.yml_(IaC)_', 'matrix-docker-ansible-deploy/roles/custom/matrix-bridge-mautrix-twitter/tasks/inject_into_nginx_proxy.yml_(IaC)_', 'matrix-docker-ansible-deploy/roles/custom/matrix-bridge-mautrix-twitter/tasks/main.yml_(IaC)_', 'matrix-docker-ansible-deploy/roles/custom/matrix-bridge-mautrix-whatsapp/defaults/main.yml_(Other)_', 'matrix-docker-ansible-deploy/roles/custom/matrix-bridge-mautrix-whatsapp/tasks/inject_into_nginx_proxy.yml_(IaC)_'], ['matrix-docker-ansible-deploy/roles/custom/etherpad-proxy-connect/tasks/main.yml_(IaC)_', 'matrix-docker-ansible-deploy/roles/custom/etherpad-proxy-connect/tasks/validate_config.yml_(IaC)_', 'matrix-docker-ansible-deploy/roles/custom/matrix-aux/tasks/main.yml_(IaC)_', 'matrix-docker-ansible-deploy/roles/custom/matrix-base/tasks/main.yml_(IaC)_', 'matrix-docker-ansible-deploy/roles/custom/matrix-bot-buscarron/tasks/main.yml_(IaC)_', 'matrix-docker-ansible-deploy/roles/custom/matrix-bot-chatgpt/tasks/main.yml_(IaC)_', 'matrix-docker-ansible-deploy/roles/custom/matrix-bot-draupnir/tasks/main.yml_(IaC)_', 'matrix-docker-ansible-deploy/roles/custom/matrix-bot-go-neb/tasks/main.yml_(IaC)_', 'matrix-docker-ansible-deploy/roles/custom/matrix-bot-honoroit/tasks/main.yml_(IaC)_', 'matrix-docker-ansible-deploy/roles/custom/matrix-bot-matrix-registration-bot/tasks/main.yml_(IaC)_', 'matrix-docker-ansible-deploy/roles/custom/matrix-bot-matrix-reminder-bot/tasks/main.yml_(IaC)_', 'matrix-docker-ansible-deploy/roles/custom/matrix-bot-maubot/tasks/main.yml_(IaC)_', 'matrix-docker-ansible-deploy/roles/custom/matrix-bot-mjolnir/tasks/main.yml_(IaC)_', 'matrix-docker-ansible-deploy/roles/custom/matrix-bot-postmoogle/tasks/main.yml_(IaC)_', 'matrix-docker-ansible-deploy/roles/custom/matrix-bridge-appservice-discord/tasks/main.yml_(IaC)_', 'matrix-docker-ansible-deploy/roles/custom/matrix-bridge-appservice-discord/tasks/setup_install.yml_(IaC)_', 'matrix-docker-ansible-deploy/roles/custom/matrix-bridge-appservice-irc/tasks/main.yml_(IaC)_', 'matrix-docker-ansible-deploy/roles/custom/matrix-bridge-appservice-irc/tasks/setup_install.yml_(IaC)_', 'matrix-docker-ansible-deploy/roles/custom/matrix-bridge-appservice-kakaotalk/tasks/main.yml_(IaC)_', 'matrix-docker-ansible-deploy/roles/custom/matrix-bridge-appservice-slack/tasks/main.yml_(IaC)_', 'matrix-docker-ansible-deploy/roles/custom/matrix-bridge-appservice-webhooks/tasks/main.yml_(IaC)_', 'matrix-docker-ansible-deploy/roles/custom/matrix-bridge-beeper-linkedin/tasks/main.yml_(IaC)_', 'matrix-docker-ansible-deploy/roles/custom/matrix-bridge-go-skype-bridge/tasks/main.yml_(IaC)_', 'matrix-docker-ansible-deploy/roles/custom/matrix-bridge-go-skype-bridge/tasks/setup_install.yml_(IaC)_', 'matrix-docker-ansible-deploy/roles/custom/matrix-bridge-heisenbridge/tasks/main.yml_(IaC)_', 'matrix-docker-ansible-deploy/roles/custom/matrix-bridge-hookshot/defaults/main.yml_(Other)_', 'matrix-docker-ansible-deploy/roles/custom/matrix-bridge-hookshot/tasks/main.yml_(IaC)_', 'matrix-docker-ansible-deploy/roles/custom/matrix-bridge-hookshot/tasks/setup_install.yml_(IaC)_', 'matrix-docker-ansible-deploy/roles/custom/matrix-bridge-mautrix-discord/tasks/main.yml_(IaC)_', 'matrix-docker-ansible-deploy/roles/custom/matrix-bridge-mautrix-facebook/tasks/main.yml_(IaC)_', 'matrix-docker-ansible-deploy/roles/custom/matrix-bridge-mautrix-facebook/tasks/setup_install.yml_(IaC)_', 'matrix-docker-ansible-deploy/roles/custom/matrix-bridge-mautrix-googlechat/tasks/main.yml_(IaC)_', 'matrix-docker-ansible-deploy/roles/custom/matrix-bridge-mautrix-googlechat/tasks/setup_install.yml_(IaC)_', 'matrix-docker-ansible-deploy/roles/custom/matrix-bridge-mautrix-hangouts/tasks/main.yml_(IaC)_', 'matrix-docker-ansible-deploy/roles/custom/matrix-bridge-mautrix-hangouts/tasks/setup_install.yml_(IaC)_', 'matrix-docker-ansible-deploy/roles/custom/matrix-bridge-mautrix-instagram/tasks/main.yml_(IaC)_', 'matrix-docker-ansible-deploy/roles/custom/matrix-bridge-mautrix-signal/tasks/main.yml_(IaC)_', 'matrix-docker-ansible-deploy/roles/custom/matrix-bridge-mautrix-slack/tasks/main.yml_(IaC)_', 'matrix-docker-ansible-deploy/roles/custom/matrix-bridge-mautrix-telegram/tasks/main.yml_(IaC)_', 'matrix-docker-ansible-deploy/roles/custom/matrix-bridge-mautrix-telegram/tasks/setup_install.yml_(IaC)_', 'matrix-docker-ansible-deploy/roles/custom/matrix-bridge-mautrix-twitter/tasks/main.yml_(IaC)_', 'matrix-docker-ansible-deploy/roles/custom/matrix-bridge-mautrix-whatsapp/tasks/setup_install.yml_(IaC)_', 'matrix-docker-ansible-deploy/roles/custom/matrix-bridge-mx-puppet-discord/tasks/main.yml_(IaC)_', 'matrix-docker-ansible-deploy/roles/custom/matrix-bridge-mx-puppet-groupme/tasks/main.yml_(IaC)_', 'matrix-docker-ansible-deploy/roles/custom/matrix-bridge-mx-puppet-groupme/tasks/setup_install.yml_(IaC)_', 'matrix-docker-ansible-deploy/roles/custom/matrix-bridge-mx-puppet-instagram/tasks/main.yml_(IaC)_', 'matrix-docker-ansible-deploy/roles/custom/matrix-bridge-mx-puppet-slack/tasks/main.yml_(IaC)_', 'matrix-docker-ansible-deploy/roles/custom/matrix-bridge-mx-puppet-slack/tasks/setup_install.yml_(IaC)_', 'matrix-docker-ansible-deploy/roles/custom/matrix-bridge-mx-puppet-steam/tasks/main.yml_(IaC)_', 'matrix-docker-ansible-deploy/roles/custom/matrix-bridge-mx-puppet-steam/tasks/setup_install.yml_(IaC)_', 'matrix-docker-ansible-deploy/roles/custom/matrix-bridge-mx-puppet-twitter/tasks/main.yml_(IaC)_', 'matrix-docker-ansible-deploy/roles/custom/matrix-bridge-mx-puppet-twitter/tasks/setup_install.yml_(IaC)_', 'matrix-docker-ansible-deploy/roles/custom/matrix-bridge-sms/tasks/main.yml_(IaC)_', 'matrix-docker-ansible-deploy/roles/custom/matrix-cactus-comments/tasks/main.yml_(IaC)_', 'matrix-docker-ansible-deploy/roles/custom/matrix-client-cinny/tasks/main.yml_(IaC)_', 'matrix-docker-ansible-deploy/roles/custom/matrix-client-element/tasks/main.yml_(IaC)_', 'matrix-docker-ansible-deploy/roles/custom/matrix-client-element/tasks/setup_install.yml_(IaC)_', 'matrix-docker-ansible-deploy/roles/custom/matrix-client-hydrogen/tasks/main.yml_(IaC)_', 'matrix-docker-ansible-deploy/roles/custom/matrix-common-after/tasks/main.yml_(IaC)_', 'matrix-docker-ansible-deploy/roles/custom/matrix-conduit/tasks/main.yml_(IaC)_', 'matrix-docker-ansible-deploy/roles/custom/matrix-corporal/tasks/main.yml_(IaC)_', 'matrix-docker-ansible-deploy/roles/custom/matrix-coturn/tasks/main.yml_(IaC)_', 'matrix-docker-ansible-deploy/roles/custom/matrix-coturn/tasks/setup_install.yml_(IaC)_', 'matrix-docker-ansible-deploy/roles/custom/matrix-dendrite/tasks/main.yml_(IaC)_', 'matrix-docker-ansible-deploy/roles/custom/matrix-dendrite/tasks/setup_install.yml_(IaC)_', 'matrix-docker-ansible-deploy/roles/custom/matrix-dimension/tasks/main.yml_(IaC)_', 'matrix-docker-ansible-deploy/roles/custom/matrix-dynamic-dns/tasks/main.yml_(IaC)_', 'matrix-docker-ansible-deploy/roles/custom/matrix-email2matrix/tasks/main.yml_(IaC)_', 'matrix-docker-ansible-deploy/roles/custom/matrix-jitsi/tasks/main.yml_(IaC)_', 'matrix-docker-ansible-deploy/roles/custom/matrix-jitsi/tasks/util/setup_jitsi_auth_uvs_install.yml_(IaC)_', 'matrix-docker-ansible-deploy/roles/custom/matrix-ldap-registration-proxy/tasks/main.yml_(IaC)_', 'matrix-docker-ansible-deploy/roles/custom/matrix-ma1sd/tasks/main.yml_(IaC)_', 'matrix-docker-ansible-deploy/roles/custom/matrix-ma1sd/tasks/setup_install.yml_(IaC)_', 'matrix-docker-ansible-deploy/roles/custom/matrix-mailer/tasks/main.yml_(IaC)_', 'matrix-docker-ansible-deploy/roles/custom/matrix-nginx-proxy/tasks/main.yml_(IaC)_', 'matrix-docker-ansible-deploy/roles/custom/matrix-nginx-proxy/tasks/ssl/setup_ssl_lets_encrypt_obtain_for_domain.yml_(IaC)_', 'matrix-docker-ansible-deploy/roles/custom/matrix-nginx-proxy/tasks/ssl/setup_ssl_self_signed_obtain_for_domain.yml_(IaC)_', 'matrix-docker-ansible-deploy/roles/custom/matrix-prometheus-nginxlog-exporter/tasks/main.yml_(IaC)_', 'matrix-docker-ansible-deploy/roles/custom/matrix-prometheus-services-proxy-connect/tasks/main.yml_(IaC)_', 'matrix-docker-ansible-deploy/roles/custom/matrix-prometheus/tasks/main.yml_(IaC)_', 'matrix-docker-ansible-deploy/roles/custom/matrix-rageshake/tasks/install.yml_(IaC)_', 'matrix-docker-ansible-deploy/roles/custom/matrix-rageshake/tasks/main.yml_(IaC)_', 'matrix-docker-ansible-deploy/roles/custom/matrix-registration/tasks/main.yml_(IaC)_', 'matrix-docker-ansible-deploy/roles/custom/matrix-sliding-sync/tasks/install.yml_(IaC)_', 'matrix-docker-ansible-deploy/roles/custom/matrix-sliding-sync/tasks/main.yml_(IaC)_', 'matrix-docker-ansible-deploy/roles/custom/matrix-sygnal/tasks/main.yml_(IaC)_', 'matrix-docker-ansible-deploy/roles/custom/matrix-synapse-admin/tasks/main.yml_(IaC)_', 'matrix-docker-ansible-deploy/roles/custom/matrix-synapse-reverse-proxy-companion/tasks/main.yml_(IaC)_', 'matrix-docker-ansible-deploy/roles/custom/matrix-synapse/tasks/ext/setup_install.yml_(IaC)_', 'matrix-docker-ansible-deploy/roles/custom/matrix-synapse/tasks/ext/setup_uninstall.yml_(IaC)_', 'matrix-docker-ansible-deploy/roles/custom/matrix-synapse/tasks/main.yml_(IaC)_', 'matrix-docker-ansible-deploy/roles/custom/matrix-synapse/tasks/setup_install.yml_(IaC)_', 'matrix-docker-ansible-deploy/roles/custom/matrix-synapse/tasks/setup_uninstall.yml_(IaC)_', 'matrix-docker-ansible-deploy/roles/custom/matrix-synapse/tasks/synapse/setup_install.yml_(IaC)_', 'matrix-docker-ansible-deploy/roles/custom/matrix-user-creator/tasks/main.yml_(IaC)_', 'matrix-docker-ansible-deploy/roles/custom/matrix-user-verification-service/tasks/main.yml_(IaC)_', 'matrix-docker-ansible-deploy/roles/custom/matrix_playbook_migration/tasks/main.yml_(IaC)_']]","['9eaf6944e3c6d8ea8f1094dc515713053e190573', 'dddfee16bc852fc989b057bd1867f0e85825846d']","[0.0, 0.7]","[0.0, 0.07216494845360824]","[0, 0.1308411214953271]","[0, 1]","[0, 1.0]"
"[10, 10]","[[430, 99, 108, 607, 390, 129, 311, 13, 156, 277, 437], [430, 99, 108, 607, 390, 129, 311, 13, 156, 277, 437]]","[['matrix-docker-ansible-deploy/roles/custom/matrix-bridge-mautrix-discord/tasks/main.yml_(IaC)_', 'matrix-docker-ansible-deploy/roles/custom/matrix-bot-go-neb/tasks/main.yml_(IaC)_', 'matrix-docker-ansible-deploy/roles/custom/matrix-bridge-mx-puppet-steam/tasks/main.yml_(IaC)_', 'matrix-docker-ansible-deploy/roles/custom/matrix-bridge-mautrix-twitter/tasks/setup_uninstall.yml_(IaC)_', 'matrix-docker-ansible-deploy/roles/custom/matrix-mailer/tasks/main.yml_(IaC)_', 'matrix-docker-ansible-deploy/roles/custom/matrix-bridge-mautrix-whatsapp/tasks/setup_install.yml_(IaC)_', 'matrix-docker-ansible-deploy/roles/custom/matrix-bridge-appservice-discord/tasks/main.yml_(IaC)_', 'matrix-docker-ansible-deploy/roles/custom/matrix-client-element/tasks/main.yml_(IaC)_', 'matrix-docker-ansible-deploy/roles/custom/matrix-bot-postmoogle/tasks/main.yml_(IaC)_', 'matrix-docker-ansible-deploy/roles/custom/matrix-bridge-heisenbridge/tasks/setup_uninstall.yml_(IaC)_', 'matrix-docker-ansible-deploy/roles/custom/matrix-ldap-registration-proxy/tasks/setup_install.yml_(IaC)_'], ['matrix-docker-ansible-deploy/roles/custom/matrix-bridge-mautrix-discord/tasks/main.yml_(IaC)_', 'matrix-docker-ansible-deploy/roles/custom/matrix-bot-go-neb/tasks/main.yml_(IaC)_', 'matrix-docker-ansible-deploy/roles/custom/matrix-bridge-mx-puppet-steam/tasks/main.yml_(IaC)_', 'matrix-docker-ansible-deploy/roles/custom/matrix-bridge-mautrix-twitter/tasks/setup_uninstall.yml_(IaC)_', 'matrix-docker-ansible-deploy/roles/custom/matrix-mailer/tasks/main.yml_(IaC)_', 'matrix-docker-ansible-deploy/roles/custom/matrix-bridge-mautrix-whatsapp/tasks/setup_install.yml_(IaC)_', 'matrix-docker-ansible-deploy/roles/custom/matrix-bridge-appservice-discord/tasks/main.yml_(IaC)_', 'matrix-docker-ansible-deploy/roles/custom/matrix-client-element/tasks/main.yml_(IaC)_', 'matrix-docker-ansible-deploy/roles/custom/matrix-bot-postmoogle/tasks/main.yml_(IaC)_', 'matrix-docker-ansible-deploy/roles/custom/matrix-bridge-heisenbridge/tasks/setup_uninstall.yml_(IaC)_', 'matrix-docker-ansible-deploy/roles/custom/matrix-ldap-registration-proxy/tasks/setup_install.yml_(IaC)_']]","[['matrix-docker-ansible-deploy/roles/custom/matrix-bridge-mautrix-facebook/tasks/inject_into_nginx_proxy.yml_(IaC)_', 'matrix-docker-ansible-deploy/roles/custom/matrix-bridge-mautrix-instagram/tasks/inject_into_nginx_proxy.yml_(IaC)_', 'matrix-docker-ansible-deploy/roles/custom/matrix-bridge-mautrix-instagram/tasks/main.yml_(IaC)_', 'matrix-docker-ansible-deploy/roles/custom/matrix-bridge-mautrix-signal/tasks/inject_into_nginx_proxy.yml_(IaC)_', 'matrix-docker-ansible-deploy/roles/custom/matrix-bridge-mautrix-signal/tasks/main.yml_(IaC)_', 'matrix-docker-ansible-deploy/roles/custom/matrix-bridge-mautrix-twitter/tasks/inject_into_nginx_proxy.yml_(IaC)_', 'matrix-docker-ansible-deploy/roles/custom/matrix-bridge-mautrix-twitter/tasks/main.yml_(IaC)_', 'matrix-docker-ansible-deploy/roles/custom/matrix-bridge-mautrix-whatsapp/defaults/main.yml_(Other)_', 'matrix-docker-ansible-deploy/roles/custom/matrix-bridge-mautrix-whatsapp/tasks/inject_into_nginx_proxy.yml_(IaC)_'], ['matrix-docker-ansible-deploy/roles/custom/etherpad-proxy-connect/tasks/main.yml_(IaC)_', 'matrix-docker-ansible-deploy/roles/custom/etherpad-proxy-connect/tasks/validate_config.yml_(IaC)_', 'matrix-docker-ansible-deploy/roles/custom/matrix-aux/tasks/main.yml_(IaC)_', 'matrix-docker-ansible-deploy/roles/custom/matrix-base/tasks/main.yml_(IaC)_', 'matrix-docker-ansible-deploy/roles/custom/matrix-bot-buscarron/tasks/main.yml_(IaC)_', 'matrix-docker-ansible-deploy/roles/custom/matrix-bot-chatgpt/tasks/main.yml_(IaC)_', 'matrix-docker-ansible-deploy/roles/custom/matrix-bot-draupnir/tasks/main.yml_(IaC)_', 'matrix-docker-ansible-deploy/roles/custom/matrix-bot-go-neb/tasks/main.yml_(IaC)_', 'matrix-docker-ansible-deploy/roles/custom/matrix-bot-honoroit/tasks/main.yml_(IaC)_', 'matrix-docker-ansible-deploy/roles/custom/matrix-bot-matrix-registration-bot/tasks/main.yml_(IaC)_', 'matrix-docker-ansible-deploy/roles/custom/matrix-bot-matrix-reminder-bot/tasks/main.yml_(IaC)_', 'matrix-docker-ansible-deploy/roles/custom/matrix-bot-maubot/tasks/main.yml_(IaC)_', 'matrix-docker-ansible-deploy/roles/custom/matrix-bot-mjolnir/tasks/main.yml_(IaC)_', 'matrix-docker-ansible-deploy/roles/custom/matrix-bot-postmoogle/tasks/main.yml_(IaC)_', 'matrix-docker-ansible-deploy/roles/custom/matrix-bridge-appservice-discord/tasks/main.yml_(IaC)_', 'matrix-docker-ansible-deploy/roles/custom/matrix-bridge-appservice-discord/tasks/setup_install.yml_(IaC)_', 'matrix-docker-ansible-deploy/roles/custom/matrix-bridge-appservice-irc/tasks/main.yml_(IaC)_', 'matrix-docker-ansible-deploy/roles/custom/matrix-bridge-appservice-irc/tasks/setup_install.yml_(IaC)_', 'matrix-docker-ansible-deploy/roles/custom/matrix-bridge-appservice-kakaotalk/tasks/main.yml_(IaC)_', 'matrix-docker-ansible-deploy/roles/custom/matrix-bridge-appservice-slack/tasks/main.yml_(IaC)_', 'matrix-docker-ansible-deploy/roles/custom/matrix-bridge-appservice-webhooks/tasks/main.yml_(IaC)_', 'matrix-docker-ansible-deploy/roles/custom/matrix-bridge-beeper-linkedin/tasks/main.yml_(IaC)_', 'matrix-docker-ansible-deploy/roles/custom/matrix-bridge-go-skype-bridge/tasks/main.yml_(IaC)_', 'matrix-docker-ansible-deploy/roles/custom/matrix-bridge-go-skype-bridge/tasks/setup_install.yml_(IaC)_', 'matrix-docker-ansible-deploy/roles/custom/matrix-bridge-heisenbridge/tasks/main.yml_(IaC)_', 'matrix-docker-ansible-deploy/roles/custom/matrix-bridge-hookshot/defaults/main.yml_(Other)_', 'matrix-docker-ansible-deploy/roles/custom/matrix-bridge-hookshot/tasks/main.yml_(IaC)_', 'matrix-docker-ansible-deploy/roles/custom/matrix-bridge-hookshot/tasks/setup_install.yml_(IaC)_', 'matrix-docker-ansible-deploy/roles/custom/matrix-bridge-mautrix-discord/tasks/main.yml_(IaC)_', 'matrix-docker-ansible-deploy/roles/custom/matrix-bridge-mautrix-facebook/tasks/main.yml_(IaC)_', 'matrix-docker-ansible-deploy/roles/custom/matrix-bridge-mautrix-facebook/tasks/setup_install.yml_(IaC)_', 'matrix-docker-ansible-deploy/roles/custom/matrix-bridge-mautrix-googlechat/tasks/main.yml_(IaC)_', 'matrix-docker-ansible-deploy/roles/custom/matrix-bridge-mautrix-googlechat/tasks/setup_install.yml_(IaC)_', 'matrix-docker-ansible-deploy/roles/custom/matrix-bridge-mautrix-hangouts/tasks/main.yml_(IaC)_', 'matrix-docker-ansible-deploy/roles/custom/matrix-bridge-mautrix-hangouts/tasks/setup_install.yml_(IaC)_', 'matrix-docker-ansible-deploy/roles/custom/matrix-bridge-mautrix-instagram/tasks/main.yml_(IaC)_', 'matrix-docker-ansible-deploy/roles/custom/matrix-bridge-mautrix-signal/tasks/main.yml_(IaC)_', 'matrix-docker-ansible-deploy/roles/custom/matrix-bridge-mautrix-slack/tasks/main.yml_(IaC)_', 'matrix-docker-ansible-deploy/roles/custom/matrix-bridge-mautrix-telegram/tasks/main.yml_(IaC)_', 'matrix-docker-ansible-deploy/roles/custom/matrix-bridge-mautrix-telegram/tasks/setup_install.yml_(IaC)_', 'matrix-docker-ansible-deploy/roles/custom/matrix-bridge-mautrix-twitter/tasks/main.yml_(IaC)_', 'matrix-docker-ansible-deploy/roles/custom/matrix-bridge-mautrix-whatsapp/tasks/setup_install.yml_(IaC)_', 'matrix-docker-ansible-deploy/roles/custom/matrix-bridge-mx-puppet-discord/tasks/main.yml_(IaC)_', 'matrix-docker-ansible-deploy/roles/custom/matrix-bridge-mx-puppet-groupme/tasks/main.yml_(IaC)_', 'matrix-docker-ansible-deploy/roles/custom/matrix-bridge-mx-puppet-groupme/tasks/setup_install.yml_(IaC)_', 'matrix-docker-ansible-deploy/roles/custom/matrix-bridge-mx-puppet-instagram/tasks/main.yml_(IaC)_', 'matrix-docker-ansible-deploy/roles/custom/matrix-bridge-mx-puppet-slack/tasks/main.yml_(IaC)_', 'matrix-docker-ansible-deploy/roles/custom/matrix-bridge-mx-puppet-slack/tasks/setup_install.yml_(IaC)_', 'matrix-docker-ansible-deploy/roles/custom/matrix-bridge-mx-puppet-steam/tasks/main.yml_(IaC)_', 'matrix-docker-ansible-deploy/roles/custom/matrix-bridge-mx-puppet-steam/tasks/setup_install.yml_(IaC)_', 'matrix-docker-ansible-deploy/roles/custom/matrix-bridge-mx-puppet-twitter/tasks/main.yml_(IaC)_', 'matrix-docker-ansible-deploy/roles/custom/matrix-bridge-mx-puppet-twitter/tasks/setup_install.yml_(IaC)_', 'matrix-docker-ansible-deploy/roles/custom/matrix-bridge-sms/tasks/main.yml_(IaC)_', 'matrix-docker-ansible-deploy/roles/custom/matrix-cactus-comments/tasks/main.yml_(IaC)_', 'matrix-docker-ansible-deploy/roles/custom/matrix-client-cinny/tasks/main.yml_(IaC)_', 'matrix-docker-ansible-deploy/roles/custom/matrix-client-element/tasks/main.yml_(IaC)_', 'matrix-docker-ansible-deploy/roles/custom/matrix-client-element/tasks/setup_install.yml_(IaC)_', 'matrix-docker-ansible-deploy/roles/custom/matrix-client-hydrogen/tasks/main.yml_(IaC)_', 'matrix-docker-ansible-deploy/roles/custom/matrix-common-after/tasks/main.yml_(IaC)_', 'matrix-docker-ansible-deploy/roles/custom/matrix-conduit/tasks/main.yml_(IaC)_', 'matrix-docker-ansible-deploy/roles/custom/matrix-corporal/tasks/main.yml_(IaC)_', 'matrix-docker-ansible-deploy/roles/custom/matrix-coturn/tasks/main.yml_(IaC)_', 'matrix-docker-ansible-deploy/roles/custom/matrix-coturn/tasks/setup_install.yml_(IaC)_', 'matrix-docker-ansible-deploy/roles/custom/matrix-dendrite/tasks/main.yml_(IaC)_', 'matrix-docker-ansible-deploy/roles/custom/matrix-dendrite/tasks/setup_install.yml_(IaC)_', 'matrix-docker-ansible-deploy/roles/custom/matrix-dimension/tasks/main.yml_(IaC)_', 'matrix-docker-ansible-deploy/roles/custom/matrix-dynamic-dns/tasks/main.yml_(IaC)_', 'matrix-docker-ansible-deploy/roles/custom/matrix-email2matrix/tasks/main.yml_(IaC)_', 'matrix-docker-ansible-deploy/roles/custom/matrix-jitsi/tasks/main.yml_(IaC)_', 'matrix-docker-ansible-deploy/roles/custom/matrix-jitsi/tasks/util/setup_jitsi_auth_uvs_install.yml_(IaC)_', 'matrix-docker-ansible-deploy/roles/custom/matrix-ldap-registration-proxy/tasks/main.yml_(IaC)_', 'matrix-docker-ansible-deploy/roles/custom/matrix-ma1sd/tasks/main.yml_(IaC)_', 'matrix-docker-ansible-deploy/roles/custom/matrix-ma1sd/tasks/setup_install.yml_(IaC)_', 'matrix-docker-ansible-deploy/roles/custom/matrix-mailer/tasks/main.yml_(IaC)_', 'matrix-docker-ansible-deploy/roles/custom/matrix-nginx-proxy/tasks/main.yml_(IaC)_', 'matrix-docker-ansible-deploy/roles/custom/matrix-nginx-proxy/tasks/ssl/setup_ssl_lets_encrypt_obtain_for_domain.yml_(IaC)_', 'matrix-docker-ansible-deploy/roles/custom/matrix-nginx-proxy/tasks/ssl/setup_ssl_self_signed_obtain_for_domain.yml_(IaC)_', 'matrix-docker-ansible-deploy/roles/custom/matrix-prometheus-nginxlog-exporter/tasks/main.yml_(IaC)_', 'matrix-docker-ansible-deploy/roles/custom/matrix-prometheus-services-proxy-connect/tasks/main.yml_(IaC)_', 'matrix-docker-ansible-deploy/roles/custom/matrix-prometheus/tasks/main.yml_(IaC)_', 'matrix-docker-ansible-deploy/roles/custom/matrix-rageshake/tasks/install.yml_(IaC)_', 'matrix-docker-ansible-deploy/roles/custom/matrix-rageshake/tasks/main.yml_(IaC)_', 'matrix-docker-ansible-deploy/roles/custom/matrix-registration/tasks/main.yml_(IaC)_', 'matrix-docker-ansible-deploy/roles/custom/matrix-sliding-sync/tasks/install.yml_(IaC)_', 'matrix-docker-ansible-deploy/roles/custom/matrix-sliding-sync/tasks/main.yml_(IaC)_', 'matrix-docker-ansible-deploy/roles/custom/matrix-sygnal/tasks/main.yml_(IaC)_', 'matrix-docker-ansible-deploy/roles/custom/matrix-synapse-admin/tasks/main.yml_(IaC)_', 'matrix-docker-ansible-deploy/roles/custom/matrix-synapse-reverse-proxy-companion/tasks/main.yml_(IaC)_', 'matrix-docker-ansible-deploy/roles/custom/matrix-synapse/tasks/ext/setup_install.yml_(IaC)_', 'matrix-docker-ansible-deploy/roles/custom/matrix-synapse/tasks/ext/setup_uninstall.yml_(IaC)_', 'matrix-docker-ansible-deploy/roles/custom/matrix-synapse/tasks/main.yml_(IaC)_', 'matrix-docker-ansible-deploy/roles/custom/matrix-synapse/tasks/setup_install.yml_(IaC)_', 'matrix-docker-ansible-deploy/roles/custom/matrix-synapse/tasks/setup_uninstall.yml_(IaC)_', 'matrix-docker-ansible-deploy/roles/custom/matrix-synapse/tasks/synapse/setup_install.yml_(IaC)_', 'matrix-docker-ansible-deploy/roles/custom/matrix-user-creator/tasks/main.yml_(IaC)_', 'matrix-docker-ansible-deploy/roles/custom/matrix-user-verification-service/tasks/main.yml_(IaC)_', 'matrix-docker-ansible-deploy/roles/custom/matrix_playbook_migration/tasks/main.yml_(IaC)_']]","['9eaf6944e3c6d8ea8f1094dc515713053e190573', 'dddfee16bc852fc989b057bd1867f0e85825846d']","[0.0, 0.8]","[0.0, 0.08247422680412371]","[0, 0.14953271028037382]","[0, 1]","[0, 1.0]"
"[10, 10]","[[384, 397, 350, 220, 422, 338, 190, 375, 164, 601], [384, 397, 350, 220, 422, 338, 190, 375, 164, 601]]","[['matrix-docker-ansible-deploy/roles/custom/matrix-bridge-mautrix-instagram/tasks/main.yml_(IaC)_', 'matrix-docker-ansible-deploy/roles/custom/matrix-bot-matrix-registration-bot/tasks/main.yml_(IaC)_', 'matrix-docker-ansible-deploy/roles/custom/matrix-registration/tasks/main.yml_(IaC)_', 'matrix-docker-ansible-deploy/roles/custom/matrix-bot-honoroit/tasks/main.yml_(IaC)_', 'matrix-docker-ansible-deploy/roles/custom/matrix-bridge-hookshot/tasks/main.yml_(IaC)_', 'matrix-docker-ansible-deploy/roles/custom/matrix-user-verification-service/tasks/setup_uninstall.yml_(IaC)_', 'matrix-docker-ansible-deploy/roles/custom/matrix-dimension/templates/labels.j2_(Other)_', 'matrix-docker-ansible-deploy/roles/custom/matrix-ma1sd/tasks/main.yml_(IaC)_', 'matrix-docker-ansible-deploy/roles/custom/matrix-bridge-mautrix-facebook/tasks/main.yml_(IaC)_', 'matrix-docker-ansible-deploy/roles/custom/matrix-bridge-mautrix-signal/templates/config.yaml.j2_(Other)_'], ['matrix-docker-ansible-deploy/roles/custom/matrix-bridge-mautrix-instagram/tasks/main.yml_(IaC)_', 'matrix-docker-ansible-deploy/roles/custom/matrix-bot-matrix-registration-bot/tasks/main.yml_(IaC)_', 'matrix-docker-ansible-deploy/roles/custom/matrix-registration/tasks/main.yml_(IaC)_', 'matrix-docker-ansible-deploy/roles/custom/matrix-bot-honoroit/tasks/main.yml_(IaC)_', 'matrix-docker-ansible-deploy/roles/custom/matrix-bridge-hookshot/tasks/main.yml_(IaC)_', 'matrix-docker-ansible-deploy/roles/custom/matrix-user-verification-service/tasks/setup_uninstall.yml_(IaC)_', 'matrix-docker-ansible-deploy/roles/custom/matrix-dimension/templates/labels.j2_(Other)_', 'matrix-docker-ansible-deploy/roles/custom/matrix-ma1sd/tasks/main.yml_(IaC)_', 'matrix-docker-ansible-deploy/roles/custom/matrix-bridge-mautrix-facebook/tasks/main.yml_(IaC)_', 'matrix-docker-ansible-deploy/roles/custom/matrix-bridge-mautrix-signal/templates/config.yaml.j2_(Other)_']]","[['matrix-docker-ansible-deploy/roles/custom/matrix-bridge-mautrix-facebook/tasks/inject_into_nginx_proxy.yml_(IaC)_', 'matrix-docker-ansible-deploy/roles/custom/matrix-bridge-mautrix-instagram/tasks/inject_into_nginx_proxy.yml_(IaC)_', 'matrix-docker-ansible-deploy/roles/custom/matrix-bridge-mautrix-instagram/tasks/main.yml_(IaC)_', 'matrix-docker-ansible-deploy/roles/custom/matrix-bridge-mautrix-signal/tasks/inject_into_nginx_proxy.yml_(IaC)_', 'matrix-docker-ansible-deploy/roles/custom/matrix-bridge-mautrix-signal/tasks/main.yml_(IaC)_', 'matrix-docker-ansible-deploy/roles/custom/matrix-bridge-mautrix-twitter/tasks/inject_into_nginx_proxy.yml_(IaC)_', 'matrix-docker-ansible-deploy/roles/custom/matrix-bridge-mautrix-twitter/tasks/main.yml_(IaC)_', 'matrix-docker-ansible-deploy/roles/custom/matrix-bridge-mautrix-whatsapp/defaults/main.yml_(Other)_', 'matrix-docker-ansible-deploy/roles/custom/matrix-bridge-mautrix-whatsapp/tasks/inject_into_nginx_proxy.yml_(IaC)_'], ['matrix-docker-ansible-deploy/roles/custom/etherpad-proxy-connect/tasks/main.yml_(IaC)_', 'matrix-docker-ansible-deploy/roles/custom/etherpad-proxy-connect/tasks/validate_config.yml_(IaC)_', 'matrix-docker-ansible-deploy/roles/custom/matrix-aux/tasks/main.yml_(IaC)_', 'matrix-docker-ansible-deploy/roles/custom/matrix-base/tasks/main.yml_(IaC)_', 'matrix-docker-ansible-deploy/roles/custom/matrix-bot-buscarron/tasks/main.yml_(IaC)_', 'matrix-docker-ansible-deploy/roles/custom/matrix-bot-chatgpt/tasks/main.yml_(IaC)_', 'matrix-docker-ansible-deploy/roles/custom/matrix-bot-draupnir/tasks/main.yml_(IaC)_', 'matrix-docker-ansible-deploy/roles/custom/matrix-bot-go-neb/tasks/main.yml_(IaC)_', 'matrix-docker-ansible-deploy/roles/custom/matrix-bot-honoroit/tasks/main.yml_(IaC)_', 'matrix-docker-ansible-deploy/roles/custom/matrix-bot-matrix-registration-bot/tasks/main.yml_(IaC)_', 'matrix-docker-ansible-deploy/roles/custom/matrix-bot-matrix-reminder-bot/tasks/main.yml_(IaC)_', 'matrix-docker-ansible-deploy/roles/custom/matrix-bot-maubot/tasks/main.yml_(IaC)_', 'matrix-docker-ansible-deploy/roles/custom/matrix-bot-mjolnir/tasks/main.yml_(IaC)_', 'matrix-docker-ansible-deploy/roles/custom/matrix-bot-postmoogle/tasks/main.yml_(IaC)_', 'matrix-docker-ansible-deploy/roles/custom/matrix-bridge-appservice-discord/tasks/main.yml_(IaC)_', 'matrix-docker-ansible-deploy/roles/custom/matrix-bridge-appservice-discord/tasks/setup_install.yml_(IaC)_', 'matrix-docker-ansible-deploy/roles/custom/matrix-bridge-appservice-irc/tasks/main.yml_(IaC)_', 'matrix-docker-ansible-deploy/roles/custom/matrix-bridge-appservice-irc/tasks/setup_install.yml_(IaC)_', 'matrix-docker-ansible-deploy/roles/custom/matrix-bridge-appservice-kakaotalk/tasks/main.yml_(IaC)_', 'matrix-docker-ansible-deploy/roles/custom/matrix-bridge-appservice-slack/tasks/main.yml_(IaC)_', 'matrix-docker-ansible-deploy/roles/custom/matrix-bridge-appservice-webhooks/tasks/main.yml_(IaC)_', 'matrix-docker-ansible-deploy/roles/custom/matrix-bridge-beeper-linkedin/tasks/main.yml_(IaC)_', 'matrix-docker-ansible-deploy/roles/custom/matrix-bridge-go-skype-bridge/tasks/main.yml_(IaC)_', 'matrix-docker-ansible-deploy/roles/custom/matrix-bridge-go-skype-bridge/tasks/setup_install.yml_(IaC)_', 'matrix-docker-ansible-deploy/roles/custom/matrix-bridge-heisenbridge/tasks/main.yml_(IaC)_', 'matrix-docker-ansible-deploy/roles/custom/matrix-bridge-hookshot/defaults/main.yml_(Other)_', 'matrix-docker-ansible-deploy/roles/custom/matrix-bridge-hookshot/tasks/main.yml_(IaC)_', 'matrix-docker-ansible-deploy/roles/custom/matrix-bridge-hookshot/tasks/setup_install.yml_(IaC)_', 'matrix-docker-ansible-deploy/roles/custom/matrix-bridge-mautrix-discord/tasks/main.yml_(IaC)_', 'matrix-docker-ansible-deploy/roles/custom/matrix-bridge-mautrix-facebook/tasks/main.yml_(IaC)_', 'matrix-docker-ansible-deploy/roles/custom/matrix-bridge-mautrix-facebook/tasks/setup_install.yml_(IaC)_', 'matrix-docker-ansible-deploy/roles/custom/matrix-bridge-mautrix-googlechat/tasks/main.yml_(IaC)_', 'matrix-docker-ansible-deploy/roles/custom/matrix-bridge-mautrix-googlechat/tasks/setup_install.yml_(IaC)_', 'matrix-docker-ansible-deploy/roles/custom/matrix-bridge-mautrix-hangouts/tasks/main.yml_(IaC)_', 'matrix-docker-ansible-deploy/roles/custom/matrix-bridge-mautrix-hangouts/tasks/setup_install.yml_(IaC)_', 'matrix-docker-ansible-deploy/roles/custom/matrix-bridge-mautrix-instagram/tasks/main.yml_(IaC)_', 'matrix-docker-ansible-deploy/roles/custom/matrix-bridge-mautrix-signal/tasks/main.yml_(IaC)_', 'matrix-docker-ansible-deploy/roles/custom/matrix-bridge-mautrix-slack/tasks/main.yml_(IaC)_', 'matrix-docker-ansible-deploy/roles/custom/matrix-bridge-mautrix-telegram/tasks/main.yml_(IaC)_', 'matrix-docker-ansible-deploy/roles/custom/matrix-bridge-mautrix-telegram/tasks/setup_install.yml_(IaC)_', 'matrix-docker-ansible-deploy/roles/custom/matrix-bridge-mautrix-twitter/tasks/main.yml_(IaC)_', 'matrix-docker-ansible-deploy/roles/custom/matrix-bridge-mautrix-whatsapp/tasks/setup_install.yml_(IaC)_', 'matrix-docker-ansible-deploy/roles/custom/matrix-bridge-mx-puppet-discord/tasks/main.yml_(IaC)_', 'matrix-docker-ansible-deploy/roles/custom/matrix-bridge-mx-puppet-groupme/tasks/main.yml_(IaC)_', 'matrix-docker-ansible-deploy/roles/custom/matrix-bridge-mx-puppet-groupme/tasks/setup_install.yml_(IaC)_', 'matrix-docker-ansible-deploy/roles/custom/matrix-bridge-mx-puppet-instagram/tasks/main.yml_(IaC)_', 'matrix-docker-ansible-deploy/roles/custom/matrix-bridge-mx-puppet-slack/tasks/main.yml_(IaC)_', 'matrix-docker-ansible-deploy/roles/custom/matrix-bridge-mx-puppet-slack/tasks/setup_install.yml_(IaC)_', 'matrix-docker-ansible-deploy/roles/custom/matrix-bridge-mx-puppet-steam/tasks/main.yml_(IaC)_', 'matrix-docker-ansible-deploy/roles/custom/matrix-bridge-mx-puppet-steam/tasks/setup_install.yml_(IaC)_', 'matrix-docker-ansible-deploy/roles/custom/matrix-bridge-mx-puppet-twitter/tasks/main.yml_(IaC)_', 'matrix-docker-ansible-deploy/roles/custom/matrix-bridge-mx-puppet-twitter/tasks/setup_install.yml_(IaC)_', 'matrix-docker-ansible-deploy/roles/custom/matrix-bridge-sms/tasks/main.yml_(IaC)_', 'matrix-docker-ansible-deploy/roles/custom/matrix-cactus-comments/tasks/main.yml_(IaC)_', 'matrix-docker-ansible-deploy/roles/custom/matrix-client-cinny/tasks/main.yml_(IaC)_', 'matrix-docker-ansible-deploy/roles/custom/matrix-client-element/tasks/main.yml_(IaC)_', 'matrix-docker-ansible-deploy/roles/custom/matrix-client-element/tasks/setup_install.yml_(IaC)_', 'matrix-docker-ansible-deploy/roles/custom/matrix-client-hydrogen/tasks/main.yml_(IaC)_', 'matrix-docker-ansible-deploy/roles/custom/matrix-common-after/tasks/main.yml_(IaC)_', 'matrix-docker-ansible-deploy/roles/custom/matrix-conduit/tasks/main.yml_(IaC)_', 'matrix-docker-ansible-deploy/roles/custom/matrix-corporal/tasks/main.yml_(IaC)_', 'matrix-docker-ansible-deploy/roles/custom/matrix-coturn/tasks/main.yml_(IaC)_', 'matrix-docker-ansible-deploy/roles/custom/matrix-coturn/tasks/setup_install.yml_(IaC)_', 'matrix-docker-ansible-deploy/roles/custom/matrix-dendrite/tasks/main.yml_(IaC)_', 'matrix-docker-ansible-deploy/roles/custom/matrix-dendrite/tasks/setup_install.yml_(IaC)_', 'matrix-docker-ansible-deploy/roles/custom/matrix-dimension/tasks/main.yml_(IaC)_', 'matrix-docker-ansible-deploy/roles/custom/matrix-dynamic-dns/tasks/main.yml_(IaC)_', 'matrix-docker-ansible-deploy/roles/custom/matrix-email2matrix/tasks/main.yml_(IaC)_', 'matrix-docker-ansible-deploy/roles/custom/matrix-jitsi/tasks/main.yml_(IaC)_', 'matrix-docker-ansible-deploy/roles/custom/matrix-jitsi/tasks/util/setup_jitsi_auth_uvs_install.yml_(IaC)_', 'matrix-docker-ansible-deploy/roles/custom/matrix-ldap-registration-proxy/tasks/main.yml_(IaC)_', 'matrix-docker-ansible-deploy/roles/custom/matrix-ma1sd/tasks/main.yml_(IaC)_', 'matrix-docker-ansible-deploy/roles/custom/matrix-ma1sd/tasks/setup_install.yml_(IaC)_', 'matrix-docker-ansible-deploy/roles/custom/matrix-mailer/tasks/main.yml_(IaC)_', 'matrix-docker-ansible-deploy/roles/custom/matrix-nginx-proxy/tasks/main.yml_(IaC)_', 'matrix-docker-ansible-deploy/roles/custom/matrix-nginx-proxy/tasks/ssl/setup_ssl_lets_encrypt_obtain_for_domain.yml_(IaC)_', 'matrix-docker-ansible-deploy/roles/custom/matrix-nginx-proxy/tasks/ssl/setup_ssl_self_signed_obtain_for_domain.yml_(IaC)_', 'matrix-docker-ansible-deploy/roles/custom/matrix-prometheus-nginxlog-exporter/tasks/main.yml_(IaC)_', 'matrix-docker-ansible-deploy/roles/custom/matrix-prometheus-services-proxy-connect/tasks/main.yml_(IaC)_', 'matrix-docker-ansible-deploy/roles/custom/matrix-prometheus/tasks/main.yml_(IaC)_', 'matrix-docker-ansible-deploy/roles/custom/matrix-rageshake/tasks/install.yml_(IaC)_', 'matrix-docker-ansible-deploy/roles/custom/matrix-rageshake/tasks/main.yml_(IaC)_', 'matrix-docker-ansible-deploy/roles/custom/matrix-registration/tasks/main.yml_(IaC)_', 'matrix-docker-ansible-deploy/roles/custom/matrix-sliding-sync/tasks/install.yml_(IaC)_', 'matrix-docker-ansible-deploy/roles/custom/matrix-sliding-sync/tasks/main.yml_(IaC)_', 'matrix-docker-ansible-deploy/roles/custom/matrix-sygnal/tasks/main.yml_(IaC)_', 'matrix-docker-ansible-deploy/roles/custom/matrix-synapse-admin/tasks/main.yml_(IaC)_', 'matrix-docker-ansible-deploy/roles/custom/matrix-synapse-reverse-proxy-companion/tasks/main.yml_(IaC)_', 'matrix-docker-ansible-deploy/roles/custom/matrix-synapse/tasks/ext/setup_install.yml_(IaC)_', 'matrix-docker-ansible-deploy/roles/custom/matrix-synapse/tasks/ext/setup_uninstall.yml_(IaC)_', 'matrix-docker-ansible-deploy/roles/custom/matrix-synapse/tasks/main.yml_(IaC)_', 'matrix-docker-ansible-deploy/roles/custom/matrix-synapse/tasks/setup_install.yml_(IaC)_', 'matrix-docker-ansible-deploy/roles/custom/matrix-synapse/tasks/setup_uninstall.yml_(IaC)_', 'matrix-docker-ansible-deploy/roles/custom/matrix-synapse/tasks/synapse/setup_install.yml_(IaC)_', 'matrix-docker-ansible-deploy/roles/custom/matrix-user-creator/tasks/main.yml_(IaC)_', 'matrix-docker-ansible-deploy/roles/custom/matrix-user-verification-service/tasks/main.yml_(IaC)_', 'matrix-docker-ansible-deploy/roles/custom/matrix_playbook_migration/tasks/main.yml_(IaC)_']]","['9eaf6944e3c6d8ea8f1094dc515713053e190573', 'dddfee16bc852fc989b057bd1867f0e85825846d']","[0.1, 0.7]","[0.1111111111111111, 0.07216494845360824]","[0.10526315789473685, 0.1308411214953271]","[1, 1]","[1.0, 1.0]"
"[10, 10]","[[610, 384, 22, 24, 566, 600, 196, 45, 90, 112], [610, 384, 22, 24, 566, 600, 196, 45, 90, 112]]","[['matrix-docker-ansible-deploy/roles/custom/matrix-bridge-mautrix-twitter/tasks/main.yml_(IaC)_', 'matrix-docker-ansible-deploy/roles/custom/matrix-bridge-mautrix-instagram/tasks/main.yml_(IaC)_', 'matrix-docker-ansible-deploy/roles/custom/matrix-conduit/tasks/setup_uninstall.yml_(IaC)_', 'matrix-docker-ansible-deploy/roles/custom/matrix-conduit/tasks/main.yml_(IaC)_', 'matrix-docker-ansible-deploy/roles/custom/matrix-bridge-appservice-irc/tasks/main.yml_(IaC)_', 'matrix-docker-ansible-deploy/roles/custom/matrix-bridge-mautrix-signal/defaults/main.yml_(Other)_', 'matrix-docker-ansible-deploy/roles/custom/matrix-bridge-mautrix-telegram/tasks/main.yml_(IaC)_', 'matrix-docker-ansible-deploy/roles/custom/matrix-client-cinny/tasks/self_check.yml_(IaC)_', 'matrix-docker-ansible-deploy/roles/custom/matrix-bridge-sms/tasks/validate_config.yml_(IaC)_', 'matrix-docker-ansible-deploy/roles/custom/matrix-bot-chatgpt/tasks/validate_config.yml_(IaC)_'], ['matrix-docker-ansible-deploy/roles/custom/matrix-bridge-mautrix-twitter/tasks/main.yml_(IaC)_', 'matrix-docker-ansible-deploy/roles/custom/matrix-bridge-mautrix-instagram/tasks/main.yml_(IaC)_', 'matrix-docker-ansible-deploy/roles/custom/matrix-conduit/tasks/setup_uninstall.yml_(IaC)_', 'matrix-docker-ansible-deploy/roles/custom/matrix-conduit/tasks/main.yml_(IaC)_', 'matrix-docker-ansible-deploy/roles/custom/matrix-bridge-appservice-irc/tasks/main.yml_(IaC)_', 'matrix-docker-ansible-deploy/roles/custom/matrix-bridge-mautrix-signal/defaults/main.yml_(Other)_', 'matrix-docker-ansible-deploy/roles/custom/matrix-bridge-mautrix-telegram/tasks/main.yml_(IaC)_', 'matrix-docker-ansible-deploy/roles/custom/matrix-client-cinny/tasks/self_check.yml_(IaC)_', 'matrix-docker-ansible-deploy/roles/custom/matrix-bridge-sms/tasks/validate_config.yml_(IaC)_', 'matrix-docker-ansible-deploy/roles/custom/matrix-bot-chatgpt/tasks/validate_config.yml_(IaC)_']]","[['matrix-docker-ansible-deploy/roles/custom/matrix-bridge-mautrix-facebook/tasks/inject_into_nginx_proxy.yml_(IaC)_', 'matrix-docker-ansible-deploy/roles/custom/matrix-bridge-mautrix-instagram/tasks/inject_into_nginx_proxy.yml_(IaC)_', 'matrix-docker-ansible-deploy/roles/custom/matrix-bridge-mautrix-instagram/tasks/main.yml_(IaC)_', 'matrix-docker-ansible-deploy/roles/custom/matrix-bridge-mautrix-signal/tasks/inject_into_nginx_proxy.yml_(IaC)_', 'matrix-docker-ansible-deploy/roles/custom/matrix-bridge-mautrix-signal/tasks/main.yml_(IaC)_', 'matrix-docker-ansible-deploy/roles/custom/matrix-bridge-mautrix-twitter/tasks/inject_into_nginx_proxy.yml_(IaC)_', 'matrix-docker-ansible-deploy/roles/custom/matrix-bridge-mautrix-twitter/tasks/main.yml_(IaC)_', 'matrix-docker-ansible-deploy/roles/custom/matrix-bridge-mautrix-whatsapp/defaults/main.yml_(Other)_', 'matrix-docker-ansible-deploy/roles/custom/matrix-bridge-mautrix-whatsapp/tasks/inject_into_nginx_proxy.yml_(IaC)_'], ['matrix-docker-ansible-deploy/roles/custom/etherpad-proxy-connect/tasks/main.yml_(IaC)_', 'matrix-docker-ansible-deploy/roles/custom/etherpad-proxy-connect/tasks/validate_config.yml_(IaC)_', 'matrix-docker-ansible-deploy/roles/custom/matrix-aux/tasks/main.yml_(IaC)_', 'matrix-docker-ansible-deploy/roles/custom/matrix-base/tasks/main.yml_(IaC)_', 'matrix-docker-ansible-deploy/roles/custom/matrix-bot-buscarron/tasks/main.yml_(IaC)_', 'matrix-docker-ansible-deploy/roles/custom/matrix-bot-chatgpt/tasks/main.yml_(IaC)_', 'matrix-docker-ansible-deploy/roles/custom/matrix-bot-draupnir/tasks/main.yml_(IaC)_', 'matrix-docker-ansible-deploy/roles/custom/matrix-bot-go-neb/tasks/main.yml_(IaC)_', 'matrix-docker-ansible-deploy/roles/custom/matrix-bot-honoroit/tasks/main.yml_(IaC)_', 'matrix-docker-ansible-deploy/roles/custom/matrix-bot-matrix-registration-bot/tasks/main.yml_(IaC)_', 'matrix-docker-ansible-deploy/roles/custom/matrix-bot-matrix-reminder-bot/tasks/main.yml_(IaC)_', 'matrix-docker-ansible-deploy/roles/custom/matrix-bot-maubot/tasks/main.yml_(IaC)_', 'matrix-docker-ansible-deploy/roles/custom/matrix-bot-mjolnir/tasks/main.yml_(IaC)_', 'matrix-docker-ansible-deploy/roles/custom/matrix-bot-postmoogle/tasks/main.yml_(IaC)_', 'matrix-docker-ansible-deploy/roles/custom/matrix-bridge-appservice-discord/tasks/main.yml_(IaC)_', 'matrix-docker-ansible-deploy/roles/custom/matrix-bridge-appservice-discord/tasks/setup_install.yml_(IaC)_', 'matrix-docker-ansible-deploy/roles/custom/matrix-bridge-appservice-irc/tasks/main.yml_(IaC)_', 'matrix-docker-ansible-deploy/roles/custom/matrix-bridge-appservice-irc/tasks/setup_install.yml_(IaC)_', 'matrix-docker-ansible-deploy/roles/custom/matrix-bridge-appservice-kakaotalk/tasks/main.yml_(IaC)_', 'matrix-docker-ansible-deploy/roles/custom/matrix-bridge-appservice-slack/tasks/main.yml_(IaC)_', 'matrix-docker-ansible-deploy/roles/custom/matrix-bridge-appservice-webhooks/tasks/main.yml_(IaC)_', 'matrix-docker-ansible-deploy/roles/custom/matrix-bridge-beeper-linkedin/tasks/main.yml_(IaC)_', 'matrix-docker-ansible-deploy/roles/custom/matrix-bridge-go-skype-bridge/tasks/main.yml_(IaC)_', 'matrix-docker-ansible-deploy/roles/custom/matrix-bridge-go-skype-bridge/tasks/setup_install.yml_(IaC)_', 'matrix-docker-ansible-deploy/roles/custom/matrix-bridge-heisenbridge/tasks/main.yml_(IaC)_', 'matrix-docker-ansible-deploy/roles/custom/matrix-bridge-hookshot/defaults/main.yml_(Other)_', 'matrix-docker-ansible-deploy/roles/custom/matrix-bridge-hookshot/tasks/main.yml_(IaC)_', 'matrix-docker-ansible-deploy/roles/custom/matrix-bridge-hookshot/tasks/setup_install.yml_(IaC)_', 'matrix-docker-ansible-deploy/roles/custom/matrix-bridge-mautrix-discord/tasks/main.yml_(IaC)_', 'matrix-docker-ansible-deploy/roles/custom/matrix-bridge-mautrix-facebook/tasks/main.yml_(IaC)_', 'matrix-docker-ansible-deploy/roles/custom/matrix-bridge-mautrix-facebook/tasks/setup_install.yml_(IaC)_', 'matrix-docker-ansible-deploy/roles/custom/matrix-bridge-mautrix-googlechat/tasks/main.yml_(IaC)_', 'matrix-docker-ansible-deploy/roles/custom/matrix-bridge-mautrix-googlechat/tasks/setup_install.yml_(IaC)_', 'matrix-docker-ansible-deploy/roles/custom/matrix-bridge-mautrix-hangouts/tasks/main.yml_(IaC)_', 'matrix-docker-ansible-deploy/roles/custom/matrix-bridge-mautrix-hangouts/tasks/setup_install.yml_(IaC)_', 'matrix-docker-ansible-deploy/roles/custom/matrix-bridge-mautrix-instagram/tasks/main.yml_(IaC)_', 'matrix-docker-ansible-deploy/roles/custom/matrix-bridge-mautrix-signal/tasks/main.yml_(IaC)_', 'matrix-docker-ansible-deploy/roles/custom/matrix-bridge-mautrix-slack/tasks/main.yml_(IaC)_', 'matrix-docker-ansible-deploy/roles/custom/matrix-bridge-mautrix-telegram/tasks/main.yml_(IaC)_', 'matrix-docker-ansible-deploy/roles/custom/matrix-bridge-mautrix-telegram/tasks/setup_install.yml_(IaC)_', 'matrix-docker-ansible-deploy/roles/custom/matrix-bridge-mautrix-twitter/tasks/main.yml_(IaC)_', 'matrix-docker-ansible-deploy/roles/custom/matrix-bridge-mautrix-whatsapp/tasks/setup_install.yml_(IaC)_', 'matrix-docker-ansible-deploy/roles/custom/matrix-bridge-mx-puppet-discord/tasks/main.yml_(IaC)_', 'matrix-docker-ansible-deploy/roles/custom/matrix-bridge-mx-puppet-groupme/tasks/main.yml_(IaC)_', 'matrix-docker-ansible-deploy/roles/custom/matrix-bridge-mx-puppet-groupme/tasks/setup_install.yml_(IaC)_', 'matrix-docker-ansible-deploy/roles/custom/matrix-bridge-mx-puppet-instagram/tasks/main.yml_(IaC)_', 'matrix-docker-ansible-deploy/roles/custom/matrix-bridge-mx-puppet-slack/tasks/main.yml_(IaC)_', 'matrix-docker-ansible-deploy/roles/custom/matrix-bridge-mx-puppet-slack/tasks/setup_install.yml_(IaC)_', 'matrix-docker-ansible-deploy/roles/custom/matrix-bridge-mx-puppet-steam/tasks/main.yml_(IaC)_', 'matrix-docker-ansible-deploy/roles/custom/matrix-bridge-mx-puppet-steam/tasks/setup_install.yml_(IaC)_', 'matrix-docker-ansible-deploy/roles/custom/matrix-bridge-mx-puppet-twitter/tasks/main.yml_(IaC)_', 'matrix-docker-ansible-deploy/roles/custom/matrix-bridge-mx-puppet-twitter/tasks/setup_install.yml_(IaC)_', 'matrix-docker-ansible-deploy/roles/custom/matrix-bridge-sms/tasks/main.yml_(IaC)_', 'matrix-docker-ansible-deploy/roles/custom/matrix-cactus-comments/tasks/main.yml_(IaC)_', 'matrix-docker-ansible-deploy/roles/custom/matrix-client-cinny/tasks/main.yml_(IaC)_', 'matrix-docker-ansible-deploy/roles/custom/matrix-client-element/tasks/main.yml_(IaC)_', 'matrix-docker-ansible-deploy/roles/custom/matrix-client-element/tasks/setup_install.yml_(IaC)_', 'matrix-docker-ansible-deploy/roles/custom/matrix-client-hydrogen/tasks/main.yml_(IaC)_', 'matrix-docker-ansible-deploy/roles/custom/matrix-common-after/tasks/main.yml_(IaC)_', 'matrix-docker-ansible-deploy/roles/custom/matrix-conduit/tasks/main.yml_(IaC)_', 'matrix-docker-ansible-deploy/roles/custom/matrix-corporal/tasks/main.yml_(IaC)_', 'matrix-docker-ansible-deploy/roles/custom/matrix-coturn/tasks/main.yml_(IaC)_', 'matrix-docker-ansible-deploy/roles/custom/matrix-coturn/tasks/setup_install.yml_(IaC)_', 'matrix-docker-ansible-deploy/roles/custom/matrix-dendrite/tasks/main.yml_(IaC)_', 'matrix-docker-ansible-deploy/roles/custom/matrix-dendrite/tasks/setup_install.yml_(IaC)_', 'matrix-docker-ansible-deploy/roles/custom/matrix-dimension/tasks/main.yml_(IaC)_', 'matrix-docker-ansible-deploy/roles/custom/matrix-dynamic-dns/tasks/main.yml_(IaC)_', 'matrix-docker-ansible-deploy/roles/custom/matrix-email2matrix/tasks/main.yml_(IaC)_', 'matrix-docker-ansible-deploy/roles/custom/matrix-jitsi/tasks/main.yml_(IaC)_', 'matrix-docker-ansible-deploy/roles/custom/matrix-jitsi/tasks/util/setup_jitsi_auth_uvs_install.yml_(IaC)_', 'matrix-docker-ansible-deploy/roles/custom/matrix-ldap-registration-proxy/tasks/main.yml_(IaC)_', 'matrix-docker-ansible-deploy/roles/custom/matrix-ma1sd/tasks/main.yml_(IaC)_', 'matrix-docker-ansible-deploy/roles/custom/matrix-ma1sd/tasks/setup_install.yml_(IaC)_', 'matrix-docker-ansible-deploy/roles/custom/matrix-mailer/tasks/main.yml_(IaC)_', 'matrix-docker-ansible-deploy/roles/custom/matrix-nginx-proxy/tasks/main.yml_(IaC)_', 'matrix-docker-ansible-deploy/roles/custom/matrix-nginx-proxy/tasks/ssl/setup_ssl_lets_encrypt_obtain_for_domain.yml_(IaC)_', 'matrix-docker-ansible-deploy/roles/custom/matrix-nginx-proxy/tasks/ssl/setup_ssl_self_signed_obtain_for_domain.yml_(IaC)_', 'matrix-docker-ansible-deploy/roles/custom/matrix-prometheus-nginxlog-exporter/tasks/main.yml_(IaC)_', 'matrix-docker-ansible-deploy/roles/custom/matrix-prometheus-services-proxy-connect/tasks/main.yml_(IaC)_', 'matrix-docker-ansible-deploy/roles/custom/matrix-prometheus/tasks/main.yml_(IaC)_', 'matrix-docker-ansible-deploy/roles/custom/matrix-rageshake/tasks/install.yml_(IaC)_', 'matrix-docker-ansible-deploy/roles/custom/matrix-rageshake/tasks/main.yml_(IaC)_', 'matrix-docker-ansible-deploy/roles/custom/matrix-registration/tasks/main.yml_(IaC)_', 'matrix-docker-ansible-deploy/roles/custom/matrix-sliding-sync/tasks/install.yml_(IaC)_', 'matrix-docker-ansible-deploy/roles/custom/matrix-sliding-sync/tasks/main.yml_(IaC)_', 'matrix-docker-ansible-deploy/roles/custom/matrix-sygnal/tasks/main.yml_(IaC)_', 'matrix-docker-ansible-deploy/roles/custom/matrix-synapse-admin/tasks/main.yml_(IaC)_', 'matrix-docker-ansible-deploy/roles/custom/matrix-synapse-reverse-proxy-companion/tasks/main.yml_(IaC)_', 'matrix-docker-ansible-deploy/roles/custom/matrix-synapse/tasks/ext/setup_install.yml_(IaC)_', 'matrix-docker-ansible-deploy/roles/custom/matrix-synapse/tasks/ext/setup_uninstall.yml_(IaC)_', 'matrix-docker-ansible-deploy/roles/custom/matrix-synapse/tasks/main.yml_(IaC)_', 'matrix-docker-ansible-deploy/roles/custom/matrix-synapse/tasks/setup_install.yml_(IaC)_', 'matrix-docker-ansible-deploy/roles/custom/matrix-synapse/tasks/setup_uninstall.yml_(IaC)_', 'matrix-docker-ansible-deploy/roles/custom/matrix-synapse/tasks/synapse/setup_install.yml_(IaC)_', 'matrix-docker-ansible-deploy/roles/custom/matrix-user-creator/tasks/main.yml_(IaC)_', 'matrix-docker-ansible-deploy/roles/custom/matrix-user-verification-service/tasks/main.yml_(IaC)_', 'matrix-docker-ansible-deploy/roles/custom/matrix_playbook_migration/tasks/main.yml_(IaC)_']]","['9eaf6944e3c6d8ea8f1094dc515713053e190573', 'dddfee16bc852fc989b057bd1867f0e85825846d']","[0.2, 0.5]","[0.2222222222222222, 0.05154639175257732]","[0.2105263157894737, 0.09345794392523363]","[1, 1]","[1.0, 1.0]"
"[10, 10]","[[390, 582, 566, 156, 204, 617, 108, 585, 299, 460, 135], [390, 582, 566, 156, 204, 617, 108, 585, 299, 460, 135]]","[['matrix-docker-ansible-deploy/roles/custom/matrix-mailer/tasks/main.yml_(IaC)_', 'matrix-docker-ansible-deploy/roles/custom/matrix-bridge-mautrix-hangouts/tasks/main.yml_(IaC)_', 'matrix-docker-ansible-deploy/roles/custom/matrix-bridge-appservice-irc/tasks/main.yml_(IaC)_', 'matrix-docker-ansible-deploy/roles/custom/matrix-bot-postmoogle/tasks/main.yml_(IaC)_', 'matrix-docker-ansible-deploy/roles/custom/matrix-client-hydrogen/tasks/main.yml_(IaC)_', 'matrix-docker-ansible-deploy/roles/custom/matrix-coturn/tasks/main.yml_(IaC)_', 'matrix-docker-ansible-deploy/roles/custom/matrix-bridge-mx-puppet-steam/tasks/main.yml_(IaC)_', 'matrix-docker-ansible-deploy/roles/custom/matrix-bridge-mautrix-hangouts/templates/systemd/matrix-mautrix-hangouts.service.j2_(Other)_', 'matrix-docker-ansible-deploy/roles/custom/etherpad-proxy-connect/tasks/main.yml_(IaC)_', 'matrix-docker-ansible-deploy/roles/custom/matrix-synapse/tasks/main.yml_(IaC)_', 'matrix-docker-ansible-deploy/roles/custom/matrix-prometheus-nginxlog-exporter/tasks/setup_uninstall.yml_(IaC)_'], ['matrix-docker-ansible-deploy/roles/custom/matrix-mailer/tasks/main.yml_(IaC)_', 'matrix-docker-ansible-deploy/roles/custom/matrix-bridge-mautrix-hangouts/tasks/main.yml_(IaC)_', 'matrix-docker-ansible-deploy/roles/custom/matrix-bridge-appservice-irc/tasks/main.yml_(IaC)_', 'matrix-docker-ansible-deploy/roles/custom/matrix-bot-postmoogle/tasks/main.yml_(IaC)_', 'matrix-docker-ansible-deploy/roles/custom/matrix-client-hydrogen/tasks/main.yml_(IaC)_', 'matrix-docker-ansible-deploy/roles/custom/matrix-coturn/tasks/main.yml_(IaC)_', 'matrix-docker-ansible-deploy/roles/custom/matrix-bridge-mx-puppet-steam/tasks/main.yml_(IaC)_', 'matrix-docker-ansible-deploy/roles/custom/matrix-bridge-mautrix-hangouts/templates/systemd/matrix-mautrix-hangouts.service.j2_(Other)_', 'matrix-docker-ansible-deploy/roles/custom/etherpad-proxy-connect/tasks/main.yml_(IaC)_', 'matrix-docker-ansible-deploy/roles/custom/matrix-synapse/tasks/main.yml_(IaC)_', 'matrix-docker-ansible-deploy/roles/custom/matrix-prometheus-nginxlog-exporter/tasks/setup_uninstall.yml_(IaC)_']]","[['matrix-docker-ansible-deploy/roles/custom/matrix-bridge-mautrix-facebook/tasks/inject_into_nginx_proxy.yml_(IaC)_', 'matrix-docker-ansible-deploy/roles/custom/matrix-bridge-mautrix-instagram/tasks/inject_into_nginx_proxy.yml_(IaC)_', 'matrix-docker-ansible-deploy/roles/custom/matrix-bridge-mautrix-instagram/tasks/main.yml_(IaC)_', 'matrix-docker-ansible-deploy/roles/custom/matrix-bridge-mautrix-signal/tasks/inject_into_nginx_proxy.yml_(IaC)_', 'matrix-docker-ansible-deploy/roles/custom/matrix-bridge-mautrix-signal/tasks/main.yml_(IaC)_', 'matrix-docker-ansible-deploy/roles/custom/matrix-bridge-mautrix-twitter/tasks/inject_into_nginx_proxy.yml_(IaC)_', 'matrix-docker-ansible-deploy/roles/custom/matrix-bridge-mautrix-twitter/tasks/main.yml_(IaC)_', 'matrix-docker-ansible-deploy/roles/custom/matrix-bridge-mautrix-whatsapp/defaults/main.yml_(Other)_', 'matrix-docker-ansible-deploy/roles/custom/matrix-bridge-mautrix-whatsapp/tasks/inject_into_nginx_proxy.yml_(IaC)_'], ['matrix-docker-ansible-deploy/roles/custom/etherpad-proxy-connect/tasks/main.yml_(IaC)_', 'matrix-docker-ansible-deploy/roles/custom/etherpad-proxy-connect/tasks/validate_config.yml_(IaC)_', 'matrix-docker-ansible-deploy/roles/custom/matrix-aux/tasks/main.yml_(IaC)_', 'matrix-docker-ansible-deploy/roles/custom/matrix-base/tasks/main.yml_(IaC)_', 'matrix-docker-ansible-deploy/roles/custom/matrix-bot-buscarron/tasks/main.yml_(IaC)_', 'matrix-docker-ansible-deploy/roles/custom/matrix-bot-chatgpt/tasks/main.yml_(IaC)_', 'matrix-docker-ansible-deploy/roles/custom/matrix-bot-draupnir/tasks/main.yml_(IaC)_', 'matrix-docker-ansible-deploy/roles/custom/matrix-bot-go-neb/tasks/main.yml_(IaC)_', 'matrix-docker-ansible-deploy/roles/custom/matrix-bot-honoroit/tasks/main.yml_(IaC)_', 'matrix-docker-ansible-deploy/roles/custom/matrix-bot-matrix-registration-bot/tasks/main.yml_(IaC)_', 'matrix-docker-ansible-deploy/roles/custom/matrix-bot-matrix-reminder-bot/tasks/main.yml_(IaC)_', 'matrix-docker-ansible-deploy/roles/custom/matrix-bot-maubot/tasks/main.yml_(IaC)_', 'matrix-docker-ansible-deploy/roles/custom/matrix-bot-mjolnir/tasks/main.yml_(IaC)_', 'matrix-docker-ansible-deploy/roles/custom/matrix-bot-postmoogle/tasks/main.yml_(IaC)_', 'matrix-docker-ansible-deploy/roles/custom/matrix-bridge-appservice-discord/tasks/main.yml_(IaC)_', 'matrix-docker-ansible-deploy/roles/custom/matrix-bridge-appservice-discord/tasks/setup_install.yml_(IaC)_', 'matrix-docker-ansible-deploy/roles/custom/matrix-bridge-appservice-irc/tasks/main.yml_(IaC)_', 'matrix-docker-ansible-deploy/roles/custom/matrix-bridge-appservice-irc/tasks/setup_install.yml_(IaC)_', 'matrix-docker-ansible-deploy/roles/custom/matrix-bridge-appservice-kakaotalk/tasks/main.yml_(IaC)_', 'matrix-docker-ansible-deploy/roles/custom/matrix-bridge-appservice-slack/tasks/main.yml_(IaC)_', 'matrix-docker-ansible-deploy/roles/custom/matrix-bridge-appservice-webhooks/tasks/main.yml_(IaC)_', 'matrix-docker-ansible-deploy/roles/custom/matrix-bridge-beeper-linkedin/tasks/main.yml_(IaC)_', 'matrix-docker-ansible-deploy/roles/custom/matrix-bridge-go-skype-bridge/tasks/main.yml_(IaC)_', 'matrix-docker-ansible-deploy/roles/custom/matrix-bridge-go-skype-bridge/tasks/setup_install.yml_(IaC)_', 'matrix-docker-ansible-deploy/roles/custom/matrix-bridge-heisenbridge/tasks/main.yml_(IaC)_', 'matrix-docker-ansible-deploy/roles/custom/matrix-bridge-hookshot/defaults/main.yml_(Other)_', 'matrix-docker-ansible-deploy/roles/custom/matrix-bridge-hookshot/tasks/main.yml_(IaC)_', 'matrix-docker-ansible-deploy/roles/custom/matrix-bridge-hookshot/tasks/setup_install.yml_(IaC)_', 'matrix-docker-ansible-deploy/roles/custom/matrix-bridge-mautrix-discord/tasks/main.yml_(IaC)_', 'matrix-docker-ansible-deploy/roles/custom/matrix-bridge-mautrix-facebook/tasks/main.yml_(IaC)_', 'matrix-docker-ansible-deploy/roles/custom/matrix-bridge-mautrix-facebook/tasks/setup_install.yml_(IaC)_', 'matrix-docker-ansible-deploy/roles/custom/matrix-bridge-mautrix-googlechat/tasks/main.yml_(IaC)_', 'matrix-docker-ansible-deploy/roles/custom/matrix-bridge-mautrix-googlechat/tasks/setup_install.yml_(IaC)_', 'matrix-docker-ansible-deploy/roles/custom/matrix-bridge-mautrix-hangouts/tasks/main.yml_(IaC)_', 'matrix-docker-ansible-deploy/roles/custom/matrix-bridge-mautrix-hangouts/tasks/setup_install.yml_(IaC)_', 'matrix-docker-ansible-deploy/roles/custom/matrix-bridge-mautrix-instagram/tasks/main.yml_(IaC)_', 'matrix-docker-ansible-deploy/roles/custom/matrix-bridge-mautrix-signal/tasks/main.yml_(IaC)_', 'matrix-docker-ansible-deploy/roles/custom/matrix-bridge-mautrix-slack/tasks/main.yml_(IaC)_', 'matrix-docker-ansible-deploy/roles/custom/matrix-bridge-mautrix-telegram/tasks/main.yml_(IaC)_', 'matrix-docker-ansible-deploy/roles/custom/matrix-bridge-mautrix-telegram/tasks/setup_install.yml_(IaC)_', 'matrix-docker-ansible-deploy/roles/custom/matrix-bridge-mautrix-twitter/tasks/main.yml_(IaC)_', 'matrix-docker-ansible-deploy/roles/custom/matrix-bridge-mautrix-whatsapp/tasks/setup_install.yml_(IaC)_', 'matrix-docker-ansible-deploy/roles/custom/matrix-bridge-mx-puppet-discord/tasks/main.yml_(IaC)_', 'matrix-docker-ansible-deploy/roles/custom/matrix-bridge-mx-puppet-groupme/tasks/main.yml_(IaC)_', 'matrix-docker-ansible-deploy/roles/custom/matrix-bridge-mx-puppet-groupme/tasks/setup_install.yml_(IaC)_', 'matrix-docker-ansible-deploy/roles/custom/matrix-bridge-mx-puppet-instagram/tasks/main.yml_(IaC)_', 'matrix-docker-ansible-deploy/roles/custom/matrix-bridge-mx-puppet-slack/tasks/main.yml_(IaC)_', 'matrix-docker-ansible-deploy/roles/custom/matrix-bridge-mx-puppet-slack/tasks/setup_install.yml_(IaC)_', 'matrix-docker-ansible-deploy/roles/custom/matrix-bridge-mx-puppet-steam/tasks/main.yml_(IaC)_', 'matrix-docker-ansible-deploy/roles/custom/matrix-bridge-mx-puppet-steam/tasks/setup_install.yml_(IaC)_', 'matrix-docker-ansible-deploy/roles/custom/matrix-bridge-mx-puppet-twitter/tasks/main.yml_(IaC)_', 'matrix-docker-ansible-deploy/roles/custom/matrix-bridge-mx-puppet-twitter/tasks/setup_install.yml_(IaC)_', 'matrix-docker-ansible-deploy/roles/custom/matrix-bridge-sms/tasks/main.yml_(IaC)_', 'matrix-docker-ansible-deploy/roles/custom/matrix-cactus-comments/tasks/main.yml_(IaC)_', 'matrix-docker-ansible-deploy/roles/custom/matrix-client-cinny/tasks/main.yml_(IaC)_', 'matrix-docker-ansible-deploy/roles/custom/matrix-client-element/tasks/main.yml_(IaC)_', 'matrix-docker-ansible-deploy/roles/custom/matrix-client-element/tasks/setup_install.yml_(IaC)_', 'matrix-docker-ansible-deploy/roles/custom/matrix-client-hydrogen/tasks/main.yml_(IaC)_', 'matrix-docker-ansible-deploy/roles/custom/matrix-common-after/tasks/main.yml_(IaC)_', 'matrix-docker-ansible-deploy/roles/custom/matrix-conduit/tasks/main.yml_(IaC)_', 'matrix-docker-ansible-deploy/roles/custom/matrix-corporal/tasks/main.yml_(IaC)_', 'matrix-docker-ansible-deploy/roles/custom/matrix-coturn/tasks/main.yml_(IaC)_', 'matrix-docker-ansible-deploy/roles/custom/matrix-coturn/tasks/setup_install.yml_(IaC)_', 'matrix-docker-ansible-deploy/roles/custom/matrix-dendrite/tasks/main.yml_(IaC)_', 'matrix-docker-ansible-deploy/roles/custom/matrix-dendrite/tasks/setup_install.yml_(IaC)_', 'matrix-docker-ansible-deploy/roles/custom/matrix-dimension/tasks/main.yml_(IaC)_', 'matrix-docker-ansible-deploy/roles/custom/matrix-dynamic-dns/tasks/main.yml_(IaC)_', 'matrix-docker-ansible-deploy/roles/custom/matrix-email2matrix/tasks/main.yml_(IaC)_', 'matrix-docker-ansible-deploy/roles/custom/matrix-jitsi/tasks/main.yml_(IaC)_', 'matrix-docker-ansible-deploy/roles/custom/matrix-jitsi/tasks/util/setup_jitsi_auth_uvs_install.yml_(IaC)_', 'matrix-docker-ansible-deploy/roles/custom/matrix-ldap-registration-proxy/tasks/main.yml_(IaC)_', 'matrix-docker-ansible-deploy/roles/custom/matrix-ma1sd/tasks/main.yml_(IaC)_', 'matrix-docker-ansible-deploy/roles/custom/matrix-ma1sd/tasks/setup_install.yml_(IaC)_', 'matrix-docker-ansible-deploy/roles/custom/matrix-mailer/tasks/main.yml_(IaC)_', 'matrix-docker-ansible-deploy/roles/custom/matrix-nginx-proxy/tasks/main.yml_(IaC)_', 'matrix-docker-ansible-deploy/roles/custom/matrix-nginx-proxy/tasks/ssl/setup_ssl_lets_encrypt_obtain_for_domain.yml_(IaC)_', 'matrix-docker-ansible-deploy/roles/custom/matrix-nginx-proxy/tasks/ssl/setup_ssl_self_signed_obtain_for_domain.yml_(IaC)_', 'matrix-docker-ansible-deploy/roles/custom/matrix-prometheus-nginxlog-exporter/tasks/main.yml_(IaC)_', 'matrix-docker-ansible-deploy/roles/custom/matrix-prometheus-services-proxy-connect/tasks/main.yml_(IaC)_', 'matrix-docker-ansible-deploy/roles/custom/matrix-prometheus/tasks/main.yml_(IaC)_', 'matrix-docker-ansible-deploy/roles/custom/matrix-rageshake/tasks/install.yml_(IaC)_', 'matrix-docker-ansible-deploy/roles/custom/matrix-rageshake/tasks/main.yml_(IaC)_', 'matrix-docker-ansible-deploy/roles/custom/matrix-registration/tasks/main.yml_(IaC)_', 'matrix-docker-ansible-deploy/roles/custom/matrix-sliding-sync/tasks/install.yml_(IaC)_', 'matrix-docker-ansible-deploy/roles/custom/matrix-sliding-sync/tasks/main.yml_(IaC)_', 'matrix-docker-ansible-deploy/roles/custom/matrix-sygnal/tasks/main.yml_(IaC)_', 'matrix-docker-ansible-deploy/roles/custom/matrix-synapse-admin/tasks/main.yml_(IaC)_', 'matrix-docker-ansible-deploy/roles/custom/matrix-synapse-reverse-proxy-companion/tasks/main.yml_(IaC)_', 'matrix-docker-ansible-deploy/roles/custom/matrix-synapse/tasks/ext/setup_install.yml_(IaC)_', 'matrix-docker-ansible-deploy/roles/custom/matrix-synapse/tasks/ext/setup_uninstall.yml_(IaC)_', 'matrix-docker-ansible-deploy/roles/custom/matrix-synapse/tasks/main.yml_(IaC)_', 'matrix-docker-ansible-deploy/roles/custom/matrix-synapse/tasks/setup_install.yml_(IaC)_', 'matrix-docker-ansible-deploy/roles/custom/matrix-synapse/tasks/setup_uninstall.yml_(IaC)_', 'matrix-docker-ansible-deploy/roles/custom/matrix-synapse/tasks/synapse/setup_install.yml_(IaC)_', 'matrix-docker-ansible-deploy/roles/custom/matrix-user-creator/tasks/main.yml_(IaC)_', 'matrix-docker-ansible-deploy/roles/custom/matrix-user-verification-service/tasks/main.yml_(IaC)_', 'matrix-docker-ansible-deploy/roles/custom/matrix_playbook_migration/tasks/main.yml_(IaC)_']]","['9eaf6944e3c6d8ea8f1094dc515713053e190573', 'dddfee16bc852fc989b057bd1867f0e85825846d']","[0.0, 0.9]","[0.0, 0.09278350515463918]","[0, 0.16822429906542058]","[0, 1]","[0, 1.0]"
"[10, 10]","[[196, 422, 67, 445, 85, 299, 575, 9, 406, 272], [196, 422, 67, 445, 85, 299, 575, 9, 406, 272]]","[['matrix-docker-ansible-deploy/roles/custom/matrix-bridge-mautrix-telegram/tasks/main.yml_(IaC)_', 'matrix-docker-ansible-deploy/roles/custom/matrix-bridge-hookshot/tasks/main.yml_(IaC)_', 'matrix-docker-ansible-deploy/roles/custom/matrix-bridge-appservice-kakaotalk/tasks/main.yml_(IaC)_', 'matrix-docker-ansible-deploy/roles/custom/matrix-bridge-go-skype-bridge/tasks/main.yml_(IaC)_', 'matrix-docker-ansible-deploy/roles/custom/matrix-sygnal/tasks/main.yml_(IaC)_', 'matrix-docker-ansible-deploy/roles/custom/etherpad-proxy-connect/tasks/main.yml_(IaC)_', 'matrix-docker-ansible-deploy/roles/custom/matrix-synapse-admin/defaults/main.yml_(Other)_', 'matrix-docker-ansible-deploy/roles/custom/matrix-client-element/tasks/prepare_themes.yml_(IaC)_', 'matrix-docker-ansible-deploy/roles/custom/matrix-bridge-appservice-slack/tasks/main.yml_(IaC)_', 'matrix-docker-ansible-deploy/roles/custom/matrix-corporal/tasks/setup_install.yml_(IaC)_'], ['matrix-docker-ansible-deploy/roles/custom/matrix-bridge-mautrix-telegram/tasks/main.yml_(IaC)_', 'matrix-docker-ansible-deploy/roles/custom/matrix-bridge-hookshot/tasks/main.yml_(IaC)_', 'matrix-docker-ansible-deploy/roles/custom/matrix-bridge-appservice-kakaotalk/tasks/main.yml_(IaC)_', 'matrix-docker-ansible-deploy/roles/custom/matrix-bridge-go-skype-bridge/tasks/main.yml_(IaC)_', 'matrix-docker-ansible-deploy/roles/custom/matrix-sygnal/tasks/main.yml_(IaC)_', 'matrix-docker-ansible-deploy/roles/custom/etherpad-proxy-connect/tasks/main.yml_(IaC)_', 'matrix-docker-ansible-deploy/roles/custom/matrix-synapse-admin/defaults/main.yml_(Other)_', 'matrix-docker-ansible-deploy/roles/custom/matrix-client-element/tasks/prepare_themes.yml_(IaC)_', 'matrix-docker-ansible-deploy/roles/custom/matrix-bridge-appservice-slack/tasks/main.yml_(IaC)_', 'matrix-docker-ansible-deploy/roles/custom/matrix-corporal/tasks/setup_install.yml_(IaC)_']]","[['matrix-docker-ansible-deploy/roles/custom/matrix-bridge-mautrix-facebook/tasks/inject_into_nginx_proxy.yml_(IaC)_', 'matrix-docker-ansible-deploy/roles/custom/matrix-bridge-mautrix-instagram/tasks/inject_into_nginx_proxy.yml_(IaC)_', 'matrix-docker-ansible-deploy/roles/custom/matrix-bridge-mautrix-instagram/tasks/main.yml_(IaC)_', 'matrix-docker-ansible-deploy/roles/custom/matrix-bridge-mautrix-signal/tasks/inject_into_nginx_proxy.yml_(IaC)_', 'matrix-docker-ansible-deploy/roles/custom/matrix-bridge-mautrix-signal/tasks/main.yml_(IaC)_', 'matrix-docker-ansible-deploy/roles/custom/matrix-bridge-mautrix-twitter/tasks/inject_into_nginx_proxy.yml_(IaC)_', 'matrix-docker-ansible-deploy/roles/custom/matrix-bridge-mautrix-twitter/tasks/main.yml_(IaC)_', 'matrix-docker-ansible-deploy/roles/custom/matrix-bridge-mautrix-whatsapp/defaults/main.yml_(Other)_', 'matrix-docker-ansible-deploy/roles/custom/matrix-bridge-mautrix-whatsapp/tasks/inject_into_nginx_proxy.yml_(IaC)_'], ['matrix-docker-ansible-deploy/roles/custom/etherpad-proxy-connect/tasks/main.yml_(IaC)_', 'matrix-docker-ansible-deploy/roles/custom/etherpad-proxy-connect/tasks/validate_config.yml_(IaC)_', 'matrix-docker-ansible-deploy/roles/custom/matrix-aux/tasks/main.yml_(IaC)_', 'matrix-docker-ansible-deploy/roles/custom/matrix-base/tasks/main.yml_(IaC)_', 'matrix-docker-ansible-deploy/roles/custom/matrix-bot-buscarron/tasks/main.yml_(IaC)_', 'matrix-docker-ansible-deploy/roles/custom/matrix-bot-chatgpt/tasks/main.yml_(IaC)_', 'matrix-docker-ansible-deploy/roles/custom/matrix-bot-draupnir/tasks/main.yml_(IaC)_', 'matrix-docker-ansible-deploy/roles/custom/matrix-bot-go-neb/tasks/main.yml_(IaC)_', 'matrix-docker-ansible-deploy/roles/custom/matrix-bot-honoroit/tasks/main.yml_(IaC)_', 'matrix-docker-ansible-deploy/roles/custom/matrix-bot-matrix-registration-bot/tasks/main.yml_(IaC)_', 'matrix-docker-ansible-deploy/roles/custom/matrix-bot-matrix-reminder-bot/tasks/main.yml_(IaC)_', 'matrix-docker-ansible-deploy/roles/custom/matrix-bot-maubot/tasks/main.yml_(IaC)_', 'matrix-docker-ansible-deploy/roles/custom/matrix-bot-mjolnir/tasks/main.yml_(IaC)_', 'matrix-docker-ansible-deploy/roles/custom/matrix-bot-postmoogle/tasks/main.yml_(IaC)_', 'matrix-docker-ansible-deploy/roles/custom/matrix-bridge-appservice-discord/tasks/main.yml_(IaC)_', 'matrix-docker-ansible-deploy/roles/custom/matrix-bridge-appservice-discord/tasks/setup_install.yml_(IaC)_', 'matrix-docker-ansible-deploy/roles/custom/matrix-bridge-appservice-irc/tasks/main.yml_(IaC)_', 'matrix-docker-ansible-deploy/roles/custom/matrix-bridge-appservice-irc/tasks/setup_install.yml_(IaC)_', 'matrix-docker-ansible-deploy/roles/custom/matrix-bridge-appservice-kakaotalk/tasks/main.yml_(IaC)_', 'matrix-docker-ansible-deploy/roles/custom/matrix-bridge-appservice-slack/tasks/main.yml_(IaC)_', 'matrix-docker-ansible-deploy/roles/custom/matrix-bridge-appservice-webhooks/tasks/main.yml_(IaC)_', 'matrix-docker-ansible-deploy/roles/custom/matrix-bridge-beeper-linkedin/tasks/main.yml_(IaC)_', 'matrix-docker-ansible-deploy/roles/custom/matrix-bridge-go-skype-bridge/tasks/main.yml_(IaC)_', 'matrix-docker-ansible-deploy/roles/custom/matrix-bridge-go-skype-bridge/tasks/setup_install.yml_(IaC)_', 'matrix-docker-ansible-deploy/roles/custom/matrix-bridge-heisenbridge/tasks/main.yml_(IaC)_', 'matrix-docker-ansible-deploy/roles/custom/matrix-bridge-hookshot/defaults/main.yml_(Other)_', 'matrix-docker-ansible-deploy/roles/custom/matrix-bridge-hookshot/tasks/main.yml_(IaC)_', 'matrix-docker-ansible-deploy/roles/custom/matrix-bridge-hookshot/tasks/setup_install.yml_(IaC)_', 'matrix-docker-ansible-deploy/roles/custom/matrix-bridge-mautrix-discord/tasks/main.yml_(IaC)_', 'matrix-docker-ansible-deploy/roles/custom/matrix-bridge-mautrix-facebook/tasks/main.yml_(IaC)_', 'matrix-docker-ansible-deploy/roles/custom/matrix-bridge-mautrix-facebook/tasks/setup_install.yml_(IaC)_', 'matrix-docker-ansible-deploy/roles/custom/matrix-bridge-mautrix-googlechat/tasks/main.yml_(IaC)_', 'matrix-docker-ansible-deploy/roles/custom/matrix-bridge-mautrix-googlechat/tasks/setup_install.yml_(IaC)_', 'matrix-docker-ansible-deploy/roles/custom/matrix-bridge-mautrix-hangouts/tasks/main.yml_(IaC)_', 'matrix-docker-ansible-deploy/roles/custom/matrix-bridge-mautrix-hangouts/tasks/setup_install.yml_(IaC)_', 'matrix-docker-ansible-deploy/roles/custom/matrix-bridge-mautrix-instagram/tasks/main.yml_(IaC)_', 'matrix-docker-ansible-deploy/roles/custom/matrix-bridge-mautrix-signal/tasks/main.yml_(IaC)_', 'matrix-docker-ansible-deploy/roles/custom/matrix-bridge-mautrix-slack/tasks/main.yml_(IaC)_', 'matrix-docker-ansible-deploy/roles/custom/matrix-bridge-mautrix-telegram/tasks/main.yml_(IaC)_', 'matrix-docker-ansible-deploy/roles/custom/matrix-bridge-mautrix-telegram/tasks/setup_install.yml_(IaC)_', 'matrix-docker-ansible-deploy/roles/custom/matrix-bridge-mautrix-twitter/tasks/main.yml_(IaC)_', 'matrix-docker-ansible-deploy/roles/custom/matrix-bridge-mautrix-whatsapp/tasks/setup_install.yml_(IaC)_', 'matrix-docker-ansible-deploy/roles/custom/matrix-bridge-mx-puppet-discord/tasks/main.yml_(IaC)_', 'matrix-docker-ansible-deploy/roles/custom/matrix-bridge-mx-puppet-groupme/tasks/main.yml_(IaC)_', 'matrix-docker-ansible-deploy/roles/custom/matrix-bridge-mx-puppet-groupme/tasks/setup_install.yml_(IaC)_', 'matrix-docker-ansible-deploy/roles/custom/matrix-bridge-mx-puppet-instagram/tasks/main.yml_(IaC)_', 'matrix-docker-ansible-deploy/roles/custom/matrix-bridge-mx-puppet-slack/tasks/main.yml_(IaC)_', 'matrix-docker-ansible-deploy/roles/custom/matrix-bridge-mx-puppet-slack/tasks/setup_install.yml_(IaC)_', 'matrix-docker-ansible-deploy/roles/custom/matrix-bridge-mx-puppet-steam/tasks/main.yml_(IaC)_', 'matrix-docker-ansible-deploy/roles/custom/matrix-bridge-mx-puppet-steam/tasks/setup_install.yml_(IaC)_', 'matrix-docker-ansible-deploy/roles/custom/matrix-bridge-mx-puppet-twitter/tasks/main.yml_(IaC)_', 'matrix-docker-ansible-deploy/roles/custom/matrix-bridge-mx-puppet-twitter/tasks/setup_install.yml_(IaC)_', 'matrix-docker-ansible-deploy/roles/custom/matrix-bridge-sms/tasks/main.yml_(IaC)_', 'matrix-docker-ansible-deploy/roles/custom/matrix-cactus-comments/tasks/main.yml_(IaC)_', 'matrix-docker-ansible-deploy/roles/custom/matrix-client-cinny/tasks/main.yml_(IaC)_', 'matrix-docker-ansible-deploy/roles/custom/matrix-client-element/tasks/main.yml_(IaC)_', 'matrix-docker-ansible-deploy/roles/custom/matrix-client-element/tasks/setup_install.yml_(IaC)_', 'matrix-docker-ansible-deploy/roles/custom/matrix-client-hydrogen/tasks/main.yml_(IaC)_', 'matrix-docker-ansible-deploy/roles/custom/matrix-common-after/tasks/main.yml_(IaC)_', 'matrix-docker-ansible-deploy/roles/custom/matrix-conduit/tasks/main.yml_(IaC)_', 'matrix-docker-ansible-deploy/roles/custom/matrix-corporal/tasks/main.yml_(IaC)_', 'matrix-docker-ansible-deploy/roles/custom/matrix-coturn/tasks/main.yml_(IaC)_', 'matrix-docker-ansible-deploy/roles/custom/matrix-coturn/tasks/setup_install.yml_(IaC)_', 'matrix-docker-ansible-deploy/roles/custom/matrix-dendrite/tasks/main.yml_(IaC)_', 'matrix-docker-ansible-deploy/roles/custom/matrix-dendrite/tasks/setup_install.yml_(IaC)_', 'matrix-docker-ansible-deploy/roles/custom/matrix-dimension/tasks/main.yml_(IaC)_', 'matrix-docker-ansible-deploy/roles/custom/matrix-dynamic-dns/tasks/main.yml_(IaC)_', 'matrix-docker-ansible-deploy/roles/custom/matrix-email2matrix/tasks/main.yml_(IaC)_', 'matrix-docker-ansible-deploy/roles/custom/matrix-jitsi/tasks/main.yml_(IaC)_', 'matrix-docker-ansible-deploy/roles/custom/matrix-jitsi/tasks/util/setup_jitsi_auth_uvs_install.yml_(IaC)_', 'matrix-docker-ansible-deploy/roles/custom/matrix-ldap-registration-proxy/tasks/main.yml_(IaC)_', 'matrix-docker-ansible-deploy/roles/custom/matrix-ma1sd/tasks/main.yml_(IaC)_', 'matrix-docker-ansible-deploy/roles/custom/matrix-ma1sd/tasks/setup_install.yml_(IaC)_', 'matrix-docker-ansible-deploy/roles/custom/matrix-mailer/tasks/main.yml_(IaC)_', 'matrix-docker-ansible-deploy/roles/custom/matrix-nginx-proxy/tasks/main.yml_(IaC)_', 'matrix-docker-ansible-deploy/roles/custom/matrix-nginx-proxy/tasks/ssl/setup_ssl_lets_encrypt_obtain_for_domain.yml_(IaC)_', 'matrix-docker-ansible-deploy/roles/custom/matrix-nginx-proxy/tasks/ssl/setup_ssl_self_signed_obtain_for_domain.yml_(IaC)_', 'matrix-docker-ansible-deploy/roles/custom/matrix-prometheus-nginxlog-exporter/tasks/main.yml_(IaC)_', 'matrix-docker-ansible-deploy/roles/custom/matrix-prometheus-services-proxy-connect/tasks/main.yml_(IaC)_', 'matrix-docker-ansible-deploy/roles/custom/matrix-prometheus/tasks/main.yml_(IaC)_', 'matrix-docker-ansible-deploy/roles/custom/matrix-rageshake/tasks/install.yml_(IaC)_', 'matrix-docker-ansible-deploy/roles/custom/matrix-rageshake/tasks/main.yml_(IaC)_', 'matrix-docker-ansible-deploy/roles/custom/matrix-registration/tasks/main.yml_(IaC)_', 'matrix-docker-ansible-deploy/roles/custom/matrix-sliding-sync/tasks/install.yml_(IaC)_', 'matrix-docker-ansible-deploy/roles/custom/matrix-sliding-sync/tasks/main.yml_(IaC)_', 'matrix-docker-ansible-deploy/roles/custom/matrix-sygnal/tasks/main.yml_(IaC)_', 'matrix-docker-ansible-deploy/roles/custom/matrix-synapse-admin/tasks/main.yml_(IaC)_', 'matrix-docker-ansible-deploy/roles/custom/matrix-synapse-reverse-proxy-companion/tasks/main.yml_(IaC)_', 'matrix-docker-ansible-deploy/roles/custom/matrix-synapse/tasks/ext/setup_install.yml_(IaC)_', 'matrix-docker-ansible-deploy/roles/custom/matrix-synapse/tasks/ext/setup_uninstall.yml_(IaC)_', 'matrix-docker-ansible-deploy/roles/custom/matrix-synapse/tasks/main.yml_(IaC)_', 'matrix-docker-ansible-deploy/roles/custom/matrix-synapse/tasks/setup_install.yml_(IaC)_', 'matrix-docker-ansible-deploy/roles/custom/matrix-synapse/tasks/setup_uninstall.yml_(IaC)_', 'matrix-docker-ansible-deploy/roles/custom/matrix-synapse/tasks/synapse/setup_install.yml_(IaC)_', 'matrix-docker-ansible-deploy/roles/custom/matrix-user-creator/tasks/main.yml_(IaC)_', 'matrix-docker-ansible-deploy/roles/custom/matrix-user-verification-service/tasks/main.yml_(IaC)_', 'matrix-docker-ansible-deploy/roles/custom/matrix_playbook_migration/tasks/main.yml_(IaC)_']]","['9eaf6944e3c6d8ea8f1094dc515713053e190573', 'dddfee16bc852fc989b057bd1867f0e85825846d']","[0.0, 0.7]","[0.0, 0.07216494845360824]","[0, 0.1308411214953271]","[0, 1]","[0, 1.0]"
"[10, 10]","[[369, 599, 430, 13, 279, 582, 325, 527, 121, 487], [369, 599, 430, 13, 279, 582, 325, 527, 121, 487]]","[['matrix-docker-ansible-deploy/roles/custom/matrix-cactus-comments/templates/systemd/matrix-cactus-comments.service.j2_(Other)_', 'matrix-docker-ansible-deploy/roles/custom/matrix-bridge-mautrix-signal/tasks/main.yml_(IaC)_', 'matrix-docker-ansible-deploy/roles/custom/matrix-bridge-mautrix-discord/tasks/main.yml_(IaC)_', 'matrix-docker-ansible-deploy/roles/custom/matrix-client-element/tasks/main.yml_(IaC)_', 'matrix-docker-ansible-deploy/roles/custom/matrix-bridge-heisenbridge/tasks/main.yml_(IaC)_', 'matrix-docker-ansible-deploy/roles/custom/matrix-bridge-mautrix-hangouts/tasks/main.yml_(IaC)_', 'matrix-docker-ansible-deploy/roles/custom/matrix-bridge-beeper-linkedin/tasks/main.yml_(IaC)_', 'matrix-docker-ansible-deploy/roles/custom/matrix-bridge-appservice-webhooks/tasks/main.yml_(IaC)_', 'matrix-docker-ansible-deploy/roles/custom/matrix-bridge-mautrix-slack/tasks/setup_install.yml_(IaC)_', 'matrix-docker-ansible-deploy/roles/custom/matrix-synapse/tasks/synapse/workers/util/setup_files_for_worker.yml_(IaC)_'], ['matrix-docker-ansible-deploy/roles/custom/matrix-cactus-comments/templates/systemd/matrix-cactus-comments.service.j2_(Other)_', 'matrix-docker-ansible-deploy/roles/custom/matrix-bridge-mautrix-signal/tasks/main.yml_(IaC)_', 'matrix-docker-ansible-deploy/roles/custom/matrix-bridge-mautrix-discord/tasks/main.yml_(IaC)_', 'matrix-docker-ansible-deploy/roles/custom/matrix-client-element/tasks/main.yml_(IaC)_', 'matrix-docker-ansible-deploy/roles/custom/matrix-bridge-heisenbridge/tasks/main.yml_(IaC)_', 'matrix-docker-ansible-deploy/roles/custom/matrix-bridge-mautrix-hangouts/tasks/main.yml_(IaC)_', 'matrix-docker-ansible-deploy/roles/custom/matrix-bridge-beeper-linkedin/tasks/main.yml_(IaC)_', 'matrix-docker-ansible-deploy/roles/custom/matrix-bridge-appservice-webhooks/tasks/main.yml_(IaC)_', 'matrix-docker-ansible-deploy/roles/custom/matrix-bridge-mautrix-slack/tasks/setup_install.yml_(IaC)_', 'matrix-docker-ansible-deploy/roles/custom/matrix-synapse/tasks/synapse/workers/util/setup_files_for_worker.yml_(IaC)_']]","[['matrix-docker-ansible-deploy/roles/custom/matrix-bridge-mautrix-facebook/tasks/inject_into_nginx_proxy.yml_(IaC)_', 'matrix-docker-ansible-deploy/roles/custom/matrix-bridge-mautrix-instagram/tasks/inject_into_nginx_proxy.yml_(IaC)_', 'matrix-docker-ansible-deploy/roles/custom/matrix-bridge-mautrix-instagram/tasks/main.yml_(IaC)_', 'matrix-docker-ansible-deploy/roles/custom/matrix-bridge-mautrix-signal/tasks/inject_into_nginx_proxy.yml_(IaC)_', 'matrix-docker-ansible-deploy/roles/custom/matrix-bridge-mautrix-signal/tasks/main.yml_(IaC)_', 'matrix-docker-ansible-deploy/roles/custom/matrix-bridge-mautrix-twitter/tasks/inject_into_nginx_proxy.yml_(IaC)_', 'matrix-docker-ansible-deploy/roles/custom/matrix-bridge-mautrix-twitter/tasks/main.yml_(IaC)_', 'matrix-docker-ansible-deploy/roles/custom/matrix-bridge-mautrix-whatsapp/defaults/main.yml_(Other)_', 'matrix-docker-ansible-deploy/roles/custom/matrix-bridge-mautrix-whatsapp/tasks/inject_into_nginx_proxy.yml_(IaC)_'], ['matrix-docker-ansible-deploy/roles/custom/etherpad-proxy-connect/tasks/main.yml_(IaC)_', 'matrix-docker-ansible-deploy/roles/custom/etherpad-proxy-connect/tasks/validate_config.yml_(IaC)_', 'matrix-docker-ansible-deploy/roles/custom/matrix-aux/tasks/main.yml_(IaC)_', 'matrix-docker-ansible-deploy/roles/custom/matrix-base/tasks/main.yml_(IaC)_', 'matrix-docker-ansible-deploy/roles/custom/matrix-bot-buscarron/tasks/main.yml_(IaC)_', 'matrix-docker-ansible-deploy/roles/custom/matrix-bot-chatgpt/tasks/main.yml_(IaC)_', 'matrix-docker-ansible-deploy/roles/custom/matrix-bot-draupnir/tasks/main.yml_(IaC)_', 'matrix-docker-ansible-deploy/roles/custom/matrix-bot-go-neb/tasks/main.yml_(IaC)_', 'matrix-docker-ansible-deploy/roles/custom/matrix-bot-honoroit/tasks/main.yml_(IaC)_', 'matrix-docker-ansible-deploy/roles/custom/matrix-bot-matrix-registration-bot/tasks/main.yml_(IaC)_', 'matrix-docker-ansible-deploy/roles/custom/matrix-bot-matrix-reminder-bot/tasks/main.yml_(IaC)_', 'matrix-docker-ansible-deploy/roles/custom/matrix-bot-maubot/tasks/main.yml_(IaC)_', 'matrix-docker-ansible-deploy/roles/custom/matrix-bot-mjolnir/tasks/main.yml_(IaC)_', 'matrix-docker-ansible-deploy/roles/custom/matrix-bot-postmoogle/tasks/main.yml_(IaC)_', 'matrix-docker-ansible-deploy/roles/custom/matrix-bridge-appservice-discord/tasks/main.yml_(IaC)_', 'matrix-docker-ansible-deploy/roles/custom/matrix-bridge-appservice-discord/tasks/setup_install.yml_(IaC)_', 'matrix-docker-ansible-deploy/roles/custom/matrix-bridge-appservice-irc/tasks/main.yml_(IaC)_', 'matrix-docker-ansible-deploy/roles/custom/matrix-bridge-appservice-irc/tasks/setup_install.yml_(IaC)_', 'matrix-docker-ansible-deploy/roles/custom/matrix-bridge-appservice-kakaotalk/tasks/main.yml_(IaC)_', 'matrix-docker-ansible-deploy/roles/custom/matrix-bridge-appservice-slack/tasks/main.yml_(IaC)_', 'matrix-docker-ansible-deploy/roles/custom/matrix-bridge-appservice-webhooks/tasks/main.yml_(IaC)_', 'matrix-docker-ansible-deploy/roles/custom/matrix-bridge-beeper-linkedin/tasks/main.yml_(IaC)_', 'matrix-docker-ansible-deploy/roles/custom/matrix-bridge-go-skype-bridge/tasks/main.yml_(IaC)_', 'matrix-docker-ansible-deploy/roles/custom/matrix-bridge-go-skype-bridge/tasks/setup_install.yml_(IaC)_', 'matrix-docker-ansible-deploy/roles/custom/matrix-bridge-heisenbridge/tasks/main.yml_(IaC)_', 'matrix-docker-ansible-deploy/roles/custom/matrix-bridge-hookshot/defaults/main.yml_(Other)_', 'matrix-docker-ansible-deploy/roles/custom/matrix-bridge-hookshot/tasks/main.yml_(IaC)_', 'matrix-docker-ansible-deploy/roles/custom/matrix-bridge-hookshot/tasks/setup_install.yml_(IaC)_', 'matrix-docker-ansible-deploy/roles/custom/matrix-bridge-mautrix-discord/tasks/main.yml_(IaC)_', 'matrix-docker-ansible-deploy/roles/custom/matrix-bridge-mautrix-facebook/tasks/main.yml_(IaC)_', 'matrix-docker-ansible-deploy/roles/custom/matrix-bridge-mautrix-facebook/tasks/setup_install.yml_(IaC)_', 'matrix-docker-ansible-deploy/roles/custom/matrix-bridge-mautrix-googlechat/tasks/main.yml_(IaC)_', 'matrix-docker-ansible-deploy/roles/custom/matrix-bridge-mautrix-googlechat/tasks/setup_install.yml_(IaC)_', 'matrix-docker-ansible-deploy/roles/custom/matrix-bridge-mautrix-hangouts/tasks/main.yml_(IaC)_', 'matrix-docker-ansible-deploy/roles/custom/matrix-bridge-mautrix-hangouts/tasks/setup_install.yml_(IaC)_', 'matrix-docker-ansible-deploy/roles/custom/matrix-bridge-mautrix-instagram/tasks/main.yml_(IaC)_', 'matrix-docker-ansible-deploy/roles/custom/matrix-bridge-mautrix-signal/tasks/main.yml_(IaC)_', 'matrix-docker-ansible-deploy/roles/custom/matrix-bridge-mautrix-slack/tasks/main.yml_(IaC)_', 'matrix-docker-ansible-deploy/roles/custom/matrix-bridge-mautrix-telegram/tasks/main.yml_(IaC)_', 'matrix-docker-ansible-deploy/roles/custom/matrix-bridge-mautrix-telegram/tasks/setup_install.yml_(IaC)_', 'matrix-docker-ansible-deploy/roles/custom/matrix-bridge-mautrix-twitter/tasks/main.yml_(IaC)_', 'matrix-docker-ansible-deploy/roles/custom/matrix-bridge-mautrix-whatsapp/tasks/setup_install.yml_(IaC)_', 'matrix-docker-ansible-deploy/roles/custom/matrix-bridge-mx-puppet-discord/tasks/main.yml_(IaC)_', 'matrix-docker-ansible-deploy/roles/custom/matrix-bridge-mx-puppet-groupme/tasks/main.yml_(IaC)_', 'matrix-docker-ansible-deploy/roles/custom/matrix-bridge-mx-puppet-groupme/tasks/setup_install.yml_(IaC)_', 'matrix-docker-ansible-deploy/roles/custom/matrix-bridge-mx-puppet-instagram/tasks/main.yml_(IaC)_', 'matrix-docker-ansible-deploy/roles/custom/matrix-bridge-mx-puppet-slack/tasks/main.yml_(IaC)_', 'matrix-docker-ansible-deploy/roles/custom/matrix-bridge-mx-puppet-slack/tasks/setup_install.yml_(IaC)_', 'matrix-docker-ansible-deploy/roles/custom/matrix-bridge-mx-puppet-steam/tasks/main.yml_(IaC)_', 'matrix-docker-ansible-deploy/roles/custom/matrix-bridge-mx-puppet-steam/tasks/setup_install.yml_(IaC)_', 'matrix-docker-ansible-deploy/roles/custom/matrix-bridge-mx-puppet-twitter/tasks/main.yml_(IaC)_', 'matrix-docker-ansible-deploy/roles/custom/matrix-bridge-mx-puppet-twitter/tasks/setup_install.yml_(IaC)_', 'matrix-docker-ansible-deploy/roles/custom/matrix-bridge-sms/tasks/main.yml_(IaC)_', 'matrix-docker-ansible-deploy/roles/custom/matrix-cactus-comments/tasks/main.yml_(IaC)_', 'matrix-docker-ansible-deploy/roles/custom/matrix-client-cinny/tasks/main.yml_(IaC)_', 'matrix-docker-ansible-deploy/roles/custom/matrix-client-element/tasks/main.yml_(IaC)_', 'matrix-docker-ansible-deploy/roles/custom/matrix-client-element/tasks/setup_install.yml_(IaC)_', 'matrix-docker-ansible-deploy/roles/custom/matrix-client-hydrogen/tasks/main.yml_(IaC)_', 'matrix-docker-ansible-deploy/roles/custom/matrix-common-after/tasks/main.yml_(IaC)_', 'matrix-docker-ansible-deploy/roles/custom/matrix-conduit/tasks/main.yml_(IaC)_', 'matrix-docker-ansible-deploy/roles/custom/matrix-corporal/tasks/main.yml_(IaC)_', 'matrix-docker-ansible-deploy/roles/custom/matrix-coturn/tasks/main.yml_(IaC)_', 'matrix-docker-ansible-deploy/roles/custom/matrix-coturn/tasks/setup_install.yml_(IaC)_', 'matrix-docker-ansible-deploy/roles/custom/matrix-dendrite/tasks/main.yml_(IaC)_', 'matrix-docker-ansible-deploy/roles/custom/matrix-dendrite/tasks/setup_install.yml_(IaC)_', 'matrix-docker-ansible-deploy/roles/custom/matrix-dimension/tasks/main.yml_(IaC)_', 'matrix-docker-ansible-deploy/roles/custom/matrix-dynamic-dns/tasks/main.yml_(IaC)_', 'matrix-docker-ansible-deploy/roles/custom/matrix-email2matrix/tasks/main.yml_(IaC)_', 'matrix-docker-ansible-deploy/roles/custom/matrix-jitsi/tasks/main.yml_(IaC)_', 'matrix-docker-ansible-deploy/roles/custom/matrix-jitsi/tasks/util/setup_jitsi_auth_uvs_install.yml_(IaC)_', 'matrix-docker-ansible-deploy/roles/custom/matrix-ldap-registration-proxy/tasks/main.yml_(IaC)_', 'matrix-docker-ansible-deploy/roles/custom/matrix-ma1sd/tasks/main.yml_(IaC)_', 'matrix-docker-ansible-deploy/roles/custom/matrix-ma1sd/tasks/setup_install.yml_(IaC)_', 'matrix-docker-ansible-deploy/roles/custom/matrix-mailer/tasks/main.yml_(IaC)_', 'matrix-docker-ansible-deploy/roles/custom/matrix-nginx-proxy/tasks/main.yml_(IaC)_', 'matrix-docker-ansible-deploy/roles/custom/matrix-nginx-proxy/tasks/ssl/setup_ssl_lets_encrypt_obtain_for_domain.yml_(IaC)_', 'matrix-docker-ansible-deploy/roles/custom/matrix-nginx-proxy/tasks/ssl/setup_ssl_self_signed_obtain_for_domain.yml_(IaC)_', 'matrix-docker-ansible-deploy/roles/custom/matrix-prometheus-nginxlog-exporter/tasks/main.yml_(IaC)_', 'matrix-docker-ansible-deploy/roles/custom/matrix-prometheus-services-proxy-connect/tasks/main.yml_(IaC)_', 'matrix-docker-ansible-deploy/roles/custom/matrix-prometheus/tasks/main.yml_(IaC)_', 'matrix-docker-ansible-deploy/roles/custom/matrix-rageshake/tasks/install.yml_(IaC)_', 'matrix-docker-ansible-deploy/roles/custom/matrix-rageshake/tasks/main.yml_(IaC)_', 'matrix-docker-ansible-deploy/roles/custom/matrix-registration/tasks/main.yml_(IaC)_', 'matrix-docker-ansible-deploy/roles/custom/matrix-sliding-sync/tasks/install.yml_(IaC)_', 'matrix-docker-ansible-deploy/roles/custom/matrix-sliding-sync/tasks/main.yml_(IaC)_', 'matrix-docker-ansible-deploy/roles/custom/matrix-sygnal/tasks/main.yml_(IaC)_', 'matrix-docker-ansible-deploy/roles/custom/matrix-synapse-admin/tasks/main.yml_(IaC)_', 'matrix-docker-ansible-deploy/roles/custom/matrix-synapse-reverse-proxy-companion/tasks/main.yml_(IaC)_', 'matrix-docker-ansible-deploy/roles/custom/matrix-synapse/tasks/ext/setup_install.yml_(IaC)_', 'matrix-docker-ansible-deploy/roles/custom/matrix-synapse/tasks/ext/setup_uninstall.yml_(IaC)_', 'matrix-docker-ansible-deploy/roles/custom/matrix-synapse/tasks/main.yml_(IaC)_', 'matrix-docker-ansible-deploy/roles/custom/matrix-synapse/tasks/setup_install.yml_(IaC)_', 'matrix-docker-ansible-deploy/roles/custom/matrix-synapse/tasks/setup_uninstall.yml_(IaC)_', 'matrix-docker-ansible-deploy/roles/custom/matrix-synapse/tasks/synapse/setup_install.yml_(IaC)_', 'matrix-docker-ansible-deploy/roles/custom/matrix-user-creator/tasks/main.yml_(IaC)_', 'matrix-docker-ansible-deploy/roles/custom/matrix-user-verification-service/tasks/main.yml_(IaC)_', 'matrix-docker-ansible-deploy/roles/custom/matrix_playbook_migration/tasks/main.yml_(IaC)_']]","['9eaf6944e3c6d8ea8f1094dc515713053e190573', 'dddfee16bc852fc989b057bd1867f0e85825846d']","[0.1, 0.7]","[0.1111111111111111, 0.07216494845360824]","[0.10526315789473685, 0.1308411214953271]","[1, 1]","[0.5, 0.5]"
"[10, 10]","[[582, 196, 127, 384, 617, 566, 325, 348, 569, 221], [582, 196, 127, 384, 617, 566, 325, 348, 569, 221]]","[['matrix-docker-ansible-deploy/roles/custom/matrix-bridge-mautrix-hangouts/tasks/main.yml_(IaC)_', 'matrix-docker-ansible-deploy/roles/custom/matrix-bridge-mautrix-telegram/tasks/main.yml_(IaC)_', 'matrix-docker-ansible-deploy/roles/custom/matrix-bridge-mautrix-whatsapp/tasks/setup_uninstall.yml_(IaC)_', 'matrix-docker-ansible-deploy/roles/custom/matrix-bridge-mautrix-instagram/tasks/main.yml_(IaC)_', 'matrix-docker-ansible-deploy/roles/custom/matrix-coturn/tasks/main.yml_(IaC)_', 'matrix-docker-ansible-deploy/roles/custom/matrix-bridge-appservice-irc/tasks/main.yml_(IaC)_', 'matrix-docker-ansible-deploy/roles/custom/matrix-bridge-beeper-linkedin/tasks/main.yml_(IaC)_', 'matrix-docker-ansible-deploy/roles/custom/matrix-registration/tasks/setup_install.yml_(IaC)_', 'matrix-docker-ansible-deploy/roles/custom/matrix-bridge-appservice-irc/templates/systemd/matrix-appservice-irc.service.j2_(Other)_', 'matrix-docker-ansible-deploy/roles/custom/matrix-bot-honoroit/defaults/main.yml_(Other)_'], ['matrix-docker-ansible-deploy/roles/custom/matrix-bridge-mautrix-hangouts/tasks/main.yml_(IaC)_', 'matrix-docker-ansible-deploy/roles/custom/matrix-bridge-mautrix-telegram/tasks/main.yml_(IaC)_', 'matrix-docker-ansible-deploy/roles/custom/matrix-bridge-mautrix-whatsapp/tasks/setup_uninstall.yml_(IaC)_', 'matrix-docker-ansible-deploy/roles/custom/matrix-bridge-mautrix-instagram/tasks/main.yml_(IaC)_', 'matrix-docker-ansible-deploy/roles/custom/matrix-coturn/tasks/main.yml_(IaC)_', 'matrix-docker-ansible-deploy/roles/custom/matrix-bridge-appservice-irc/tasks/main.yml_(IaC)_', 'matrix-docker-ansible-deploy/roles/custom/matrix-bridge-beeper-linkedin/tasks/main.yml_(IaC)_', 'matrix-docker-ansible-deploy/roles/custom/matrix-registration/tasks/setup_install.yml_(IaC)_', 'matrix-docker-ansible-deploy/roles/custom/matrix-bridge-appservice-irc/templates/systemd/matrix-appservice-irc.service.j2_(Other)_', 'matrix-docker-ansible-deploy/roles/custom/matrix-bot-honoroit/defaults/main.yml_(Other)_']]","[['matrix-docker-ansible-deploy/roles/custom/matrix-bridge-mautrix-facebook/tasks/inject_into_nginx_proxy.yml_(IaC)_', 'matrix-docker-ansible-deploy/roles/custom/matrix-bridge-mautrix-instagram/tasks/inject_into_nginx_proxy.yml_(IaC)_', 'matrix-docker-ansible-deploy/roles/custom/matrix-bridge-mautrix-instagram/tasks/main.yml_(IaC)_', 'matrix-docker-ansible-deploy/roles/custom/matrix-bridge-mautrix-signal/tasks/inject_into_nginx_proxy.yml_(IaC)_', 'matrix-docker-ansible-deploy/roles/custom/matrix-bridge-mautrix-signal/tasks/main.yml_(IaC)_', 'matrix-docker-ansible-deploy/roles/custom/matrix-bridge-mautrix-twitter/tasks/inject_into_nginx_proxy.yml_(IaC)_', 'matrix-docker-ansible-deploy/roles/custom/matrix-bridge-mautrix-twitter/tasks/main.yml_(IaC)_', 'matrix-docker-ansible-deploy/roles/custom/matrix-bridge-mautrix-whatsapp/defaults/main.yml_(Other)_', 'matrix-docker-ansible-deploy/roles/custom/matrix-bridge-mautrix-whatsapp/tasks/inject_into_nginx_proxy.yml_(IaC)_'], ['matrix-docker-ansible-deploy/roles/custom/etherpad-proxy-connect/tasks/main.yml_(IaC)_', 'matrix-docker-ansible-deploy/roles/custom/etherpad-proxy-connect/tasks/validate_config.yml_(IaC)_', 'matrix-docker-ansible-deploy/roles/custom/matrix-aux/tasks/main.yml_(IaC)_', 'matrix-docker-ansible-deploy/roles/custom/matrix-base/tasks/main.yml_(IaC)_', 'matrix-docker-ansible-deploy/roles/custom/matrix-bot-buscarron/tasks/main.yml_(IaC)_', 'matrix-docker-ansible-deploy/roles/custom/matrix-bot-chatgpt/tasks/main.yml_(IaC)_', 'matrix-docker-ansible-deploy/roles/custom/matrix-bot-draupnir/tasks/main.yml_(IaC)_', 'matrix-docker-ansible-deploy/roles/custom/matrix-bot-go-neb/tasks/main.yml_(IaC)_', 'matrix-docker-ansible-deploy/roles/custom/matrix-bot-honoroit/tasks/main.yml_(IaC)_', 'matrix-docker-ansible-deploy/roles/custom/matrix-bot-matrix-registration-bot/tasks/main.yml_(IaC)_', 'matrix-docker-ansible-deploy/roles/custom/matrix-bot-matrix-reminder-bot/tasks/main.yml_(IaC)_', 'matrix-docker-ansible-deploy/roles/custom/matrix-bot-maubot/tasks/main.yml_(IaC)_', 'matrix-docker-ansible-deploy/roles/custom/matrix-bot-mjolnir/tasks/main.yml_(IaC)_', 'matrix-docker-ansible-deploy/roles/custom/matrix-bot-postmoogle/tasks/main.yml_(IaC)_', 'matrix-docker-ansible-deploy/roles/custom/matrix-bridge-appservice-discord/tasks/main.yml_(IaC)_', 'matrix-docker-ansible-deploy/roles/custom/matrix-bridge-appservice-discord/tasks/setup_install.yml_(IaC)_', 'matrix-docker-ansible-deploy/roles/custom/matrix-bridge-appservice-irc/tasks/main.yml_(IaC)_', 'matrix-docker-ansible-deploy/roles/custom/matrix-bridge-appservice-irc/tasks/setup_install.yml_(IaC)_', 'matrix-docker-ansible-deploy/roles/custom/matrix-bridge-appservice-kakaotalk/tasks/main.yml_(IaC)_', 'matrix-docker-ansible-deploy/roles/custom/matrix-bridge-appservice-slack/tasks/main.yml_(IaC)_', 'matrix-docker-ansible-deploy/roles/custom/matrix-bridge-appservice-webhooks/tasks/main.yml_(IaC)_', 'matrix-docker-ansible-deploy/roles/custom/matrix-bridge-beeper-linkedin/tasks/main.yml_(IaC)_', 'matrix-docker-ansible-deploy/roles/custom/matrix-bridge-go-skype-bridge/tasks/main.yml_(IaC)_', 'matrix-docker-ansible-deploy/roles/custom/matrix-bridge-go-skype-bridge/tasks/setup_install.yml_(IaC)_', 'matrix-docker-ansible-deploy/roles/custom/matrix-bridge-heisenbridge/tasks/main.yml_(IaC)_', 'matrix-docker-ansible-deploy/roles/custom/matrix-bridge-hookshot/defaults/main.yml_(Other)_', 'matrix-docker-ansible-deploy/roles/custom/matrix-bridge-hookshot/tasks/main.yml_(IaC)_', 'matrix-docker-ansible-deploy/roles/custom/matrix-bridge-hookshot/tasks/setup_install.yml_(IaC)_', 'matrix-docker-ansible-deploy/roles/custom/matrix-bridge-mautrix-discord/tasks/main.yml_(IaC)_', 'matrix-docker-ansible-deploy/roles/custom/matrix-bridge-mautrix-facebook/tasks/main.yml_(IaC)_', 'matrix-docker-ansible-deploy/roles/custom/matrix-bridge-mautrix-facebook/tasks/setup_install.yml_(IaC)_', 'matrix-docker-ansible-deploy/roles/custom/matrix-bridge-mautrix-googlechat/tasks/main.yml_(IaC)_', 'matrix-docker-ansible-deploy/roles/custom/matrix-bridge-mautrix-googlechat/tasks/setup_install.yml_(IaC)_', 'matrix-docker-ansible-deploy/roles/custom/matrix-bridge-mautrix-hangouts/tasks/main.yml_(IaC)_', 'matrix-docker-ansible-deploy/roles/custom/matrix-bridge-mautrix-hangouts/tasks/setup_install.yml_(IaC)_', 'matrix-docker-ansible-deploy/roles/custom/matrix-bridge-mautrix-instagram/tasks/main.yml_(IaC)_', 'matrix-docker-ansible-deploy/roles/custom/matrix-bridge-mautrix-signal/tasks/main.yml_(IaC)_', 'matrix-docker-ansible-deploy/roles/custom/matrix-bridge-mautrix-slack/tasks/main.yml_(IaC)_', 'matrix-docker-ansible-deploy/roles/custom/matrix-bridge-mautrix-telegram/tasks/main.yml_(IaC)_', 'matrix-docker-ansible-deploy/roles/custom/matrix-bridge-mautrix-telegram/tasks/setup_install.yml_(IaC)_', 'matrix-docker-ansible-deploy/roles/custom/matrix-bridge-mautrix-twitter/tasks/main.yml_(IaC)_', 'matrix-docker-ansible-deploy/roles/custom/matrix-bridge-mautrix-whatsapp/tasks/setup_install.yml_(IaC)_', 'matrix-docker-ansible-deploy/roles/custom/matrix-bridge-mx-puppet-discord/tasks/main.yml_(IaC)_', 'matrix-docker-ansible-deploy/roles/custom/matrix-bridge-mx-puppet-groupme/tasks/main.yml_(IaC)_', 'matrix-docker-ansible-deploy/roles/custom/matrix-bridge-mx-puppet-groupme/tasks/setup_install.yml_(IaC)_', 'matrix-docker-ansible-deploy/roles/custom/matrix-bridge-mx-puppet-instagram/tasks/main.yml_(IaC)_', 'matrix-docker-ansible-deploy/roles/custom/matrix-bridge-mx-puppet-slack/tasks/main.yml_(IaC)_', 'matrix-docker-ansible-deploy/roles/custom/matrix-bridge-mx-puppet-slack/tasks/setup_install.yml_(IaC)_', 'matrix-docker-ansible-deploy/roles/custom/matrix-bridge-mx-puppet-steam/tasks/main.yml_(IaC)_', 'matrix-docker-ansible-deploy/roles/custom/matrix-bridge-mx-puppet-steam/tasks/setup_install.yml_(IaC)_', 'matrix-docker-ansible-deploy/roles/custom/matrix-bridge-mx-puppet-twitter/tasks/main.yml_(IaC)_', 'matrix-docker-ansible-deploy/roles/custom/matrix-bridge-mx-puppet-twitter/tasks/setup_install.yml_(IaC)_', 'matrix-docker-ansible-deploy/roles/custom/matrix-bridge-sms/tasks/main.yml_(IaC)_', 'matrix-docker-ansible-deploy/roles/custom/matrix-cactus-comments/tasks/main.yml_(IaC)_', 'matrix-docker-ansible-deploy/roles/custom/matrix-client-cinny/tasks/main.yml_(IaC)_', 'matrix-docker-ansible-deploy/roles/custom/matrix-client-element/tasks/main.yml_(IaC)_', 'matrix-docker-ansible-deploy/roles/custom/matrix-client-element/tasks/setup_install.yml_(IaC)_', 'matrix-docker-ansible-deploy/roles/custom/matrix-client-hydrogen/tasks/main.yml_(IaC)_', 'matrix-docker-ansible-deploy/roles/custom/matrix-common-after/tasks/main.yml_(IaC)_', 'matrix-docker-ansible-deploy/roles/custom/matrix-conduit/tasks/main.yml_(IaC)_', 'matrix-docker-ansible-deploy/roles/custom/matrix-corporal/tasks/main.yml_(IaC)_', 'matrix-docker-ansible-deploy/roles/custom/matrix-coturn/tasks/main.yml_(IaC)_', 'matrix-docker-ansible-deploy/roles/custom/matrix-coturn/tasks/setup_install.yml_(IaC)_', 'matrix-docker-ansible-deploy/roles/custom/matrix-dendrite/tasks/main.yml_(IaC)_', 'matrix-docker-ansible-deploy/roles/custom/matrix-dendrite/tasks/setup_install.yml_(IaC)_', 'matrix-docker-ansible-deploy/roles/custom/matrix-dimension/tasks/main.yml_(IaC)_', 'matrix-docker-ansible-deploy/roles/custom/matrix-dynamic-dns/tasks/main.yml_(IaC)_', 'matrix-docker-ansible-deploy/roles/custom/matrix-email2matrix/tasks/main.yml_(IaC)_', 'matrix-docker-ansible-deploy/roles/custom/matrix-jitsi/tasks/main.yml_(IaC)_', 'matrix-docker-ansible-deploy/roles/custom/matrix-jitsi/tasks/util/setup_jitsi_auth_uvs_install.yml_(IaC)_', 'matrix-docker-ansible-deploy/roles/custom/matrix-ldap-registration-proxy/tasks/main.yml_(IaC)_', 'matrix-docker-ansible-deploy/roles/custom/matrix-ma1sd/tasks/main.yml_(IaC)_', 'matrix-docker-ansible-deploy/roles/custom/matrix-ma1sd/tasks/setup_install.yml_(IaC)_', 'matrix-docker-ansible-deploy/roles/custom/matrix-mailer/tasks/main.yml_(IaC)_', 'matrix-docker-ansible-deploy/roles/custom/matrix-nginx-proxy/tasks/main.yml_(IaC)_', 'matrix-docker-ansible-deploy/roles/custom/matrix-nginx-proxy/tasks/ssl/setup_ssl_lets_encrypt_obtain_for_domain.yml_(IaC)_', 'matrix-docker-ansible-deploy/roles/custom/matrix-nginx-proxy/tasks/ssl/setup_ssl_self_signed_obtain_for_domain.yml_(IaC)_', 'matrix-docker-ansible-deploy/roles/custom/matrix-prometheus-nginxlog-exporter/tasks/main.yml_(IaC)_', 'matrix-docker-ansible-deploy/roles/custom/matrix-prometheus-services-proxy-connect/tasks/main.yml_(IaC)_', 'matrix-docker-ansible-deploy/roles/custom/matrix-prometheus/tasks/main.yml_(IaC)_', 'matrix-docker-ansible-deploy/roles/custom/matrix-rageshake/tasks/install.yml_(IaC)_', 'matrix-docker-ansible-deploy/roles/custom/matrix-rageshake/tasks/main.yml_(IaC)_', 'matrix-docker-ansible-deploy/roles/custom/matrix-registration/tasks/main.yml_(IaC)_', 'matrix-docker-ansible-deploy/roles/custom/matrix-sliding-sync/tasks/install.yml_(IaC)_', 'matrix-docker-ansible-deploy/roles/custom/matrix-sliding-sync/tasks/main.yml_(IaC)_', 'matrix-docker-ansible-deploy/roles/custom/matrix-sygnal/tasks/main.yml_(IaC)_', 'matrix-docker-ansible-deploy/roles/custom/matrix-synapse-admin/tasks/main.yml_(IaC)_', 'matrix-docker-ansible-deploy/roles/custom/matrix-synapse-reverse-proxy-companion/tasks/main.yml_(IaC)_', 'matrix-docker-ansible-deploy/roles/custom/matrix-synapse/tasks/ext/setup_install.yml_(IaC)_', 'matrix-docker-ansible-deploy/roles/custom/matrix-synapse/tasks/ext/setup_uninstall.yml_(IaC)_', 'matrix-docker-ansible-deploy/roles/custom/matrix-synapse/tasks/main.yml_(IaC)_', 'matrix-docker-ansible-deploy/roles/custom/matrix-synapse/tasks/setup_install.yml_(IaC)_', 'matrix-docker-ansible-deploy/roles/custom/matrix-synapse/tasks/setup_uninstall.yml_(IaC)_', 'matrix-docker-ansible-deploy/roles/custom/matrix-synapse/tasks/synapse/setup_install.yml_(IaC)_', 'matrix-docker-ansible-deploy/roles/custom/matrix-user-creator/tasks/main.yml_(IaC)_', 'matrix-docker-ansible-deploy/roles/custom/matrix-user-verification-service/tasks/main.yml_(IaC)_', 'matrix-docker-ansible-deploy/roles/custom/matrix_playbook_migration/tasks/main.yml_(IaC)_']]","['9eaf6944e3c6d8ea8f1094dc515713053e190573', 'dddfee16bc852fc989b057bd1867f0e85825846d']","[0.1, 0.6]","[0.1111111111111111, 0.061855670103092786]","[0.10526315789473685, 0.11214953271028037]","[1, 1]","[0.25, 1.0]"
"[10, 10]","[[279, 187, 390, 273, 285, 365, 430, 411, 364, 521], [279, 187, 390, 273, 285, 365, 430, 411, 364, 521]]","[['matrix-docker-ansible-deploy/roles/custom/matrix-bridge-heisenbridge/tasks/main.yml_(IaC)_', 'matrix-docker-ansible-deploy/roles/custom/matrix-dimension/tasks/main.yml_(IaC)_', 'matrix-docker-ansible-deploy/roles/custom/matrix-mailer/tasks/main.yml_(IaC)_', 'matrix-docker-ansible-deploy/roles/custom/matrix-corporal/tasks/main.yml_(IaC)_', 'matrix-docker-ansible-deploy/roles/custom/matrix-bot-matrix-reminder-bot/tasks/main.yml_(IaC)_', 'matrix-docker-ansible-deploy/roles/custom/matrix-cactus-comments/tasks/main.yml_(IaC)_', 'matrix-docker-ansible-deploy/roles/custom/matrix-bridge-mautrix-discord/tasks/main.yml_(IaC)_', 'matrix-docker-ansible-deploy/roles/custom/matrix-user-creator/tasks/setup.yml_(IaC)_', 'matrix-docker-ansible-deploy/roles/custom/matrix-cactus-comments/tasks/setup_install.yml_(IaC)_', 'matrix-docker-ansible-deploy/roles/custom/matrix-rageshake/templates/labels.j2_(Other)_'], ['matrix-docker-ansible-deploy/roles/custom/matrix-bridge-heisenbridge/tasks/main.yml_(IaC)_', 'matrix-docker-ansible-deploy/roles/custom/matrix-dimension/tasks/main.yml_(IaC)_', 'matrix-docker-ansible-deploy/roles/custom/matrix-mailer/tasks/main.yml_(IaC)_', 'matrix-docker-ansible-deploy/roles/custom/matrix-corporal/tasks/main.yml_(IaC)_', 'matrix-docker-ansible-deploy/roles/custom/matrix-bot-matrix-reminder-bot/tasks/main.yml_(IaC)_', 'matrix-docker-ansible-deploy/roles/custom/matrix-cactus-comments/tasks/main.yml_(IaC)_', 'matrix-docker-ansible-deploy/roles/custom/matrix-bridge-mautrix-discord/tasks/main.yml_(IaC)_', 'matrix-docker-ansible-deploy/roles/custom/matrix-user-creator/tasks/setup.yml_(IaC)_', 'matrix-docker-ansible-deploy/roles/custom/matrix-cactus-comments/tasks/setup_install.yml_(IaC)_', 'matrix-docker-ansible-deploy/roles/custom/matrix-rageshake/templates/labels.j2_(Other)_']]","[['matrix-docker-ansible-deploy/roles/custom/matrix-bridge-mautrix-facebook/tasks/inject_into_nginx_proxy.yml_(IaC)_', 'matrix-docker-ansible-deploy/roles/custom/matrix-bridge-mautrix-instagram/tasks/inject_into_nginx_proxy.yml_(IaC)_', 'matrix-docker-ansible-deploy/roles/custom/matrix-bridge-mautrix-instagram/tasks/main.yml_(IaC)_', 'matrix-docker-ansible-deploy/roles/custom/matrix-bridge-mautrix-signal/tasks/inject_into_nginx_proxy.yml_(IaC)_', 'matrix-docker-ansible-deploy/roles/custom/matrix-bridge-mautrix-signal/tasks/main.yml_(IaC)_', 'matrix-docker-ansible-deploy/roles/custom/matrix-bridge-mautrix-twitter/tasks/inject_into_nginx_proxy.yml_(IaC)_', 'matrix-docker-ansible-deploy/roles/custom/matrix-bridge-mautrix-twitter/tasks/main.yml_(IaC)_', 'matrix-docker-ansible-deploy/roles/custom/matrix-bridge-mautrix-whatsapp/defaults/main.yml_(Other)_', 'matrix-docker-ansible-deploy/roles/custom/matrix-bridge-mautrix-whatsapp/tasks/inject_into_nginx_proxy.yml_(IaC)_'], ['matrix-docker-ansible-deploy/roles/custom/etherpad-proxy-connect/tasks/main.yml_(IaC)_', 'matrix-docker-ansible-deploy/roles/custom/etherpad-proxy-connect/tasks/validate_config.yml_(IaC)_', 'matrix-docker-ansible-deploy/roles/custom/matrix-aux/tasks/main.yml_(IaC)_', 'matrix-docker-ansible-deploy/roles/custom/matrix-base/tasks/main.yml_(IaC)_', 'matrix-docker-ansible-deploy/roles/custom/matrix-bot-buscarron/tasks/main.yml_(IaC)_', 'matrix-docker-ansible-deploy/roles/custom/matrix-bot-chatgpt/tasks/main.yml_(IaC)_', 'matrix-docker-ansible-deploy/roles/custom/matrix-bot-draupnir/tasks/main.yml_(IaC)_', 'matrix-docker-ansible-deploy/roles/custom/matrix-bot-go-neb/tasks/main.yml_(IaC)_', 'matrix-docker-ansible-deploy/roles/custom/matrix-bot-honoroit/tasks/main.yml_(IaC)_', 'matrix-docker-ansible-deploy/roles/custom/matrix-bot-matrix-registration-bot/tasks/main.yml_(IaC)_', 'matrix-docker-ansible-deploy/roles/custom/matrix-bot-matrix-reminder-bot/tasks/main.yml_(IaC)_', 'matrix-docker-ansible-deploy/roles/custom/matrix-bot-maubot/tasks/main.yml_(IaC)_', 'matrix-docker-ansible-deploy/roles/custom/matrix-bot-mjolnir/tasks/main.yml_(IaC)_', 'matrix-docker-ansible-deploy/roles/custom/matrix-bot-postmoogle/tasks/main.yml_(IaC)_', 'matrix-docker-ansible-deploy/roles/custom/matrix-bridge-appservice-discord/tasks/main.yml_(IaC)_', 'matrix-docker-ansible-deploy/roles/custom/matrix-bridge-appservice-discord/tasks/setup_install.yml_(IaC)_', 'matrix-docker-ansible-deploy/roles/custom/matrix-bridge-appservice-irc/tasks/main.yml_(IaC)_', 'matrix-docker-ansible-deploy/roles/custom/matrix-bridge-appservice-irc/tasks/setup_install.yml_(IaC)_', 'matrix-docker-ansible-deploy/roles/custom/matrix-bridge-appservice-kakaotalk/tasks/main.yml_(IaC)_', 'matrix-docker-ansible-deploy/roles/custom/matrix-bridge-appservice-slack/tasks/main.yml_(IaC)_', 'matrix-docker-ansible-deploy/roles/custom/matrix-bridge-appservice-webhooks/tasks/main.yml_(IaC)_', 'matrix-docker-ansible-deploy/roles/custom/matrix-bridge-beeper-linkedin/tasks/main.yml_(IaC)_', 'matrix-docker-ansible-deploy/roles/custom/matrix-bridge-go-skype-bridge/tasks/main.yml_(IaC)_', 'matrix-docker-ansible-deploy/roles/custom/matrix-bridge-go-skype-bridge/tasks/setup_install.yml_(IaC)_', 'matrix-docker-ansible-deploy/roles/custom/matrix-bridge-heisenbridge/tasks/main.yml_(IaC)_', 'matrix-docker-ansible-deploy/roles/custom/matrix-bridge-hookshot/defaults/main.yml_(Other)_', 'matrix-docker-ansible-deploy/roles/custom/matrix-bridge-hookshot/tasks/main.yml_(IaC)_', 'matrix-docker-ansible-deploy/roles/custom/matrix-bridge-hookshot/tasks/setup_install.yml_(IaC)_', 'matrix-docker-ansible-deploy/roles/custom/matrix-bridge-mautrix-discord/tasks/main.yml_(IaC)_', 'matrix-docker-ansible-deploy/roles/custom/matrix-bridge-mautrix-facebook/tasks/main.yml_(IaC)_', 'matrix-docker-ansible-deploy/roles/custom/matrix-bridge-mautrix-facebook/tasks/setup_install.yml_(IaC)_', 'matrix-docker-ansible-deploy/roles/custom/matrix-bridge-mautrix-googlechat/tasks/main.yml_(IaC)_', 'matrix-docker-ansible-deploy/roles/custom/matrix-bridge-mautrix-googlechat/tasks/setup_install.yml_(IaC)_', 'matrix-docker-ansible-deploy/roles/custom/matrix-bridge-mautrix-hangouts/tasks/main.yml_(IaC)_', 'matrix-docker-ansible-deploy/roles/custom/matrix-bridge-mautrix-hangouts/tasks/setup_install.yml_(IaC)_', 'matrix-docker-ansible-deploy/roles/custom/matrix-bridge-mautrix-instagram/tasks/main.yml_(IaC)_', 'matrix-docker-ansible-deploy/roles/custom/matrix-bridge-mautrix-signal/tasks/main.yml_(IaC)_', 'matrix-docker-ansible-deploy/roles/custom/matrix-bridge-mautrix-slack/tasks/main.yml_(IaC)_', 'matrix-docker-ansible-deploy/roles/custom/matrix-bridge-mautrix-telegram/tasks/main.yml_(IaC)_', 'matrix-docker-ansible-deploy/roles/custom/matrix-bridge-mautrix-telegram/tasks/setup_install.yml_(IaC)_', 'matrix-docker-ansible-deploy/roles/custom/matrix-bridge-mautrix-twitter/tasks/main.yml_(IaC)_', 'matrix-docker-ansible-deploy/roles/custom/matrix-bridge-mautrix-whatsapp/tasks/setup_install.yml_(IaC)_', 'matrix-docker-ansible-deploy/roles/custom/matrix-bridge-mx-puppet-discord/tasks/main.yml_(IaC)_', 'matrix-docker-ansible-deploy/roles/custom/matrix-bridge-mx-puppet-groupme/tasks/main.yml_(IaC)_', 'matrix-docker-ansible-deploy/roles/custom/matrix-bridge-mx-puppet-groupme/tasks/setup_install.yml_(IaC)_', 'matrix-docker-ansible-deploy/roles/custom/matrix-bridge-mx-puppet-instagram/tasks/main.yml_(IaC)_', 'matrix-docker-ansible-deploy/roles/custom/matrix-bridge-mx-puppet-slack/tasks/main.yml_(IaC)_', 'matrix-docker-ansible-deploy/roles/custom/matrix-bridge-mx-puppet-slack/tasks/setup_install.yml_(IaC)_', 'matrix-docker-ansible-deploy/roles/custom/matrix-bridge-mx-puppet-steam/tasks/main.yml_(IaC)_', 'matrix-docker-ansible-deploy/roles/custom/matrix-bridge-mx-puppet-steam/tasks/setup_install.yml_(IaC)_', 'matrix-docker-ansible-deploy/roles/custom/matrix-bridge-mx-puppet-twitter/tasks/main.yml_(IaC)_', 'matrix-docker-ansible-deploy/roles/custom/matrix-bridge-mx-puppet-twitter/tasks/setup_install.yml_(IaC)_', 'matrix-docker-ansible-deploy/roles/custom/matrix-bridge-sms/tasks/main.yml_(IaC)_', 'matrix-docker-ansible-deploy/roles/custom/matrix-cactus-comments/tasks/main.yml_(IaC)_', 'matrix-docker-ansible-deploy/roles/custom/matrix-client-cinny/tasks/main.yml_(IaC)_', 'matrix-docker-ansible-deploy/roles/custom/matrix-client-element/tasks/main.yml_(IaC)_', 'matrix-docker-ansible-deploy/roles/custom/matrix-client-element/tasks/setup_install.yml_(IaC)_', 'matrix-docker-ansible-deploy/roles/custom/matrix-client-hydrogen/tasks/main.yml_(IaC)_', 'matrix-docker-ansible-deploy/roles/custom/matrix-common-after/tasks/main.yml_(IaC)_', 'matrix-docker-ansible-deploy/roles/custom/matrix-conduit/tasks/main.yml_(IaC)_', 'matrix-docker-ansible-deploy/roles/custom/matrix-corporal/tasks/main.yml_(IaC)_', 'matrix-docker-ansible-deploy/roles/custom/matrix-coturn/tasks/main.yml_(IaC)_', 'matrix-docker-ansible-deploy/roles/custom/matrix-coturn/tasks/setup_install.yml_(IaC)_', 'matrix-docker-ansible-deploy/roles/custom/matrix-dendrite/tasks/main.yml_(IaC)_', 'matrix-docker-ansible-deploy/roles/custom/matrix-dendrite/tasks/setup_install.yml_(IaC)_', 'matrix-docker-ansible-deploy/roles/custom/matrix-dimension/tasks/main.yml_(IaC)_', 'matrix-docker-ansible-deploy/roles/custom/matrix-dynamic-dns/tasks/main.yml_(IaC)_', 'matrix-docker-ansible-deploy/roles/custom/matrix-email2matrix/tasks/main.yml_(IaC)_', 'matrix-docker-ansible-deploy/roles/custom/matrix-jitsi/tasks/main.yml_(IaC)_', 'matrix-docker-ansible-deploy/roles/custom/matrix-jitsi/tasks/util/setup_jitsi_auth_uvs_install.yml_(IaC)_', 'matrix-docker-ansible-deploy/roles/custom/matrix-ldap-registration-proxy/tasks/main.yml_(IaC)_', 'matrix-docker-ansible-deploy/roles/custom/matrix-ma1sd/tasks/main.yml_(IaC)_', 'matrix-docker-ansible-deploy/roles/custom/matrix-ma1sd/tasks/setup_install.yml_(IaC)_', 'matrix-docker-ansible-deploy/roles/custom/matrix-mailer/tasks/main.yml_(IaC)_', 'matrix-docker-ansible-deploy/roles/custom/matrix-nginx-proxy/tasks/main.yml_(IaC)_', 'matrix-docker-ansible-deploy/roles/custom/matrix-nginx-proxy/tasks/ssl/setup_ssl_lets_encrypt_obtain_for_domain.yml_(IaC)_', 'matrix-docker-ansible-deploy/roles/custom/matrix-nginx-proxy/tasks/ssl/setup_ssl_self_signed_obtain_for_domain.yml_(IaC)_', 'matrix-docker-ansible-deploy/roles/custom/matrix-prometheus-nginxlog-exporter/tasks/main.yml_(IaC)_', 'matrix-docker-ansible-deploy/roles/custom/matrix-prometheus-services-proxy-connect/tasks/main.yml_(IaC)_', 'matrix-docker-ansible-deploy/roles/custom/matrix-prometheus/tasks/main.yml_(IaC)_', 'matrix-docker-ansible-deploy/roles/custom/matrix-rageshake/tasks/install.yml_(IaC)_', 'matrix-docker-ansible-deploy/roles/custom/matrix-rageshake/tasks/main.yml_(IaC)_', 'matrix-docker-ansible-deploy/roles/custom/matrix-registration/tasks/main.yml_(IaC)_', 'matrix-docker-ansible-deploy/roles/custom/matrix-sliding-sync/tasks/install.yml_(IaC)_', 'matrix-docker-ansible-deploy/roles/custom/matrix-sliding-sync/tasks/main.yml_(IaC)_', 'matrix-docker-ansible-deploy/roles/custom/matrix-sygnal/tasks/main.yml_(IaC)_', 'matrix-docker-ansible-deploy/roles/custom/matrix-synapse-admin/tasks/main.yml_(IaC)_', 'matrix-docker-ansible-deploy/roles/custom/matrix-synapse-reverse-proxy-companion/tasks/main.yml_(IaC)_', 'matrix-docker-ansible-deploy/roles/custom/matrix-synapse/tasks/ext/setup_install.yml_(IaC)_', 'matrix-docker-ansible-deploy/roles/custom/matrix-synapse/tasks/ext/setup_uninstall.yml_(IaC)_', 'matrix-docker-ansible-deploy/roles/custom/matrix-synapse/tasks/main.yml_(IaC)_', 'matrix-docker-ansible-deploy/roles/custom/matrix-synapse/tasks/setup_install.yml_(IaC)_', 'matrix-docker-ansible-deploy/roles/custom/matrix-synapse/tasks/setup_uninstall.yml_(IaC)_', 'matrix-docker-ansible-deploy/roles/custom/matrix-synapse/tasks/synapse/setup_install.yml_(IaC)_', 'matrix-docker-ansible-deploy/roles/custom/matrix-user-creator/tasks/main.yml_(IaC)_', 'matrix-docker-ansible-deploy/roles/custom/matrix-user-verification-service/tasks/main.yml_(IaC)_', 'matrix-docker-ansible-deploy/roles/custom/matrix_playbook_migration/tasks/main.yml_(IaC)_']]","['9eaf6944e3c6d8ea8f1094dc515713053e190573', 'dddfee16bc852fc989b057bd1867f0e85825846d']","[0.0, 0.7]","[0.0, 0.07216494845360824]","[0, 0.1308411214953271]","[0, 1]","[0, 1.0]"
"[10, 10]","[[85, 39, 299, 273, 279, 213, 390, 557, 220, 383], [85, 39, 299, 273, 279, 213, 390, 557, 220, 383]]","[['matrix-docker-ansible-deploy/roles/custom/matrix-sygnal/tasks/main.yml_(IaC)_', 'matrix-docker-ansible-deploy/roles/custom/matrix-dynamic-dns/tasks/main.yml_(IaC)_', 'matrix-docker-ansible-deploy/roles/custom/etherpad-proxy-connect/tasks/main.yml_(IaC)_', 'matrix-docker-ansible-deploy/roles/custom/matrix-corporal/tasks/main.yml_(IaC)_', 'matrix-docker-ansible-deploy/roles/custom/matrix-bridge-heisenbridge/tasks/main.yml_(IaC)_', 'matrix-docker-ansible-deploy/roles/custom/matrix-bot-mjolnir/tasks/main.yml_(IaC)_', 'matrix-docker-ansible-deploy/roles/custom/matrix-mailer/tasks/main.yml_(IaC)_', 'matrix-docker-ansible-deploy/roles/custom/matrix-dendrite/tasks/main.yml_(IaC)_', 'matrix-docker-ansible-deploy/roles/custom/matrix-bot-honoroit/tasks/main.yml_(IaC)_', 'matrix-docker-ansible-deploy/roles/custom/matrix-bridge-mautrix-instagram/tasks/setup_install.yml_(IaC)_'], ['matrix-docker-ansible-deploy/roles/custom/matrix-sygnal/tasks/main.yml_(IaC)_', 'matrix-docker-ansible-deploy/roles/custom/matrix-dynamic-dns/tasks/main.yml_(IaC)_', 'matrix-docker-ansible-deploy/roles/custom/etherpad-proxy-connect/tasks/main.yml_(IaC)_', 'matrix-docker-ansible-deploy/roles/custom/matrix-corporal/tasks/main.yml_(IaC)_', 'matrix-docker-ansible-deploy/roles/custom/matrix-bridge-heisenbridge/tasks/main.yml_(IaC)_', 'matrix-docker-ansible-deploy/roles/custom/matrix-bot-mjolnir/tasks/main.yml_(IaC)_', 'matrix-docker-ansible-deploy/roles/custom/matrix-mailer/tasks/main.yml_(IaC)_', 'matrix-docker-ansible-deploy/roles/custom/matrix-dendrite/tasks/main.yml_(IaC)_', 'matrix-docker-ansible-deploy/roles/custom/matrix-bot-honoroit/tasks/main.yml_(IaC)_', 'matrix-docker-ansible-deploy/roles/custom/matrix-bridge-mautrix-instagram/tasks/setup_install.yml_(IaC)_']]","[['matrix-docker-ansible-deploy/roles/custom/matrix-bridge-mautrix-facebook/tasks/inject_into_nginx_proxy.yml_(IaC)_', 'matrix-docker-ansible-deploy/roles/custom/matrix-bridge-mautrix-instagram/tasks/inject_into_nginx_proxy.yml_(IaC)_', 'matrix-docker-ansible-deploy/roles/custom/matrix-bridge-mautrix-instagram/tasks/main.yml_(IaC)_', 'matrix-docker-ansible-deploy/roles/custom/matrix-bridge-mautrix-signal/tasks/inject_into_nginx_proxy.yml_(IaC)_', 'matrix-docker-ansible-deploy/roles/custom/matrix-bridge-mautrix-signal/tasks/main.yml_(IaC)_', 'matrix-docker-ansible-deploy/roles/custom/matrix-bridge-mautrix-twitter/tasks/inject_into_nginx_proxy.yml_(IaC)_', 'matrix-docker-ansible-deploy/roles/custom/matrix-bridge-mautrix-twitter/tasks/main.yml_(IaC)_', 'matrix-docker-ansible-deploy/roles/custom/matrix-bridge-mautrix-whatsapp/defaults/main.yml_(Other)_', 'matrix-docker-ansible-deploy/roles/custom/matrix-bridge-mautrix-whatsapp/tasks/inject_into_nginx_proxy.yml_(IaC)_'], ['matrix-docker-ansible-deploy/roles/custom/etherpad-proxy-connect/tasks/main.yml_(IaC)_', 'matrix-docker-ansible-deploy/roles/custom/etherpad-proxy-connect/tasks/validate_config.yml_(IaC)_', 'matrix-docker-ansible-deploy/roles/custom/matrix-aux/tasks/main.yml_(IaC)_', 'matrix-docker-ansible-deploy/roles/custom/matrix-base/tasks/main.yml_(IaC)_', 'matrix-docker-ansible-deploy/roles/custom/matrix-bot-buscarron/tasks/main.yml_(IaC)_', 'matrix-docker-ansible-deploy/roles/custom/matrix-bot-chatgpt/tasks/main.yml_(IaC)_', 'matrix-docker-ansible-deploy/roles/custom/matrix-bot-draupnir/tasks/main.yml_(IaC)_', 'matrix-docker-ansible-deploy/roles/custom/matrix-bot-go-neb/tasks/main.yml_(IaC)_', 'matrix-docker-ansible-deploy/roles/custom/matrix-bot-honoroit/tasks/main.yml_(IaC)_', 'matrix-docker-ansible-deploy/roles/custom/matrix-bot-matrix-registration-bot/tasks/main.yml_(IaC)_', 'matrix-docker-ansible-deploy/roles/custom/matrix-bot-matrix-reminder-bot/tasks/main.yml_(IaC)_', 'matrix-docker-ansible-deploy/roles/custom/matrix-bot-maubot/tasks/main.yml_(IaC)_', 'matrix-docker-ansible-deploy/roles/custom/matrix-bot-mjolnir/tasks/main.yml_(IaC)_', 'matrix-docker-ansible-deploy/roles/custom/matrix-bot-postmoogle/tasks/main.yml_(IaC)_', 'matrix-docker-ansible-deploy/roles/custom/matrix-bridge-appservice-discord/tasks/main.yml_(IaC)_', 'matrix-docker-ansible-deploy/roles/custom/matrix-bridge-appservice-discord/tasks/setup_install.yml_(IaC)_', 'matrix-docker-ansible-deploy/roles/custom/matrix-bridge-appservice-irc/tasks/main.yml_(IaC)_', 'matrix-docker-ansible-deploy/roles/custom/matrix-bridge-appservice-irc/tasks/setup_install.yml_(IaC)_', 'matrix-docker-ansible-deploy/roles/custom/matrix-bridge-appservice-kakaotalk/tasks/main.yml_(IaC)_', 'matrix-docker-ansible-deploy/roles/custom/matrix-bridge-appservice-slack/tasks/main.yml_(IaC)_', 'matrix-docker-ansible-deploy/roles/custom/matrix-bridge-appservice-webhooks/tasks/main.yml_(IaC)_', 'matrix-docker-ansible-deploy/roles/custom/matrix-bridge-beeper-linkedin/tasks/main.yml_(IaC)_', 'matrix-docker-ansible-deploy/roles/custom/matrix-bridge-go-skype-bridge/tasks/main.yml_(IaC)_', 'matrix-docker-ansible-deploy/roles/custom/matrix-bridge-go-skype-bridge/tasks/setup_install.yml_(IaC)_', 'matrix-docker-ansible-deploy/roles/custom/matrix-bridge-heisenbridge/tasks/main.yml_(IaC)_', 'matrix-docker-ansible-deploy/roles/custom/matrix-bridge-hookshot/defaults/main.yml_(Other)_', 'matrix-docker-ansible-deploy/roles/custom/matrix-bridge-hookshot/tasks/main.yml_(IaC)_', 'matrix-docker-ansible-deploy/roles/custom/matrix-bridge-hookshot/tasks/setup_install.yml_(IaC)_', 'matrix-docker-ansible-deploy/roles/custom/matrix-bridge-mautrix-discord/tasks/main.yml_(IaC)_', 'matrix-docker-ansible-deploy/roles/custom/matrix-bridge-mautrix-facebook/tasks/main.yml_(IaC)_', 'matrix-docker-ansible-deploy/roles/custom/matrix-bridge-mautrix-facebook/tasks/setup_install.yml_(IaC)_', 'matrix-docker-ansible-deploy/roles/custom/matrix-bridge-mautrix-googlechat/tasks/main.yml_(IaC)_', 'matrix-docker-ansible-deploy/roles/custom/matrix-bridge-mautrix-googlechat/tasks/setup_install.yml_(IaC)_', 'matrix-docker-ansible-deploy/roles/custom/matrix-bridge-mautrix-hangouts/tasks/main.yml_(IaC)_', 'matrix-docker-ansible-deploy/roles/custom/matrix-bridge-mautrix-hangouts/tasks/setup_install.yml_(IaC)_', 'matrix-docker-ansible-deploy/roles/custom/matrix-bridge-mautrix-instagram/tasks/main.yml_(IaC)_', 'matrix-docker-ansible-deploy/roles/custom/matrix-bridge-mautrix-signal/tasks/main.yml_(IaC)_', 'matrix-docker-ansible-deploy/roles/custom/matrix-bridge-mautrix-slack/tasks/main.yml_(IaC)_', 'matrix-docker-ansible-deploy/roles/custom/matrix-bridge-mautrix-telegram/tasks/main.yml_(IaC)_', 'matrix-docker-ansible-deploy/roles/custom/matrix-bridge-mautrix-telegram/tasks/setup_install.yml_(IaC)_', 'matrix-docker-ansible-deploy/roles/custom/matrix-bridge-mautrix-twitter/tasks/main.yml_(IaC)_', 'matrix-docker-ansible-deploy/roles/custom/matrix-bridge-mautrix-whatsapp/tasks/setup_install.yml_(IaC)_', 'matrix-docker-ansible-deploy/roles/custom/matrix-bridge-mx-puppet-discord/tasks/main.yml_(IaC)_', 'matrix-docker-ansible-deploy/roles/custom/matrix-bridge-mx-puppet-groupme/tasks/main.yml_(IaC)_', 'matrix-docker-ansible-deploy/roles/custom/matrix-bridge-mx-puppet-groupme/tasks/setup_install.yml_(IaC)_', 'matrix-docker-ansible-deploy/roles/custom/matrix-bridge-mx-puppet-instagram/tasks/main.yml_(IaC)_', 'matrix-docker-ansible-deploy/roles/custom/matrix-bridge-mx-puppet-slack/tasks/main.yml_(IaC)_', 'matrix-docker-ansible-deploy/roles/custom/matrix-bridge-mx-puppet-slack/tasks/setup_install.yml_(IaC)_', 'matrix-docker-ansible-deploy/roles/custom/matrix-bridge-mx-puppet-steam/tasks/main.yml_(IaC)_', 'matrix-docker-ansible-deploy/roles/custom/matrix-bridge-mx-puppet-steam/tasks/setup_install.yml_(IaC)_', 'matrix-docker-ansible-deploy/roles/custom/matrix-bridge-mx-puppet-twitter/tasks/main.yml_(IaC)_', 'matrix-docker-ansible-deploy/roles/custom/matrix-bridge-mx-puppet-twitter/tasks/setup_install.yml_(IaC)_', 'matrix-docker-ansible-deploy/roles/custom/matrix-bridge-sms/tasks/main.yml_(IaC)_', 'matrix-docker-ansible-deploy/roles/custom/matrix-cactus-comments/tasks/main.yml_(IaC)_', 'matrix-docker-ansible-deploy/roles/custom/matrix-client-cinny/tasks/main.yml_(IaC)_', 'matrix-docker-ansible-deploy/roles/custom/matrix-client-element/tasks/main.yml_(IaC)_', 'matrix-docker-ansible-deploy/roles/custom/matrix-client-element/tasks/setup_install.yml_(IaC)_', 'matrix-docker-ansible-deploy/roles/custom/matrix-client-hydrogen/tasks/main.yml_(IaC)_', 'matrix-docker-ansible-deploy/roles/custom/matrix-common-after/tasks/main.yml_(IaC)_', 'matrix-docker-ansible-deploy/roles/custom/matrix-conduit/tasks/main.yml_(IaC)_', 'matrix-docker-ansible-deploy/roles/custom/matrix-corporal/tasks/main.yml_(IaC)_', 'matrix-docker-ansible-deploy/roles/custom/matrix-coturn/tasks/main.yml_(IaC)_', 'matrix-docker-ansible-deploy/roles/custom/matrix-coturn/tasks/setup_install.yml_(IaC)_', 'matrix-docker-ansible-deploy/roles/custom/matrix-dendrite/tasks/main.yml_(IaC)_', 'matrix-docker-ansible-deploy/roles/custom/matrix-dendrite/tasks/setup_install.yml_(IaC)_', 'matrix-docker-ansible-deploy/roles/custom/matrix-dimension/tasks/main.yml_(IaC)_', 'matrix-docker-ansible-deploy/roles/custom/matrix-dynamic-dns/tasks/main.yml_(IaC)_', 'matrix-docker-ansible-deploy/roles/custom/matrix-email2matrix/tasks/main.yml_(IaC)_', 'matrix-docker-ansible-deploy/roles/custom/matrix-jitsi/tasks/main.yml_(IaC)_', 'matrix-docker-ansible-deploy/roles/custom/matrix-jitsi/tasks/util/setup_jitsi_auth_uvs_install.yml_(IaC)_', 'matrix-docker-ansible-deploy/roles/custom/matrix-ldap-registration-proxy/tasks/main.yml_(IaC)_', 'matrix-docker-ansible-deploy/roles/custom/matrix-ma1sd/tasks/main.yml_(IaC)_', 'matrix-docker-ansible-deploy/roles/custom/matrix-ma1sd/tasks/setup_install.yml_(IaC)_', 'matrix-docker-ansible-deploy/roles/custom/matrix-mailer/tasks/main.yml_(IaC)_', 'matrix-docker-ansible-deploy/roles/custom/matrix-nginx-proxy/tasks/main.yml_(IaC)_', 'matrix-docker-ansible-deploy/roles/custom/matrix-nginx-proxy/tasks/ssl/setup_ssl_lets_encrypt_obtain_for_domain.yml_(IaC)_', 'matrix-docker-ansible-deploy/roles/custom/matrix-nginx-proxy/tasks/ssl/setup_ssl_self_signed_obtain_for_domain.yml_(IaC)_', 'matrix-docker-ansible-deploy/roles/custom/matrix-prometheus-nginxlog-exporter/tasks/main.yml_(IaC)_', 'matrix-docker-ansible-deploy/roles/custom/matrix-prometheus-services-proxy-connect/tasks/main.yml_(IaC)_', 'matrix-docker-ansible-deploy/roles/custom/matrix-prometheus/tasks/main.yml_(IaC)_', 'matrix-docker-ansible-deploy/roles/custom/matrix-rageshake/tasks/install.yml_(IaC)_', 'matrix-docker-ansible-deploy/roles/custom/matrix-rageshake/tasks/main.yml_(IaC)_', 'matrix-docker-ansible-deploy/roles/custom/matrix-registration/tasks/main.yml_(IaC)_', 'matrix-docker-ansible-deploy/roles/custom/matrix-sliding-sync/tasks/install.yml_(IaC)_', 'matrix-docker-ansible-deploy/roles/custom/matrix-sliding-sync/tasks/main.yml_(IaC)_', 'matrix-docker-ansible-deploy/roles/custom/matrix-sygnal/tasks/main.yml_(IaC)_', 'matrix-docker-ansible-deploy/roles/custom/matrix-synapse-admin/tasks/main.yml_(IaC)_', 'matrix-docker-ansible-deploy/roles/custom/matrix-synapse-reverse-proxy-companion/tasks/main.yml_(IaC)_', 'matrix-docker-ansible-deploy/roles/custom/matrix-synapse/tasks/ext/setup_install.yml_(IaC)_', 'matrix-docker-ansible-deploy/roles/custom/matrix-synapse/tasks/ext/setup_uninstall.yml_(IaC)_', 'matrix-docker-ansible-deploy/roles/custom/matrix-synapse/tasks/main.yml_(IaC)_', 'matrix-docker-ansible-deploy/roles/custom/matrix-synapse/tasks/setup_install.yml_(IaC)_', 'matrix-docker-ansible-deploy/roles/custom/matrix-synapse/tasks/setup_uninstall.yml_(IaC)_', 'matrix-docker-ansible-deploy/roles/custom/matrix-synapse/tasks/synapse/setup_install.yml_(IaC)_', 'matrix-docker-ansible-deploy/roles/custom/matrix-user-creator/tasks/main.yml_(IaC)_', 'matrix-docker-ansible-deploy/roles/custom/matrix-user-verification-service/tasks/main.yml_(IaC)_', 'matrix-docker-ansible-deploy/roles/custom/matrix_playbook_migration/tasks/main.yml_(IaC)_']]","['9eaf6944e3c6d8ea8f1094dc515713053e190573', 'dddfee16bc852fc989b057bd1867f0e85825846d']","[0.0, 0.9]","[0.0, 0.09278350515463918]","[0, 0.16822429906542058]","[0, 1]","[0, 1.0]"
"[10, 10]","[[610, 311, 384, 438, 164, 279, 595, 430, 557, 13, 238], [610, 311, 384, 438, 164, 279, 595, 430, 557, 13, 238]]","[['matrix-docker-ansible-deploy/roles/custom/matrix-bridge-mautrix-twitter/tasks/main.yml_(IaC)_', 'matrix-docker-ansible-deploy/roles/custom/matrix-bridge-appservice-discord/tasks/main.yml_(IaC)_', 'matrix-docker-ansible-deploy/roles/custom/matrix-bridge-mautrix-instagram/tasks/main.yml_(IaC)_', 'matrix-docker-ansible-deploy/roles/custom/matrix-ldap-registration-proxy/tasks/main.yml_(IaC)_', 'matrix-docker-ansible-deploy/roles/custom/matrix-bridge-mautrix-facebook/tasks/main.yml_(IaC)_', 'matrix-docker-ansible-deploy/roles/custom/matrix-bridge-heisenbridge/tasks/main.yml_(IaC)_', 'matrix-docker-ansible-deploy/roles/custom/matrix-bridge-mautrix-signal/tasks/validate_config.yml_(IaC)_', 'matrix-docker-ansible-deploy/roles/custom/matrix-bridge-mautrix-discord/tasks/main.yml_(IaC)_', 'matrix-docker-ansible-deploy/roles/custom/matrix-dendrite/tasks/main.yml_(IaC)_', 'matrix-docker-ansible-deploy/roles/custom/matrix-client-element/tasks/main.yml_(IaC)_', 'matrix-docker-ansible-deploy/roles/custom/matrix-nginx-proxy/tasks/ssl/main.yml_(IaC)_'], ['matrix-docker-ansible-deploy/roles/custom/matrix-bridge-mautrix-twitter/tasks/main.yml_(IaC)_', 'matrix-docker-ansible-deploy/roles/custom/matrix-bridge-appservice-discord/tasks/main.yml_(IaC)_', 'matrix-docker-ansible-deploy/roles/custom/matrix-bridge-mautrix-instagram/tasks/main.yml_(IaC)_', 'matrix-docker-ansible-deploy/roles/custom/matrix-ldap-registration-proxy/tasks/main.yml_(IaC)_', 'matrix-docker-ansible-deploy/roles/custom/matrix-bridge-mautrix-facebook/tasks/main.yml_(IaC)_', 'matrix-docker-ansible-deploy/roles/custom/matrix-bridge-heisenbridge/tasks/main.yml_(IaC)_', 'matrix-docker-ansible-deploy/roles/custom/matrix-bridge-mautrix-signal/tasks/validate_config.yml_(IaC)_', 'matrix-docker-ansible-deploy/roles/custom/matrix-bridge-mautrix-discord/tasks/main.yml_(IaC)_', 'matrix-docker-ansible-deploy/roles/custom/matrix-dendrite/tasks/main.yml_(IaC)_', 'matrix-docker-ansible-deploy/roles/custom/matrix-client-element/tasks/main.yml_(IaC)_', 'matrix-docker-ansible-deploy/roles/custom/matrix-nginx-proxy/tasks/ssl/main.yml_(IaC)_']]","[['matrix-docker-ansible-deploy/roles/custom/matrix-bridge-mautrix-facebook/tasks/inject_into_nginx_proxy.yml_(IaC)_', 'matrix-docker-ansible-deploy/roles/custom/matrix-bridge-mautrix-instagram/tasks/inject_into_nginx_proxy.yml_(IaC)_', 'matrix-docker-ansible-deploy/roles/custom/matrix-bridge-mautrix-instagram/tasks/main.yml_(IaC)_', 'matrix-docker-ansible-deploy/roles/custom/matrix-bridge-mautrix-signal/tasks/inject_into_nginx_proxy.yml_(IaC)_', 'matrix-docker-ansible-deploy/roles/custom/matrix-bridge-mautrix-signal/tasks/main.yml_(IaC)_', 'matrix-docker-ansible-deploy/roles/custom/matrix-bridge-mautrix-twitter/tasks/inject_into_nginx_proxy.yml_(IaC)_', 'matrix-docker-ansible-deploy/roles/custom/matrix-bridge-mautrix-twitter/tasks/main.yml_(IaC)_', 'matrix-docker-ansible-deploy/roles/custom/matrix-bridge-mautrix-whatsapp/defaults/main.yml_(Other)_', 'matrix-docker-ansible-deploy/roles/custom/matrix-bridge-mautrix-whatsapp/tasks/inject_into_nginx_proxy.yml_(IaC)_'], ['matrix-docker-ansible-deploy/roles/custom/etherpad-proxy-connect/tasks/main.yml_(IaC)_', 'matrix-docker-ansible-deploy/roles/custom/etherpad-proxy-connect/tasks/validate_config.yml_(IaC)_', 'matrix-docker-ansible-deploy/roles/custom/matrix-aux/tasks/main.yml_(IaC)_', 'matrix-docker-ansible-deploy/roles/custom/matrix-base/tasks/main.yml_(IaC)_', 'matrix-docker-ansible-deploy/roles/custom/matrix-bot-buscarron/tasks/main.yml_(IaC)_', 'matrix-docker-ansible-deploy/roles/custom/matrix-bot-chatgpt/tasks/main.yml_(IaC)_', 'matrix-docker-ansible-deploy/roles/custom/matrix-bot-draupnir/tasks/main.yml_(IaC)_', 'matrix-docker-ansible-deploy/roles/custom/matrix-bot-go-neb/tasks/main.yml_(IaC)_', 'matrix-docker-ansible-deploy/roles/custom/matrix-bot-honoroit/tasks/main.yml_(IaC)_', 'matrix-docker-ansible-deploy/roles/custom/matrix-bot-matrix-registration-bot/tasks/main.yml_(IaC)_', 'matrix-docker-ansible-deploy/roles/custom/matrix-bot-matrix-reminder-bot/tasks/main.yml_(IaC)_', 'matrix-docker-ansible-deploy/roles/custom/matrix-bot-maubot/tasks/main.yml_(IaC)_', 'matrix-docker-ansible-deploy/roles/custom/matrix-bot-mjolnir/tasks/main.yml_(IaC)_', 'matrix-docker-ansible-deploy/roles/custom/matrix-bot-postmoogle/tasks/main.yml_(IaC)_', 'matrix-docker-ansible-deploy/roles/custom/matrix-bridge-appservice-discord/tasks/main.yml_(IaC)_', 'matrix-docker-ansible-deploy/roles/custom/matrix-bridge-appservice-discord/tasks/setup_install.yml_(IaC)_', 'matrix-docker-ansible-deploy/roles/custom/matrix-bridge-appservice-irc/tasks/main.yml_(IaC)_', 'matrix-docker-ansible-deploy/roles/custom/matrix-bridge-appservice-irc/tasks/setup_install.yml_(IaC)_', 'matrix-docker-ansible-deploy/roles/custom/matrix-bridge-appservice-kakaotalk/tasks/main.yml_(IaC)_', 'matrix-docker-ansible-deploy/roles/custom/matrix-bridge-appservice-slack/tasks/main.yml_(IaC)_', 'matrix-docker-ansible-deploy/roles/custom/matrix-bridge-appservice-webhooks/tasks/main.yml_(IaC)_', 'matrix-docker-ansible-deploy/roles/custom/matrix-bridge-beeper-linkedin/tasks/main.yml_(IaC)_', 'matrix-docker-ansible-deploy/roles/custom/matrix-bridge-go-skype-bridge/tasks/main.yml_(IaC)_', 'matrix-docker-ansible-deploy/roles/custom/matrix-bridge-go-skype-bridge/tasks/setup_install.yml_(IaC)_', 'matrix-docker-ansible-deploy/roles/custom/matrix-bridge-heisenbridge/tasks/main.yml_(IaC)_', 'matrix-docker-ansible-deploy/roles/custom/matrix-bridge-hookshot/defaults/main.yml_(Other)_', 'matrix-docker-ansible-deploy/roles/custom/matrix-bridge-hookshot/tasks/main.yml_(IaC)_', 'matrix-docker-ansible-deploy/roles/custom/matrix-bridge-hookshot/tasks/setup_install.yml_(IaC)_', 'matrix-docker-ansible-deploy/roles/custom/matrix-bridge-mautrix-discord/tasks/main.yml_(IaC)_', 'matrix-docker-ansible-deploy/roles/custom/matrix-bridge-mautrix-facebook/tasks/main.yml_(IaC)_', 'matrix-docker-ansible-deploy/roles/custom/matrix-bridge-mautrix-facebook/tasks/setup_install.yml_(IaC)_', 'matrix-docker-ansible-deploy/roles/custom/matrix-bridge-mautrix-googlechat/tasks/main.yml_(IaC)_', 'matrix-docker-ansible-deploy/roles/custom/matrix-bridge-mautrix-googlechat/tasks/setup_install.yml_(IaC)_', 'matrix-docker-ansible-deploy/roles/custom/matrix-bridge-mautrix-hangouts/tasks/main.yml_(IaC)_', 'matrix-docker-ansible-deploy/roles/custom/matrix-bridge-mautrix-hangouts/tasks/setup_install.yml_(IaC)_', 'matrix-docker-ansible-deploy/roles/custom/matrix-bridge-mautrix-instagram/tasks/main.yml_(IaC)_', 'matrix-docker-ansible-deploy/roles/custom/matrix-bridge-mautrix-signal/tasks/main.yml_(IaC)_', 'matrix-docker-ansible-deploy/roles/custom/matrix-bridge-mautrix-slack/tasks/main.yml_(IaC)_', 'matrix-docker-ansible-deploy/roles/custom/matrix-bridge-mautrix-telegram/tasks/main.yml_(IaC)_', 'matrix-docker-ansible-deploy/roles/custom/matrix-bridge-mautrix-telegram/tasks/setup_install.yml_(IaC)_', 'matrix-docker-ansible-deploy/roles/custom/matrix-bridge-mautrix-twitter/tasks/main.yml_(IaC)_', 'matrix-docker-ansible-deploy/roles/custom/matrix-bridge-mautrix-whatsapp/tasks/setup_install.yml_(IaC)_', 'matrix-docker-ansible-deploy/roles/custom/matrix-bridge-mx-puppet-discord/tasks/main.yml_(IaC)_', 'matrix-docker-ansible-deploy/roles/custom/matrix-bridge-mx-puppet-groupme/tasks/main.yml_(IaC)_', 'matrix-docker-ansible-deploy/roles/custom/matrix-bridge-mx-puppet-groupme/tasks/setup_install.yml_(IaC)_', 'matrix-docker-ansible-deploy/roles/custom/matrix-bridge-mx-puppet-instagram/tasks/main.yml_(IaC)_', 'matrix-docker-ansible-deploy/roles/custom/matrix-bridge-mx-puppet-slack/tasks/main.yml_(IaC)_', 'matrix-docker-ansible-deploy/roles/custom/matrix-bridge-mx-puppet-slack/tasks/setup_install.yml_(IaC)_', 'matrix-docker-ansible-deploy/roles/custom/matrix-bridge-mx-puppet-steam/tasks/main.yml_(IaC)_', 'matrix-docker-ansible-deploy/roles/custom/matrix-bridge-mx-puppet-steam/tasks/setup_install.yml_(IaC)_', 'matrix-docker-ansible-deploy/roles/custom/matrix-bridge-mx-puppet-twitter/tasks/main.yml_(IaC)_', 'matrix-docker-ansible-deploy/roles/custom/matrix-bridge-mx-puppet-twitter/tasks/setup_install.yml_(IaC)_', 'matrix-docker-ansible-deploy/roles/custom/matrix-bridge-sms/tasks/main.yml_(IaC)_', 'matrix-docker-ansible-deploy/roles/custom/matrix-cactus-comments/tasks/main.yml_(IaC)_', 'matrix-docker-ansible-deploy/roles/custom/matrix-client-cinny/tasks/main.yml_(IaC)_', 'matrix-docker-ansible-deploy/roles/custom/matrix-client-element/tasks/main.yml_(IaC)_', 'matrix-docker-ansible-deploy/roles/custom/matrix-client-element/tasks/setup_install.yml_(IaC)_', 'matrix-docker-ansible-deploy/roles/custom/matrix-client-hydrogen/tasks/main.yml_(IaC)_', 'matrix-docker-ansible-deploy/roles/custom/matrix-common-after/tasks/main.yml_(IaC)_', 'matrix-docker-ansible-deploy/roles/custom/matrix-conduit/tasks/main.yml_(IaC)_', 'matrix-docker-ansible-deploy/roles/custom/matrix-corporal/tasks/main.yml_(IaC)_', 'matrix-docker-ansible-deploy/roles/custom/matrix-coturn/tasks/main.yml_(IaC)_', 'matrix-docker-ansible-deploy/roles/custom/matrix-coturn/tasks/setup_install.yml_(IaC)_', 'matrix-docker-ansible-deploy/roles/custom/matrix-dendrite/tasks/main.yml_(IaC)_', 'matrix-docker-ansible-deploy/roles/custom/matrix-dendrite/tasks/setup_install.yml_(IaC)_', 'matrix-docker-ansible-deploy/roles/custom/matrix-dimension/tasks/main.yml_(IaC)_', 'matrix-docker-ansible-deploy/roles/custom/matrix-dynamic-dns/tasks/main.yml_(IaC)_', 'matrix-docker-ansible-deploy/roles/custom/matrix-email2matrix/tasks/main.yml_(IaC)_', 'matrix-docker-ansible-deploy/roles/custom/matrix-jitsi/tasks/main.yml_(IaC)_', 'matrix-docker-ansible-deploy/roles/custom/matrix-jitsi/tasks/util/setup_jitsi_auth_uvs_install.yml_(IaC)_', 'matrix-docker-ansible-deploy/roles/custom/matrix-ldap-registration-proxy/tasks/main.yml_(IaC)_', 'matrix-docker-ansible-deploy/roles/custom/matrix-ma1sd/tasks/main.yml_(IaC)_', 'matrix-docker-ansible-deploy/roles/custom/matrix-ma1sd/tasks/setup_install.yml_(IaC)_', 'matrix-docker-ansible-deploy/roles/custom/matrix-mailer/tasks/main.yml_(IaC)_', 'matrix-docker-ansible-deploy/roles/custom/matrix-nginx-proxy/tasks/main.yml_(IaC)_', 'matrix-docker-ansible-deploy/roles/custom/matrix-nginx-proxy/tasks/ssl/setup_ssl_lets_encrypt_obtain_for_domain.yml_(IaC)_', 'matrix-docker-ansible-deploy/roles/custom/matrix-nginx-proxy/tasks/ssl/setup_ssl_self_signed_obtain_for_domain.yml_(IaC)_', 'matrix-docker-ansible-deploy/roles/custom/matrix-prometheus-nginxlog-exporter/tasks/main.yml_(IaC)_', 'matrix-docker-ansible-deploy/roles/custom/matrix-prometheus-services-proxy-connect/tasks/main.yml_(IaC)_', 'matrix-docker-ansible-deploy/roles/custom/matrix-prometheus/tasks/main.yml_(IaC)_', 'matrix-docker-ansible-deploy/roles/custom/matrix-rageshake/tasks/install.yml_(IaC)_', 'matrix-docker-ansible-deploy/roles/custom/matrix-rageshake/tasks/main.yml_(IaC)_', 'matrix-docker-ansible-deploy/roles/custom/matrix-registration/tasks/main.yml_(IaC)_', 'matrix-docker-ansible-deploy/roles/custom/matrix-sliding-sync/tasks/install.yml_(IaC)_', 'matrix-docker-ansible-deploy/roles/custom/matrix-sliding-sync/tasks/main.yml_(IaC)_', 'matrix-docker-ansible-deploy/roles/custom/matrix-sygnal/tasks/main.yml_(IaC)_', 'matrix-docker-ansible-deploy/roles/custom/matrix-synapse-admin/tasks/main.yml_(IaC)_', 'matrix-docker-ansible-deploy/roles/custom/matrix-synapse-reverse-proxy-companion/tasks/main.yml_(IaC)_', 'matrix-docker-ansible-deploy/roles/custom/matrix-synapse/tasks/ext/setup_install.yml_(IaC)_', 'matrix-docker-ansible-deploy/roles/custom/matrix-synapse/tasks/ext/setup_uninstall.yml_(IaC)_', 'matrix-docker-ansible-deploy/roles/custom/matrix-synapse/tasks/main.yml_(IaC)_', 'matrix-docker-ansible-deploy/roles/custom/matrix-synapse/tasks/setup_install.yml_(IaC)_', 'matrix-docker-ansible-deploy/roles/custom/matrix-synapse/tasks/setup_uninstall.yml_(IaC)_', 'matrix-docker-ansible-deploy/roles/custom/matrix-synapse/tasks/synapse/setup_install.yml_(IaC)_', 'matrix-docker-ansible-deploy/roles/custom/matrix-user-creator/tasks/main.yml_(IaC)_', 'matrix-docker-ansible-deploy/roles/custom/matrix-user-verification-service/tasks/main.yml_(IaC)_', 'matrix-docker-ansible-deploy/roles/custom/matrix_playbook_migration/tasks/main.yml_(IaC)_']]","['9eaf6944e3c6d8ea8f1094dc515713053e190573', 'dddfee16bc852fc989b057bd1867f0e85825846d']","[0.2, 0.9]","[0.2222222222222222, 0.09278350515463918]","[0.2105263157894737, 0.16822429906542058]","[1, 1]","[1.0, 1.0]"
"[10, 10]","[[122, 384, 304, 390, 291, 627, 610, 589, 77, 213], [122, 384, 304, 390, 291, 627, 610, 589, 77, 213]]","[['matrix-docker-ansible-deploy/roles/custom/matrix-bridge-mautrix-slack/tasks/main.yml_(IaC)_', 'matrix-docker-ansible-deploy/roles/custom/matrix-bridge-mautrix-instagram/tasks/main.yml_(IaC)_', 'matrix-docker-ansible-deploy/roles/custom/matrix-bridge-mx-puppet-groupme/tasks/main.yml_(IaC)_', 'matrix-docker-ansible-deploy/roles/custom/matrix-mailer/tasks/main.yml_(IaC)_', 'matrix-docker-ansible-deploy/roles/custom/matrix-synapse-reverse-proxy-companion/tasks/main.yml_(IaC)_', 'matrix-docker-ansible-deploy/roles/custom/matrix-bot-maubot/tasks/main.yml_(IaC)_', 'matrix-docker-ansible-deploy/roles/custom/matrix-bridge-mautrix-twitter/tasks/main.yml_(IaC)_', 'matrix-docker-ansible-deploy/roles/custom/matrix_playbook_migration/tasks/main.yml_(IaC)_', 'matrix-docker-ansible-deploy/roles/custom/matrix-sliding-sync/tasks/main.yml_(IaC)_', 'matrix-docker-ansible-deploy/roles/custom/matrix-bot-mjolnir/tasks/main.yml_(IaC)_'], ['matrix-docker-ansible-deploy/roles/custom/matrix-bridge-mautrix-slack/tasks/main.yml_(IaC)_', 'matrix-docker-ansible-deploy/roles/custom/matrix-bridge-mautrix-instagram/tasks/main.yml_(IaC)_', 'matrix-docker-ansible-deploy/roles/custom/matrix-bridge-mx-puppet-groupme/tasks/main.yml_(IaC)_', 'matrix-docker-ansible-deploy/roles/custom/matrix-mailer/tasks/main.yml_(IaC)_', 'matrix-docker-ansible-deploy/roles/custom/matrix-synapse-reverse-proxy-companion/tasks/main.yml_(IaC)_', 'matrix-docker-ansible-deploy/roles/custom/matrix-bot-maubot/tasks/main.yml_(IaC)_', 'matrix-docker-ansible-deploy/roles/custom/matrix-bridge-mautrix-twitter/tasks/main.yml_(IaC)_', 'matrix-docker-ansible-deploy/roles/custom/matrix_playbook_migration/tasks/main.yml_(IaC)_', 'matrix-docker-ansible-deploy/roles/custom/matrix-sliding-sync/tasks/main.yml_(IaC)_', 'matrix-docker-ansible-deploy/roles/custom/matrix-bot-mjolnir/tasks/main.yml_(IaC)_']]","[['matrix-docker-ansible-deploy/roles/custom/matrix-bridge-mautrix-facebook/tasks/inject_into_nginx_proxy.yml_(IaC)_', 'matrix-docker-ansible-deploy/roles/custom/matrix-bridge-mautrix-instagram/tasks/inject_into_nginx_proxy.yml_(IaC)_', 'matrix-docker-ansible-deploy/roles/custom/matrix-bridge-mautrix-instagram/tasks/main.yml_(IaC)_', 'matrix-docker-ansible-deploy/roles/custom/matrix-bridge-mautrix-signal/tasks/inject_into_nginx_proxy.yml_(IaC)_', 'matrix-docker-ansible-deploy/roles/custom/matrix-bridge-mautrix-signal/tasks/main.yml_(IaC)_', 'matrix-docker-ansible-deploy/roles/custom/matrix-bridge-mautrix-twitter/tasks/inject_into_nginx_proxy.yml_(IaC)_', 'matrix-docker-ansible-deploy/roles/custom/matrix-bridge-mautrix-twitter/tasks/main.yml_(IaC)_', 'matrix-docker-ansible-deploy/roles/custom/matrix-bridge-mautrix-whatsapp/defaults/main.yml_(Other)_', 'matrix-docker-ansible-deploy/roles/custom/matrix-bridge-mautrix-whatsapp/tasks/inject_into_nginx_proxy.yml_(IaC)_'], ['matrix-docker-ansible-deploy/roles/custom/etherpad-proxy-connect/tasks/main.yml_(IaC)_', 'matrix-docker-ansible-deploy/roles/custom/etherpad-proxy-connect/tasks/validate_config.yml_(IaC)_', 'matrix-docker-ansible-deploy/roles/custom/matrix-aux/tasks/main.yml_(IaC)_', 'matrix-docker-ansible-deploy/roles/custom/matrix-base/tasks/main.yml_(IaC)_', 'matrix-docker-ansible-deploy/roles/custom/matrix-bot-buscarron/tasks/main.yml_(IaC)_', 'matrix-docker-ansible-deploy/roles/custom/matrix-bot-chatgpt/tasks/main.yml_(IaC)_', 'matrix-docker-ansible-deploy/roles/custom/matrix-bot-draupnir/tasks/main.yml_(IaC)_', 'matrix-docker-ansible-deploy/roles/custom/matrix-bot-go-neb/tasks/main.yml_(IaC)_', 'matrix-docker-ansible-deploy/roles/custom/matrix-bot-honoroit/tasks/main.yml_(IaC)_', 'matrix-docker-ansible-deploy/roles/custom/matrix-bot-matrix-registration-bot/tasks/main.yml_(IaC)_', 'matrix-docker-ansible-deploy/roles/custom/matrix-bot-matrix-reminder-bot/tasks/main.yml_(IaC)_', 'matrix-docker-ansible-deploy/roles/custom/matrix-bot-maubot/tasks/main.yml_(IaC)_', 'matrix-docker-ansible-deploy/roles/custom/matrix-bot-mjolnir/tasks/main.yml_(IaC)_', 'matrix-docker-ansible-deploy/roles/custom/matrix-bot-postmoogle/tasks/main.yml_(IaC)_', 'matrix-docker-ansible-deploy/roles/custom/matrix-bridge-appservice-discord/tasks/main.yml_(IaC)_', 'matrix-docker-ansible-deploy/roles/custom/matrix-bridge-appservice-discord/tasks/setup_install.yml_(IaC)_', 'matrix-docker-ansible-deploy/roles/custom/matrix-bridge-appservice-irc/tasks/main.yml_(IaC)_', 'matrix-docker-ansible-deploy/roles/custom/matrix-bridge-appservice-irc/tasks/setup_install.yml_(IaC)_', 'matrix-docker-ansible-deploy/roles/custom/matrix-bridge-appservice-kakaotalk/tasks/main.yml_(IaC)_', 'matrix-docker-ansible-deploy/roles/custom/matrix-bridge-appservice-slack/tasks/main.yml_(IaC)_', 'matrix-docker-ansible-deploy/roles/custom/matrix-bridge-appservice-webhooks/tasks/main.yml_(IaC)_', 'matrix-docker-ansible-deploy/roles/custom/matrix-bridge-beeper-linkedin/tasks/main.yml_(IaC)_', 'matrix-docker-ansible-deploy/roles/custom/matrix-bridge-go-skype-bridge/tasks/main.yml_(IaC)_', 'matrix-docker-ansible-deploy/roles/custom/matrix-bridge-go-skype-bridge/tasks/setup_install.yml_(IaC)_', 'matrix-docker-ansible-deploy/roles/custom/matrix-bridge-heisenbridge/tasks/main.yml_(IaC)_', 'matrix-docker-ansible-deploy/roles/custom/matrix-bridge-hookshot/defaults/main.yml_(Other)_', 'matrix-docker-ansible-deploy/roles/custom/matrix-bridge-hookshot/tasks/main.yml_(IaC)_', 'matrix-docker-ansible-deploy/roles/custom/matrix-bridge-hookshot/tasks/setup_install.yml_(IaC)_', 'matrix-docker-ansible-deploy/roles/custom/matrix-bridge-mautrix-discord/tasks/main.yml_(IaC)_', 'matrix-docker-ansible-deploy/roles/custom/matrix-bridge-mautrix-facebook/tasks/main.yml_(IaC)_', 'matrix-docker-ansible-deploy/roles/custom/matrix-bridge-mautrix-facebook/tasks/setup_install.yml_(IaC)_', 'matrix-docker-ansible-deploy/roles/custom/matrix-bridge-mautrix-googlechat/tasks/main.yml_(IaC)_', 'matrix-docker-ansible-deploy/roles/custom/matrix-bridge-mautrix-googlechat/tasks/setup_install.yml_(IaC)_', 'matrix-docker-ansible-deploy/roles/custom/matrix-bridge-mautrix-hangouts/tasks/main.yml_(IaC)_', 'matrix-docker-ansible-deploy/roles/custom/matrix-bridge-mautrix-hangouts/tasks/setup_install.yml_(IaC)_', 'matrix-docker-ansible-deploy/roles/custom/matrix-bridge-mautrix-instagram/tasks/main.yml_(IaC)_', 'matrix-docker-ansible-deploy/roles/custom/matrix-bridge-mautrix-signal/tasks/main.yml_(IaC)_', 'matrix-docker-ansible-deploy/roles/custom/matrix-bridge-mautrix-slack/tasks/main.yml_(IaC)_', 'matrix-docker-ansible-deploy/roles/custom/matrix-bridge-mautrix-telegram/tasks/main.yml_(IaC)_', 'matrix-docker-ansible-deploy/roles/custom/matrix-bridge-mautrix-telegram/tasks/setup_install.yml_(IaC)_', 'matrix-docker-ansible-deploy/roles/custom/matrix-bridge-mautrix-twitter/tasks/main.yml_(IaC)_', 'matrix-docker-ansible-deploy/roles/custom/matrix-bridge-mautrix-whatsapp/tasks/setup_install.yml_(IaC)_', 'matrix-docker-ansible-deploy/roles/custom/matrix-bridge-mx-puppet-discord/tasks/main.yml_(IaC)_', 'matrix-docker-ansible-deploy/roles/custom/matrix-bridge-mx-puppet-groupme/tasks/main.yml_(IaC)_', 'matrix-docker-ansible-deploy/roles/custom/matrix-bridge-mx-puppet-groupme/tasks/setup_install.yml_(IaC)_', 'matrix-docker-ansible-deploy/roles/custom/matrix-bridge-mx-puppet-instagram/tasks/main.yml_(IaC)_', 'matrix-docker-ansible-deploy/roles/custom/matrix-bridge-mx-puppet-slack/tasks/main.yml_(IaC)_', 'matrix-docker-ansible-deploy/roles/custom/matrix-bridge-mx-puppet-slack/tasks/setup_install.yml_(IaC)_', 'matrix-docker-ansible-deploy/roles/custom/matrix-bridge-mx-puppet-steam/tasks/main.yml_(IaC)_', 'matrix-docker-ansible-deploy/roles/custom/matrix-bridge-mx-puppet-steam/tasks/setup_install.yml_(IaC)_', 'matrix-docker-ansible-deploy/roles/custom/matrix-bridge-mx-puppet-twitter/tasks/main.yml_(IaC)_', 'matrix-docker-ansible-deploy/roles/custom/matrix-bridge-mx-puppet-twitter/tasks/setup_install.yml_(IaC)_', 'matrix-docker-ansible-deploy/roles/custom/matrix-bridge-sms/tasks/main.yml_(IaC)_', 'matrix-docker-ansible-deploy/roles/custom/matrix-cactus-comments/tasks/main.yml_(IaC)_', 'matrix-docker-ansible-deploy/roles/custom/matrix-client-cinny/tasks/main.yml_(IaC)_', 'matrix-docker-ansible-deploy/roles/custom/matrix-client-element/tasks/main.yml_(IaC)_', 'matrix-docker-ansible-deploy/roles/custom/matrix-client-element/tasks/setup_install.yml_(IaC)_', 'matrix-docker-ansible-deploy/roles/custom/matrix-client-hydrogen/tasks/main.yml_(IaC)_', 'matrix-docker-ansible-deploy/roles/custom/matrix-common-after/tasks/main.yml_(IaC)_', 'matrix-docker-ansible-deploy/roles/custom/matrix-conduit/tasks/main.yml_(IaC)_', 'matrix-docker-ansible-deploy/roles/custom/matrix-corporal/tasks/main.yml_(IaC)_', 'matrix-docker-ansible-deploy/roles/custom/matrix-coturn/tasks/main.yml_(IaC)_', 'matrix-docker-ansible-deploy/roles/custom/matrix-coturn/tasks/setup_install.yml_(IaC)_', 'matrix-docker-ansible-deploy/roles/custom/matrix-dendrite/tasks/main.yml_(IaC)_', 'matrix-docker-ansible-deploy/roles/custom/matrix-dendrite/tasks/setup_install.yml_(IaC)_', 'matrix-docker-ansible-deploy/roles/custom/matrix-dimension/tasks/main.yml_(IaC)_', 'matrix-docker-ansible-deploy/roles/custom/matrix-dynamic-dns/tasks/main.yml_(IaC)_', 'matrix-docker-ansible-deploy/roles/custom/matrix-email2matrix/tasks/main.yml_(IaC)_', 'matrix-docker-ansible-deploy/roles/custom/matrix-jitsi/tasks/main.yml_(IaC)_', 'matrix-docker-ansible-deploy/roles/custom/matrix-jitsi/tasks/util/setup_jitsi_auth_uvs_install.yml_(IaC)_', 'matrix-docker-ansible-deploy/roles/custom/matrix-ldap-registration-proxy/tasks/main.yml_(IaC)_', 'matrix-docker-ansible-deploy/roles/custom/matrix-ma1sd/tasks/main.yml_(IaC)_', 'matrix-docker-ansible-deploy/roles/custom/matrix-ma1sd/tasks/setup_install.yml_(IaC)_', 'matrix-docker-ansible-deploy/roles/custom/matrix-mailer/tasks/main.yml_(IaC)_', 'matrix-docker-ansible-deploy/roles/custom/matrix-nginx-proxy/tasks/main.yml_(IaC)_', 'matrix-docker-ansible-deploy/roles/custom/matrix-nginx-proxy/tasks/ssl/setup_ssl_lets_encrypt_obtain_for_domain.yml_(IaC)_', 'matrix-docker-ansible-deploy/roles/custom/matrix-nginx-proxy/tasks/ssl/setup_ssl_self_signed_obtain_for_domain.yml_(IaC)_', 'matrix-docker-ansible-deploy/roles/custom/matrix-prometheus-nginxlog-exporter/tasks/main.yml_(IaC)_', 'matrix-docker-ansible-deploy/roles/custom/matrix-prometheus-services-proxy-connect/tasks/main.yml_(IaC)_', 'matrix-docker-ansible-deploy/roles/custom/matrix-prometheus/tasks/main.yml_(IaC)_', 'matrix-docker-ansible-deploy/roles/custom/matrix-rageshake/tasks/install.yml_(IaC)_', 'matrix-docker-ansible-deploy/roles/custom/matrix-rageshake/tasks/main.yml_(IaC)_', 'matrix-docker-ansible-deploy/roles/custom/matrix-registration/tasks/main.yml_(IaC)_', 'matrix-docker-ansible-deploy/roles/custom/matrix-sliding-sync/tasks/install.yml_(IaC)_', 'matrix-docker-ansible-deploy/roles/custom/matrix-sliding-sync/tasks/main.yml_(IaC)_', 'matrix-docker-ansible-deploy/roles/custom/matrix-sygnal/tasks/main.yml_(IaC)_', 'matrix-docker-ansible-deploy/roles/custom/matrix-synapse-admin/tasks/main.yml_(IaC)_', 'matrix-docker-ansible-deploy/roles/custom/matrix-synapse-reverse-proxy-companion/tasks/main.yml_(IaC)_', 'matrix-docker-ansible-deploy/roles/custom/matrix-synapse/tasks/ext/setup_install.yml_(IaC)_', 'matrix-docker-ansible-deploy/roles/custom/matrix-synapse/tasks/ext/setup_uninstall.yml_(IaC)_', 'matrix-docker-ansible-deploy/roles/custom/matrix-synapse/tasks/main.yml_(IaC)_', 'matrix-docker-ansible-deploy/roles/custom/matrix-synapse/tasks/setup_install.yml_(IaC)_', 'matrix-docker-ansible-deploy/roles/custom/matrix-synapse/tasks/setup_uninstall.yml_(IaC)_', 'matrix-docker-ansible-deploy/roles/custom/matrix-synapse/tasks/synapse/setup_install.yml_(IaC)_', 'matrix-docker-ansible-deploy/roles/custom/matrix-user-creator/tasks/main.yml_(IaC)_', 'matrix-docker-ansible-deploy/roles/custom/matrix-user-verification-service/tasks/main.yml_(IaC)_', 'matrix-docker-ansible-deploy/roles/custom/matrix_playbook_migration/tasks/main.yml_(IaC)_']]","['9eaf6944e3c6d8ea8f1094dc515713053e190573', 'dddfee16bc852fc989b057bd1867f0e85825846d']","[0.2, 1.0]","[0.2222222222222222, 0.10309278350515463]","[0.2105263157894737, 0.18691588785046725]","[1, 1]","[0.5, 1.0]"
"[10, 10]","[[196, 430, 610, 384, 589, 204, 510, 274, 529, 617], [196, 430, 610, 384, 589, 204, 510, 274, 529, 617]]","[['matrix-docker-ansible-deploy/roles/custom/matrix-bridge-mautrix-telegram/tasks/main.yml_(IaC)_', 'matrix-docker-ansible-deploy/roles/custom/matrix-bridge-mautrix-discord/tasks/main.yml_(IaC)_', 'matrix-docker-ansible-deploy/roles/custom/matrix-bridge-mautrix-twitter/tasks/main.yml_(IaC)_', 'matrix-docker-ansible-deploy/roles/custom/matrix-bridge-mautrix-instagram/tasks/main.yml_(IaC)_', 'matrix-docker-ansible-deploy/roles/custom/matrix_playbook_migration/tasks/main.yml_(IaC)_', 'matrix-docker-ansible-deploy/roles/custom/matrix-client-hydrogen/tasks/main.yml_(IaC)_', 'matrix-docker-ansible-deploy/roles/custom/matrix-bridge-mx-puppet-slack/tasks/setup_install.yml_(IaC)_', 'matrix-docker-ansible-deploy/roles/custom/matrix-corporal/defaults/main.yml_(Other)_', 'matrix-docker-ansible-deploy/roles/custom/matrix-bridge-appservice-webhooks/templates/config.yaml.j2_(Other)_', 'matrix-docker-ansible-deploy/roles/custom/matrix-coturn/tasks/main.yml_(IaC)_'], ['matrix-docker-ansible-deploy/roles/custom/matrix-bridge-mautrix-telegram/tasks/main.yml_(IaC)_', 'matrix-docker-ansible-deploy/roles/custom/matrix-bridge-mautrix-discord/tasks/main.yml_(IaC)_', 'matrix-docker-ansible-deploy/roles/custom/matrix-bridge-mautrix-twitter/tasks/main.yml_(IaC)_', 'matrix-docker-ansible-deploy/roles/custom/matrix-bridge-mautrix-instagram/tasks/main.yml_(IaC)_', 'matrix-docker-ansible-deploy/roles/custom/matrix_playbook_migration/tasks/main.yml_(IaC)_', 'matrix-docker-ansible-deploy/roles/custom/matrix-client-hydrogen/tasks/main.yml_(IaC)_', 'matrix-docker-ansible-deploy/roles/custom/matrix-bridge-mx-puppet-slack/tasks/setup_install.yml_(IaC)_', 'matrix-docker-ansible-deploy/roles/custom/matrix-corporal/defaults/main.yml_(Other)_', 'matrix-docker-ansible-deploy/roles/custom/matrix-bridge-appservice-webhooks/templates/config.yaml.j2_(Other)_', 'matrix-docker-ansible-deploy/roles/custom/matrix-coturn/tasks/main.yml_(IaC)_']]","[['matrix-docker-ansible-deploy/roles/custom/matrix-bridge-mautrix-facebook/tasks/inject_into_nginx_proxy.yml_(IaC)_', 'matrix-docker-ansible-deploy/roles/custom/matrix-bridge-mautrix-instagram/tasks/inject_into_nginx_proxy.yml_(IaC)_', 'matrix-docker-ansible-deploy/roles/custom/matrix-bridge-mautrix-instagram/tasks/main.yml_(IaC)_', 'matrix-docker-ansible-deploy/roles/custom/matrix-bridge-mautrix-signal/tasks/inject_into_nginx_proxy.yml_(IaC)_', 'matrix-docker-ansible-deploy/roles/custom/matrix-bridge-mautrix-signal/tasks/main.yml_(IaC)_', 'matrix-docker-ansible-deploy/roles/custom/matrix-bridge-mautrix-twitter/tasks/inject_into_nginx_proxy.yml_(IaC)_', 'matrix-docker-ansible-deploy/roles/custom/matrix-bridge-mautrix-twitter/tasks/main.yml_(IaC)_', 'matrix-docker-ansible-deploy/roles/custom/matrix-bridge-mautrix-whatsapp/defaults/main.yml_(Other)_', 'matrix-docker-ansible-deploy/roles/custom/matrix-bridge-mautrix-whatsapp/tasks/inject_into_nginx_proxy.yml_(IaC)_'], ['matrix-docker-ansible-deploy/roles/custom/etherpad-proxy-connect/tasks/main.yml_(IaC)_', 'matrix-docker-ansible-deploy/roles/custom/etherpad-proxy-connect/tasks/validate_config.yml_(IaC)_', 'matrix-docker-ansible-deploy/roles/custom/matrix-aux/tasks/main.yml_(IaC)_', 'matrix-docker-ansible-deploy/roles/custom/matrix-base/tasks/main.yml_(IaC)_', 'matrix-docker-ansible-deploy/roles/custom/matrix-bot-buscarron/tasks/main.yml_(IaC)_', 'matrix-docker-ansible-deploy/roles/custom/matrix-bot-chatgpt/tasks/main.yml_(IaC)_', 'matrix-docker-ansible-deploy/roles/custom/matrix-bot-draupnir/tasks/main.yml_(IaC)_', 'matrix-docker-ansible-deploy/roles/custom/matrix-bot-go-neb/tasks/main.yml_(IaC)_', 'matrix-docker-ansible-deploy/roles/custom/matrix-bot-honoroit/tasks/main.yml_(IaC)_', 'matrix-docker-ansible-deploy/roles/custom/matrix-bot-matrix-registration-bot/tasks/main.yml_(IaC)_', 'matrix-docker-ansible-deploy/roles/custom/matrix-bot-matrix-reminder-bot/tasks/main.yml_(IaC)_', 'matrix-docker-ansible-deploy/roles/custom/matrix-bot-maubot/tasks/main.yml_(IaC)_', 'matrix-docker-ansible-deploy/roles/custom/matrix-bot-mjolnir/tasks/main.yml_(IaC)_', 'matrix-docker-ansible-deploy/roles/custom/matrix-bot-postmoogle/tasks/main.yml_(IaC)_', 'matrix-docker-ansible-deploy/roles/custom/matrix-bridge-appservice-discord/tasks/main.yml_(IaC)_', 'matrix-docker-ansible-deploy/roles/custom/matrix-bridge-appservice-discord/tasks/setup_install.yml_(IaC)_', 'matrix-docker-ansible-deploy/roles/custom/matrix-bridge-appservice-irc/tasks/main.yml_(IaC)_', 'matrix-docker-ansible-deploy/roles/custom/matrix-bridge-appservice-irc/tasks/setup_install.yml_(IaC)_', 'matrix-docker-ansible-deploy/roles/custom/matrix-bridge-appservice-kakaotalk/tasks/main.yml_(IaC)_', 'matrix-docker-ansible-deploy/roles/custom/matrix-bridge-appservice-slack/tasks/main.yml_(IaC)_', 'matrix-docker-ansible-deploy/roles/custom/matrix-bridge-appservice-webhooks/tasks/main.yml_(IaC)_', 'matrix-docker-ansible-deploy/roles/custom/matrix-bridge-beeper-linkedin/tasks/main.yml_(IaC)_', 'matrix-docker-ansible-deploy/roles/custom/matrix-bridge-go-skype-bridge/tasks/main.yml_(IaC)_', 'matrix-docker-ansible-deploy/roles/custom/matrix-bridge-go-skype-bridge/tasks/setup_install.yml_(IaC)_', 'matrix-docker-ansible-deploy/roles/custom/matrix-bridge-heisenbridge/tasks/main.yml_(IaC)_', 'matrix-docker-ansible-deploy/roles/custom/matrix-bridge-hookshot/defaults/main.yml_(Other)_', 'matrix-docker-ansible-deploy/roles/custom/matrix-bridge-hookshot/tasks/main.yml_(IaC)_', 'matrix-docker-ansible-deploy/roles/custom/matrix-bridge-hookshot/tasks/setup_install.yml_(IaC)_', 'matrix-docker-ansible-deploy/roles/custom/matrix-bridge-mautrix-discord/tasks/main.yml_(IaC)_', 'matrix-docker-ansible-deploy/roles/custom/matrix-bridge-mautrix-facebook/tasks/main.yml_(IaC)_', 'matrix-docker-ansible-deploy/roles/custom/matrix-bridge-mautrix-facebook/tasks/setup_install.yml_(IaC)_', 'matrix-docker-ansible-deploy/roles/custom/matrix-bridge-mautrix-googlechat/tasks/main.yml_(IaC)_', 'matrix-docker-ansible-deploy/roles/custom/matrix-bridge-mautrix-googlechat/tasks/setup_install.yml_(IaC)_', 'matrix-docker-ansible-deploy/roles/custom/matrix-bridge-mautrix-hangouts/tasks/main.yml_(IaC)_', 'matrix-docker-ansible-deploy/roles/custom/matrix-bridge-mautrix-hangouts/tasks/setup_install.yml_(IaC)_', 'matrix-docker-ansible-deploy/roles/custom/matrix-bridge-mautrix-instagram/tasks/main.yml_(IaC)_', 'matrix-docker-ansible-deploy/roles/custom/matrix-bridge-mautrix-signal/tasks/main.yml_(IaC)_', 'matrix-docker-ansible-deploy/roles/custom/matrix-bridge-mautrix-slack/tasks/main.yml_(IaC)_', 'matrix-docker-ansible-deploy/roles/custom/matrix-bridge-mautrix-telegram/tasks/main.yml_(IaC)_', 'matrix-docker-ansible-deploy/roles/custom/matrix-bridge-mautrix-telegram/tasks/setup_install.yml_(IaC)_', 'matrix-docker-ansible-deploy/roles/custom/matrix-bridge-mautrix-twitter/tasks/main.yml_(IaC)_', 'matrix-docker-ansible-deploy/roles/custom/matrix-bridge-mautrix-whatsapp/tasks/setup_install.yml_(IaC)_', 'matrix-docker-ansible-deploy/roles/custom/matrix-bridge-mx-puppet-discord/tasks/main.yml_(IaC)_', 'matrix-docker-ansible-deploy/roles/custom/matrix-bridge-mx-puppet-groupme/tasks/main.yml_(IaC)_', 'matrix-docker-ansible-deploy/roles/custom/matrix-bridge-mx-puppet-groupme/tasks/setup_install.yml_(IaC)_', 'matrix-docker-ansible-deploy/roles/custom/matrix-bridge-mx-puppet-instagram/tasks/main.yml_(IaC)_', 'matrix-docker-ansible-deploy/roles/custom/matrix-bridge-mx-puppet-slack/tasks/main.yml_(IaC)_', 'matrix-docker-ansible-deploy/roles/custom/matrix-bridge-mx-puppet-slack/tasks/setup_install.yml_(IaC)_', 'matrix-docker-ansible-deploy/roles/custom/matrix-bridge-mx-puppet-steam/tasks/main.yml_(IaC)_', 'matrix-docker-ansible-deploy/roles/custom/matrix-bridge-mx-puppet-steam/tasks/setup_install.yml_(IaC)_', 'matrix-docker-ansible-deploy/roles/custom/matrix-bridge-mx-puppet-twitter/tasks/main.yml_(IaC)_', 'matrix-docker-ansible-deploy/roles/custom/matrix-bridge-mx-puppet-twitter/tasks/setup_install.yml_(IaC)_', 'matrix-docker-ansible-deploy/roles/custom/matrix-bridge-sms/tasks/main.yml_(IaC)_', 'matrix-docker-ansible-deploy/roles/custom/matrix-cactus-comments/tasks/main.yml_(IaC)_', 'matrix-docker-ansible-deploy/roles/custom/matrix-client-cinny/tasks/main.yml_(IaC)_', 'matrix-docker-ansible-deploy/roles/custom/matrix-client-element/tasks/main.yml_(IaC)_', 'matrix-docker-ansible-deploy/roles/custom/matrix-client-element/tasks/setup_install.yml_(IaC)_', 'matrix-docker-ansible-deploy/roles/custom/matrix-client-hydrogen/tasks/main.yml_(IaC)_', 'matrix-docker-ansible-deploy/roles/custom/matrix-common-after/tasks/main.yml_(IaC)_', 'matrix-docker-ansible-deploy/roles/custom/matrix-conduit/tasks/main.yml_(IaC)_', 'matrix-docker-ansible-deploy/roles/custom/matrix-corporal/tasks/main.yml_(IaC)_', 'matrix-docker-ansible-deploy/roles/custom/matrix-coturn/tasks/main.yml_(IaC)_', 'matrix-docker-ansible-deploy/roles/custom/matrix-coturn/tasks/setup_install.yml_(IaC)_', 'matrix-docker-ansible-deploy/roles/custom/matrix-dendrite/tasks/main.yml_(IaC)_', 'matrix-docker-ansible-deploy/roles/custom/matrix-dendrite/tasks/setup_install.yml_(IaC)_', 'matrix-docker-ansible-deploy/roles/custom/matrix-dimension/tasks/main.yml_(IaC)_', 'matrix-docker-ansible-deploy/roles/custom/matrix-dynamic-dns/tasks/main.yml_(IaC)_', 'matrix-docker-ansible-deploy/roles/custom/matrix-email2matrix/tasks/main.yml_(IaC)_', 'matrix-docker-ansible-deploy/roles/custom/matrix-jitsi/tasks/main.yml_(IaC)_', 'matrix-docker-ansible-deploy/roles/custom/matrix-jitsi/tasks/util/setup_jitsi_auth_uvs_install.yml_(IaC)_', 'matrix-docker-ansible-deploy/roles/custom/matrix-ldap-registration-proxy/tasks/main.yml_(IaC)_', 'matrix-docker-ansible-deploy/roles/custom/matrix-ma1sd/tasks/main.yml_(IaC)_', 'matrix-docker-ansible-deploy/roles/custom/matrix-ma1sd/tasks/setup_install.yml_(IaC)_', 'matrix-docker-ansible-deploy/roles/custom/matrix-mailer/tasks/main.yml_(IaC)_', 'matrix-docker-ansible-deploy/roles/custom/matrix-nginx-proxy/tasks/main.yml_(IaC)_', 'matrix-docker-ansible-deploy/roles/custom/matrix-nginx-proxy/tasks/ssl/setup_ssl_lets_encrypt_obtain_for_domain.yml_(IaC)_', 'matrix-docker-ansible-deploy/roles/custom/matrix-nginx-proxy/tasks/ssl/setup_ssl_self_signed_obtain_for_domain.yml_(IaC)_', 'matrix-docker-ansible-deploy/roles/custom/matrix-prometheus-nginxlog-exporter/tasks/main.yml_(IaC)_', 'matrix-docker-ansible-deploy/roles/custom/matrix-prometheus-services-proxy-connect/tasks/main.yml_(IaC)_', 'matrix-docker-ansible-deploy/roles/custom/matrix-prometheus/tasks/main.yml_(IaC)_', 'matrix-docker-ansible-deploy/roles/custom/matrix-rageshake/tasks/install.yml_(IaC)_', 'matrix-docker-ansible-deploy/roles/custom/matrix-rageshake/tasks/main.yml_(IaC)_', 'matrix-docker-ansible-deploy/roles/custom/matrix-registration/tasks/main.yml_(IaC)_', 'matrix-docker-ansible-deploy/roles/custom/matrix-sliding-sync/tasks/install.yml_(IaC)_', 'matrix-docker-ansible-deploy/roles/custom/matrix-sliding-sync/tasks/main.yml_(IaC)_', 'matrix-docker-ansible-deploy/roles/custom/matrix-sygnal/tasks/main.yml_(IaC)_', 'matrix-docker-ansible-deploy/roles/custom/matrix-synapse-admin/tasks/main.yml_(IaC)_', 'matrix-docker-ansible-deploy/roles/custom/matrix-synapse-reverse-proxy-companion/tasks/main.yml_(IaC)_', 'matrix-docker-ansible-deploy/roles/custom/matrix-synapse/tasks/ext/setup_install.yml_(IaC)_', 'matrix-docker-ansible-deploy/roles/custom/matrix-synapse/tasks/ext/setup_uninstall.yml_(IaC)_', 'matrix-docker-ansible-deploy/roles/custom/matrix-synapse/tasks/main.yml_(IaC)_', 'matrix-docker-ansible-deploy/roles/custom/matrix-synapse/tasks/setup_install.yml_(IaC)_', 'matrix-docker-ansible-deploy/roles/custom/matrix-synapse/tasks/setup_uninstall.yml_(IaC)_', 'matrix-docker-ansible-deploy/roles/custom/matrix-synapse/tasks/synapse/setup_install.yml_(IaC)_', 'matrix-docker-ansible-deploy/roles/custom/matrix-user-creator/tasks/main.yml_(IaC)_', 'matrix-docker-ansible-deploy/roles/custom/matrix-user-verification-service/tasks/main.yml_(IaC)_', 'matrix-docker-ansible-deploy/roles/custom/matrix_playbook_migration/tasks/main.yml_(IaC)_']]","['9eaf6944e3c6d8ea8f1094dc515713053e190573', 'dddfee16bc852fc989b057bd1867f0e85825846d']","[0.2, 0.8]","[0.2222222222222222, 0.08247422680412371]","[0.2105263157894737, 0.14953271028037382]","[1, 1]","[0.3333333333333333, 1.0]"
"[10, 10]","[[196, 599, 325, 231, 134, 617, 113, 341, 28, 120], [196, 599, 325, 231, 134, 617, 113, 341, 28, 120]]","[['matrix-docker-ansible-deploy/roles/custom/matrix-bridge-mautrix-telegram/tasks/main.yml_(IaC)_', 'matrix-docker-ansible-deploy/roles/custom/matrix-bridge-mautrix-signal/tasks/main.yml_(IaC)_', 'matrix-docker-ansible-deploy/roles/custom/matrix-bridge-beeper-linkedin/tasks/main.yml_(IaC)_', 'matrix-docker-ansible-deploy/roles/custom/matrix-nginx-proxy/tasks/main.yml_(IaC)_', 'matrix-docker-ansible-deploy/roles/custom/matrix-prometheus-nginxlog-exporter/tasks/validate_config.yml_(IaC)_', 'matrix-docker-ansible-deploy/roles/custom/matrix-coturn/tasks/main.yml_(IaC)_', 'matrix-docker-ansible-deploy/roles/custom/matrix-bot-chatgpt/tasks/uninstall.yml_(IaC)_', 'matrix-docker-ansible-deploy/roles/custom/matrix-user-verification-service/defaults/main.yml_(Other)_', 'matrix-docker-ansible-deploy/roles/custom/matrix-bot-buscarron/tasks/validate_config.yml_(IaC)_', 'matrix-docker-ansible-deploy/roles/custom/matrix-bridge-mautrix-slack/tasks/setup_uninstall.yml_(IaC)_'], ['matrix-docker-ansible-deploy/roles/custom/matrix-bridge-mautrix-telegram/tasks/main.yml_(IaC)_', 'matrix-docker-ansible-deploy/roles/custom/matrix-bridge-mautrix-signal/tasks/main.yml_(IaC)_', 'matrix-docker-ansible-deploy/roles/custom/matrix-bridge-beeper-linkedin/tasks/main.yml_(IaC)_', 'matrix-docker-ansible-deploy/roles/custom/matrix-nginx-proxy/tasks/main.yml_(IaC)_', 'matrix-docker-ansible-deploy/roles/custom/matrix-prometheus-nginxlog-exporter/tasks/validate_config.yml_(IaC)_', 'matrix-docker-ansible-deploy/roles/custom/matrix-coturn/tasks/main.yml_(IaC)_', 'matrix-docker-ansible-deploy/roles/custom/matrix-bot-chatgpt/tasks/uninstall.yml_(IaC)_', 'matrix-docker-ansible-deploy/roles/custom/matrix-user-verification-service/defaults/main.yml_(Other)_', 'matrix-docker-ansible-deploy/roles/custom/matrix-bot-buscarron/tasks/validate_config.yml_(IaC)_', 'matrix-docker-ansible-deploy/roles/custom/matrix-bridge-mautrix-slack/tasks/setup_uninstall.yml_(IaC)_']]","[['matrix-docker-ansible-deploy/roles/custom/matrix-bridge-mautrix-facebook/tasks/inject_into_nginx_proxy.yml_(IaC)_', 'matrix-docker-ansible-deploy/roles/custom/matrix-bridge-mautrix-instagram/tasks/inject_into_nginx_proxy.yml_(IaC)_', 'matrix-docker-ansible-deploy/roles/custom/matrix-bridge-mautrix-instagram/tasks/main.yml_(IaC)_', 'matrix-docker-ansible-deploy/roles/custom/matrix-bridge-mautrix-signal/tasks/inject_into_nginx_proxy.yml_(IaC)_', 'matrix-docker-ansible-deploy/roles/custom/matrix-bridge-mautrix-signal/tasks/main.yml_(IaC)_', 'matrix-docker-ansible-deploy/roles/custom/matrix-bridge-mautrix-twitter/tasks/inject_into_nginx_proxy.yml_(IaC)_', 'matrix-docker-ansible-deploy/roles/custom/matrix-bridge-mautrix-twitter/tasks/main.yml_(IaC)_', 'matrix-docker-ansible-deploy/roles/custom/matrix-bridge-mautrix-whatsapp/defaults/main.yml_(Other)_', 'matrix-docker-ansible-deploy/roles/custom/matrix-bridge-mautrix-whatsapp/tasks/inject_into_nginx_proxy.yml_(IaC)_'], ['matrix-docker-ansible-deploy/roles/custom/etherpad-proxy-connect/tasks/main.yml_(IaC)_', 'matrix-docker-ansible-deploy/roles/custom/etherpad-proxy-connect/tasks/validate_config.yml_(IaC)_', 'matrix-docker-ansible-deploy/roles/custom/matrix-aux/tasks/main.yml_(IaC)_', 'matrix-docker-ansible-deploy/roles/custom/matrix-base/tasks/main.yml_(IaC)_', 'matrix-docker-ansible-deploy/roles/custom/matrix-bot-buscarron/tasks/main.yml_(IaC)_', 'matrix-docker-ansible-deploy/roles/custom/matrix-bot-chatgpt/tasks/main.yml_(IaC)_', 'matrix-docker-ansible-deploy/roles/custom/matrix-bot-draupnir/tasks/main.yml_(IaC)_', 'matrix-docker-ansible-deploy/roles/custom/matrix-bot-go-neb/tasks/main.yml_(IaC)_', 'matrix-docker-ansible-deploy/roles/custom/matrix-bot-honoroit/tasks/main.yml_(IaC)_', 'matrix-docker-ansible-deploy/roles/custom/matrix-bot-matrix-registration-bot/tasks/main.yml_(IaC)_', 'matrix-docker-ansible-deploy/roles/custom/matrix-bot-matrix-reminder-bot/tasks/main.yml_(IaC)_', 'matrix-docker-ansible-deploy/roles/custom/matrix-bot-maubot/tasks/main.yml_(IaC)_', 'matrix-docker-ansible-deploy/roles/custom/matrix-bot-mjolnir/tasks/main.yml_(IaC)_', 'matrix-docker-ansible-deploy/roles/custom/matrix-bot-postmoogle/tasks/main.yml_(IaC)_', 'matrix-docker-ansible-deploy/roles/custom/matrix-bridge-appservice-discord/tasks/main.yml_(IaC)_', 'matrix-docker-ansible-deploy/roles/custom/matrix-bridge-appservice-discord/tasks/setup_install.yml_(IaC)_', 'matrix-docker-ansible-deploy/roles/custom/matrix-bridge-appservice-irc/tasks/main.yml_(IaC)_', 'matrix-docker-ansible-deploy/roles/custom/matrix-bridge-appservice-irc/tasks/setup_install.yml_(IaC)_', 'matrix-docker-ansible-deploy/roles/custom/matrix-bridge-appservice-kakaotalk/tasks/main.yml_(IaC)_', 'matrix-docker-ansible-deploy/roles/custom/matrix-bridge-appservice-slack/tasks/main.yml_(IaC)_', 'matrix-docker-ansible-deploy/roles/custom/matrix-bridge-appservice-webhooks/tasks/main.yml_(IaC)_', 'matrix-docker-ansible-deploy/roles/custom/matrix-bridge-beeper-linkedin/tasks/main.yml_(IaC)_', 'matrix-docker-ansible-deploy/roles/custom/matrix-bridge-go-skype-bridge/tasks/main.yml_(IaC)_', 'matrix-docker-ansible-deploy/roles/custom/matrix-bridge-go-skype-bridge/tasks/setup_install.yml_(IaC)_', 'matrix-docker-ansible-deploy/roles/custom/matrix-bridge-heisenbridge/tasks/main.yml_(IaC)_', 'matrix-docker-ansible-deploy/roles/custom/matrix-bridge-hookshot/defaults/main.yml_(Other)_', 'matrix-docker-ansible-deploy/roles/custom/matrix-bridge-hookshot/tasks/main.yml_(IaC)_', 'matrix-docker-ansible-deploy/roles/custom/matrix-bridge-hookshot/tasks/setup_install.yml_(IaC)_', 'matrix-docker-ansible-deploy/roles/custom/matrix-bridge-mautrix-discord/tasks/main.yml_(IaC)_', 'matrix-docker-ansible-deploy/roles/custom/matrix-bridge-mautrix-facebook/tasks/main.yml_(IaC)_', 'matrix-docker-ansible-deploy/roles/custom/matrix-bridge-mautrix-facebook/tasks/setup_install.yml_(IaC)_', 'matrix-docker-ansible-deploy/roles/custom/matrix-bridge-mautrix-googlechat/tasks/main.yml_(IaC)_', 'matrix-docker-ansible-deploy/roles/custom/matrix-bridge-mautrix-googlechat/tasks/setup_install.yml_(IaC)_', 'matrix-docker-ansible-deploy/roles/custom/matrix-bridge-mautrix-hangouts/tasks/main.yml_(IaC)_', 'matrix-docker-ansible-deploy/roles/custom/matrix-bridge-mautrix-hangouts/tasks/setup_install.yml_(IaC)_', 'matrix-docker-ansible-deploy/roles/custom/matrix-bridge-mautrix-instagram/tasks/main.yml_(IaC)_', 'matrix-docker-ansible-deploy/roles/custom/matrix-bridge-mautrix-signal/tasks/main.yml_(IaC)_', 'matrix-docker-ansible-deploy/roles/custom/matrix-bridge-mautrix-slack/tasks/main.yml_(IaC)_', 'matrix-docker-ansible-deploy/roles/custom/matrix-bridge-mautrix-telegram/tasks/main.yml_(IaC)_', 'matrix-docker-ansible-deploy/roles/custom/matrix-bridge-mautrix-telegram/tasks/setup_install.yml_(IaC)_', 'matrix-docker-ansible-deploy/roles/custom/matrix-bridge-mautrix-twitter/tasks/main.yml_(IaC)_', 'matrix-docker-ansible-deploy/roles/custom/matrix-bridge-mautrix-whatsapp/tasks/setup_install.yml_(IaC)_', 'matrix-docker-ansible-deploy/roles/custom/matrix-bridge-mx-puppet-discord/tasks/main.yml_(IaC)_', 'matrix-docker-ansible-deploy/roles/custom/matrix-bridge-mx-puppet-groupme/tasks/main.yml_(IaC)_', 'matrix-docker-ansible-deploy/roles/custom/matrix-bridge-mx-puppet-groupme/tasks/setup_install.yml_(IaC)_', 'matrix-docker-ansible-deploy/roles/custom/matrix-bridge-mx-puppet-instagram/tasks/main.yml_(IaC)_', 'matrix-docker-ansible-deploy/roles/custom/matrix-bridge-mx-puppet-slack/tasks/main.yml_(IaC)_', 'matrix-docker-ansible-deploy/roles/custom/matrix-bridge-mx-puppet-slack/tasks/setup_install.yml_(IaC)_', 'matrix-docker-ansible-deploy/roles/custom/matrix-bridge-mx-puppet-steam/tasks/main.yml_(IaC)_', 'matrix-docker-ansible-deploy/roles/custom/matrix-bridge-mx-puppet-steam/tasks/setup_install.yml_(IaC)_', 'matrix-docker-ansible-deploy/roles/custom/matrix-bridge-mx-puppet-twitter/tasks/main.yml_(IaC)_', 'matrix-docker-ansible-deploy/roles/custom/matrix-bridge-mx-puppet-twitter/tasks/setup_install.yml_(IaC)_', 'matrix-docker-ansible-deploy/roles/custom/matrix-bridge-sms/tasks/main.yml_(IaC)_', 'matrix-docker-ansible-deploy/roles/custom/matrix-cactus-comments/tasks/main.yml_(IaC)_', 'matrix-docker-ansible-deploy/roles/custom/matrix-client-cinny/tasks/main.yml_(IaC)_', 'matrix-docker-ansible-deploy/roles/custom/matrix-client-element/tasks/main.yml_(IaC)_', 'matrix-docker-ansible-deploy/roles/custom/matrix-client-element/tasks/setup_install.yml_(IaC)_', 'matrix-docker-ansible-deploy/roles/custom/matrix-client-hydrogen/tasks/main.yml_(IaC)_', 'matrix-docker-ansible-deploy/roles/custom/matrix-common-after/tasks/main.yml_(IaC)_', 'matrix-docker-ansible-deploy/roles/custom/matrix-conduit/tasks/main.yml_(IaC)_', 'matrix-docker-ansible-deploy/roles/custom/matrix-corporal/tasks/main.yml_(IaC)_', 'matrix-docker-ansible-deploy/roles/custom/matrix-coturn/tasks/main.yml_(IaC)_', 'matrix-docker-ansible-deploy/roles/custom/matrix-coturn/tasks/setup_install.yml_(IaC)_', 'matrix-docker-ansible-deploy/roles/custom/matrix-dendrite/tasks/main.yml_(IaC)_', 'matrix-docker-ansible-deploy/roles/custom/matrix-dendrite/tasks/setup_install.yml_(IaC)_', 'matrix-docker-ansible-deploy/roles/custom/matrix-dimension/tasks/main.yml_(IaC)_', 'matrix-docker-ansible-deploy/roles/custom/matrix-dynamic-dns/tasks/main.yml_(IaC)_', 'matrix-docker-ansible-deploy/roles/custom/matrix-email2matrix/tasks/main.yml_(IaC)_', 'matrix-docker-ansible-deploy/roles/custom/matrix-jitsi/tasks/main.yml_(IaC)_', 'matrix-docker-ansible-deploy/roles/custom/matrix-jitsi/tasks/util/setup_jitsi_auth_uvs_install.yml_(IaC)_', 'matrix-docker-ansible-deploy/roles/custom/matrix-ldap-registration-proxy/tasks/main.yml_(IaC)_', 'matrix-docker-ansible-deploy/roles/custom/matrix-ma1sd/tasks/main.yml_(IaC)_', 'matrix-docker-ansible-deploy/roles/custom/matrix-ma1sd/tasks/setup_install.yml_(IaC)_', 'matrix-docker-ansible-deploy/roles/custom/matrix-mailer/tasks/main.yml_(IaC)_', 'matrix-docker-ansible-deploy/roles/custom/matrix-nginx-proxy/tasks/main.yml_(IaC)_', 'matrix-docker-ansible-deploy/roles/custom/matrix-nginx-proxy/tasks/ssl/setup_ssl_lets_encrypt_obtain_for_domain.yml_(IaC)_', 'matrix-docker-ansible-deploy/roles/custom/matrix-nginx-proxy/tasks/ssl/setup_ssl_self_signed_obtain_for_domain.yml_(IaC)_', 'matrix-docker-ansible-deploy/roles/custom/matrix-prometheus-nginxlog-exporter/tasks/main.yml_(IaC)_', 'matrix-docker-ansible-deploy/roles/custom/matrix-prometheus-services-proxy-connect/tasks/main.yml_(IaC)_', 'matrix-docker-ansible-deploy/roles/custom/matrix-prometheus/tasks/main.yml_(IaC)_', 'matrix-docker-ansible-deploy/roles/custom/matrix-rageshake/tasks/install.yml_(IaC)_', 'matrix-docker-ansible-deploy/roles/custom/matrix-rageshake/tasks/main.yml_(IaC)_', 'matrix-docker-ansible-deploy/roles/custom/matrix-registration/tasks/main.yml_(IaC)_', 'matrix-docker-ansible-deploy/roles/custom/matrix-sliding-sync/tasks/install.yml_(IaC)_', 'matrix-docker-ansible-deploy/roles/custom/matrix-sliding-sync/tasks/main.yml_(IaC)_', 'matrix-docker-ansible-deploy/roles/custom/matrix-sygnal/tasks/main.yml_(IaC)_', 'matrix-docker-ansible-deploy/roles/custom/matrix-synapse-admin/tasks/main.yml_(IaC)_', 'matrix-docker-ansible-deploy/roles/custom/matrix-synapse-reverse-proxy-companion/tasks/main.yml_(IaC)_', 'matrix-docker-ansible-deploy/roles/custom/matrix-synapse/tasks/ext/setup_install.yml_(IaC)_', 'matrix-docker-ansible-deploy/roles/custom/matrix-synapse/tasks/ext/setup_uninstall.yml_(IaC)_', 'matrix-docker-ansible-deploy/roles/custom/matrix-synapse/tasks/main.yml_(IaC)_', 'matrix-docker-ansible-deploy/roles/custom/matrix-synapse/tasks/setup_install.yml_(IaC)_', 'matrix-docker-ansible-deploy/roles/custom/matrix-synapse/tasks/setup_uninstall.yml_(IaC)_', 'matrix-docker-ansible-deploy/roles/custom/matrix-synapse/tasks/synapse/setup_install.yml_(IaC)_', 'matrix-docker-ansible-deploy/roles/custom/matrix-user-creator/tasks/main.yml_(IaC)_', 'matrix-docker-ansible-deploy/roles/custom/matrix-user-verification-service/tasks/main.yml_(IaC)_', 'matrix-docker-ansible-deploy/roles/custom/matrix_playbook_migration/tasks/main.yml_(IaC)_']]","['9eaf6944e3c6d8ea8f1094dc515713053e190573', 'dddfee16bc852fc989b057bd1867f0e85825846d']","[0.1, 0.5]","[0.1111111111111111, 0.05154639175257732]","[0.10526315789473685, 0.09345794392523363]","[1, 1]","[0.5, 1.0]"
"[10, 10]","[[384, 599, 574, 357, 273, 285, 24, 425, 121, 365], [384, 599, 574, 357, 273, 285, 24, 425, 121, 365]]","[['matrix-docker-ansible-deploy/roles/custom/matrix-bridge-mautrix-instagram/tasks/main.yml_(IaC)_', 'matrix-docker-ansible-deploy/roles/custom/matrix-bridge-mautrix-signal/tasks/main.yml_(IaC)_', 'matrix-docker-ansible-deploy/roles/custom/matrix-synapse-admin/tasks/main.yml_(IaC)_', 'matrix-docker-ansible-deploy/roles/custom/matrix-bridge-mx-puppet-discord/tasks/main.yml_(IaC)_', 'matrix-docker-ansible-deploy/roles/custom/matrix-corporal/tasks/main.yml_(IaC)_', 'matrix-docker-ansible-deploy/roles/custom/matrix-bot-matrix-reminder-bot/tasks/main.yml_(IaC)_', 'matrix-docker-ansible-deploy/roles/custom/matrix-conduit/tasks/main.yml_(IaC)_', 'matrix-docker-ansible-deploy/roles/custom/matrix-bridge-hookshot/templates/config.yml.j2_(Other)_', 'matrix-docker-ansible-deploy/roles/custom/matrix-bridge-mautrix-slack/tasks/setup_install.yml_(IaC)_', 'matrix-docker-ansible-deploy/roles/custom/matrix-cactus-comments/tasks/main.yml_(IaC)_'], ['matrix-docker-ansible-deploy/roles/custom/matrix-bridge-mautrix-instagram/tasks/main.yml_(IaC)_', 'matrix-docker-ansible-deploy/roles/custom/matrix-bridge-mautrix-signal/tasks/main.yml_(IaC)_', 'matrix-docker-ansible-deploy/roles/custom/matrix-synapse-admin/tasks/main.yml_(IaC)_', 'matrix-docker-ansible-deploy/roles/custom/matrix-bridge-mx-puppet-discord/tasks/main.yml_(IaC)_', 'matrix-docker-ansible-deploy/roles/custom/matrix-corporal/tasks/main.yml_(IaC)_', 'matrix-docker-ansible-deploy/roles/custom/matrix-bot-matrix-reminder-bot/tasks/main.yml_(IaC)_', 'matrix-docker-ansible-deploy/roles/custom/matrix-conduit/tasks/main.yml_(IaC)_', 'matrix-docker-ansible-deploy/roles/custom/matrix-bridge-hookshot/templates/config.yml.j2_(Other)_', 'matrix-docker-ansible-deploy/roles/custom/matrix-bridge-mautrix-slack/tasks/setup_install.yml_(IaC)_', 'matrix-docker-ansible-deploy/roles/custom/matrix-cactus-comments/tasks/main.yml_(IaC)_']]","[['matrix-docker-ansible-deploy/roles/custom/matrix-bridge-mautrix-facebook/tasks/inject_into_nginx_proxy.yml_(IaC)_', 'matrix-docker-ansible-deploy/roles/custom/matrix-bridge-mautrix-instagram/tasks/inject_into_nginx_proxy.yml_(IaC)_', 'matrix-docker-ansible-deploy/roles/custom/matrix-bridge-mautrix-instagram/tasks/main.yml_(IaC)_', 'matrix-docker-ansible-deploy/roles/custom/matrix-bridge-mautrix-signal/tasks/inject_into_nginx_proxy.yml_(IaC)_', 'matrix-docker-ansible-deploy/roles/custom/matrix-bridge-mautrix-signal/tasks/main.yml_(IaC)_', 'matrix-docker-ansible-deploy/roles/custom/matrix-bridge-mautrix-twitter/tasks/inject_into_nginx_proxy.yml_(IaC)_', 'matrix-docker-ansible-deploy/roles/custom/matrix-bridge-mautrix-twitter/tasks/main.yml_(IaC)_', 'matrix-docker-ansible-deploy/roles/custom/matrix-bridge-mautrix-whatsapp/defaults/main.yml_(Other)_', 'matrix-docker-ansible-deploy/roles/custom/matrix-bridge-mautrix-whatsapp/tasks/inject_into_nginx_proxy.yml_(IaC)_'], ['matrix-docker-ansible-deploy/roles/custom/etherpad-proxy-connect/tasks/main.yml_(IaC)_', 'matrix-docker-ansible-deploy/roles/custom/etherpad-proxy-connect/tasks/validate_config.yml_(IaC)_', 'matrix-docker-ansible-deploy/roles/custom/matrix-aux/tasks/main.yml_(IaC)_', 'matrix-docker-ansible-deploy/roles/custom/matrix-base/tasks/main.yml_(IaC)_', 'matrix-docker-ansible-deploy/roles/custom/matrix-bot-buscarron/tasks/main.yml_(IaC)_', 'matrix-docker-ansible-deploy/roles/custom/matrix-bot-chatgpt/tasks/main.yml_(IaC)_', 'matrix-docker-ansible-deploy/roles/custom/matrix-bot-draupnir/tasks/main.yml_(IaC)_', 'matrix-docker-ansible-deploy/roles/custom/matrix-bot-go-neb/tasks/main.yml_(IaC)_', 'matrix-docker-ansible-deploy/roles/custom/matrix-bot-honoroit/tasks/main.yml_(IaC)_', 'matrix-docker-ansible-deploy/roles/custom/matrix-bot-matrix-registration-bot/tasks/main.yml_(IaC)_', 'matrix-docker-ansible-deploy/roles/custom/matrix-bot-matrix-reminder-bot/tasks/main.yml_(IaC)_', 'matrix-docker-ansible-deploy/roles/custom/matrix-bot-maubot/tasks/main.yml_(IaC)_', 'matrix-docker-ansible-deploy/roles/custom/matrix-bot-mjolnir/tasks/main.yml_(IaC)_', 'matrix-docker-ansible-deploy/roles/custom/matrix-bot-postmoogle/tasks/main.yml_(IaC)_', 'matrix-docker-ansible-deploy/roles/custom/matrix-bridge-appservice-discord/tasks/main.yml_(IaC)_', 'matrix-docker-ansible-deploy/roles/custom/matrix-bridge-appservice-discord/tasks/setup_install.yml_(IaC)_', 'matrix-docker-ansible-deploy/roles/custom/matrix-bridge-appservice-irc/tasks/main.yml_(IaC)_', 'matrix-docker-ansible-deploy/roles/custom/matrix-bridge-appservice-irc/tasks/setup_install.yml_(IaC)_', 'matrix-docker-ansible-deploy/roles/custom/matrix-bridge-appservice-kakaotalk/tasks/main.yml_(IaC)_', 'matrix-docker-ansible-deploy/roles/custom/matrix-bridge-appservice-slack/tasks/main.yml_(IaC)_', 'matrix-docker-ansible-deploy/roles/custom/matrix-bridge-appservice-webhooks/tasks/main.yml_(IaC)_', 'matrix-docker-ansible-deploy/roles/custom/matrix-bridge-beeper-linkedin/tasks/main.yml_(IaC)_', 'matrix-docker-ansible-deploy/roles/custom/matrix-bridge-go-skype-bridge/tasks/main.yml_(IaC)_', 'matrix-docker-ansible-deploy/roles/custom/matrix-bridge-go-skype-bridge/tasks/setup_install.yml_(IaC)_', 'matrix-docker-ansible-deploy/roles/custom/matrix-bridge-heisenbridge/tasks/main.yml_(IaC)_', 'matrix-docker-ansible-deploy/roles/custom/matrix-bridge-hookshot/defaults/main.yml_(Other)_', 'matrix-docker-ansible-deploy/roles/custom/matrix-bridge-hookshot/tasks/main.yml_(IaC)_', 'matrix-docker-ansible-deploy/roles/custom/matrix-bridge-hookshot/tasks/setup_install.yml_(IaC)_', 'matrix-docker-ansible-deploy/roles/custom/matrix-bridge-mautrix-discord/tasks/main.yml_(IaC)_', 'matrix-docker-ansible-deploy/roles/custom/matrix-bridge-mautrix-facebook/tasks/main.yml_(IaC)_', 'matrix-docker-ansible-deploy/roles/custom/matrix-bridge-mautrix-facebook/tasks/setup_install.yml_(IaC)_', 'matrix-docker-ansible-deploy/roles/custom/matrix-bridge-mautrix-googlechat/tasks/main.yml_(IaC)_', 'matrix-docker-ansible-deploy/roles/custom/matrix-bridge-mautrix-googlechat/tasks/setup_install.yml_(IaC)_', 'matrix-docker-ansible-deploy/roles/custom/matrix-bridge-mautrix-hangouts/tasks/main.yml_(IaC)_', 'matrix-docker-ansible-deploy/roles/custom/matrix-bridge-mautrix-hangouts/tasks/setup_install.yml_(IaC)_', 'matrix-docker-ansible-deploy/roles/custom/matrix-bridge-mautrix-instagram/tasks/main.yml_(IaC)_', 'matrix-docker-ansible-deploy/roles/custom/matrix-bridge-mautrix-signal/tasks/main.yml_(IaC)_', 'matrix-docker-ansible-deploy/roles/custom/matrix-bridge-mautrix-slack/tasks/main.yml_(IaC)_', 'matrix-docker-ansible-deploy/roles/custom/matrix-bridge-mautrix-telegram/tasks/main.yml_(IaC)_', 'matrix-docker-ansible-deploy/roles/custom/matrix-bridge-mautrix-telegram/tasks/setup_install.yml_(IaC)_', 'matrix-docker-ansible-deploy/roles/custom/matrix-bridge-mautrix-twitter/tasks/main.yml_(IaC)_', 'matrix-docker-ansible-deploy/roles/custom/matrix-bridge-mautrix-whatsapp/tasks/setup_install.yml_(IaC)_', 'matrix-docker-ansible-deploy/roles/custom/matrix-bridge-mx-puppet-discord/tasks/main.yml_(IaC)_', 'matrix-docker-ansible-deploy/roles/custom/matrix-bridge-mx-puppet-groupme/tasks/main.yml_(IaC)_', 'matrix-docker-ansible-deploy/roles/custom/matrix-bridge-mx-puppet-groupme/tasks/setup_install.yml_(IaC)_', 'matrix-docker-ansible-deploy/roles/custom/matrix-bridge-mx-puppet-instagram/tasks/main.yml_(IaC)_', 'matrix-docker-ansible-deploy/roles/custom/matrix-bridge-mx-puppet-slack/tasks/main.yml_(IaC)_', 'matrix-docker-ansible-deploy/roles/custom/matrix-bridge-mx-puppet-slack/tasks/setup_install.yml_(IaC)_', 'matrix-docker-ansible-deploy/roles/custom/matrix-bridge-mx-puppet-steam/tasks/main.yml_(IaC)_', 'matrix-docker-ansible-deploy/roles/custom/matrix-bridge-mx-puppet-steam/tasks/setup_install.yml_(IaC)_', 'matrix-docker-ansible-deploy/roles/custom/matrix-bridge-mx-puppet-twitter/tasks/main.yml_(IaC)_', 'matrix-docker-ansible-deploy/roles/custom/matrix-bridge-mx-puppet-twitter/tasks/setup_install.yml_(IaC)_', 'matrix-docker-ansible-deploy/roles/custom/matrix-bridge-sms/tasks/main.yml_(IaC)_', 'matrix-docker-ansible-deploy/roles/custom/matrix-cactus-comments/tasks/main.yml_(IaC)_', 'matrix-docker-ansible-deploy/roles/custom/matrix-client-cinny/tasks/main.yml_(IaC)_', 'matrix-docker-ansible-deploy/roles/custom/matrix-client-element/tasks/main.yml_(IaC)_', 'matrix-docker-ansible-deploy/roles/custom/matrix-client-element/tasks/setup_install.yml_(IaC)_', 'matrix-docker-ansible-deploy/roles/custom/matrix-client-hydrogen/tasks/main.yml_(IaC)_', 'matrix-docker-ansible-deploy/roles/custom/matrix-common-after/tasks/main.yml_(IaC)_', 'matrix-docker-ansible-deploy/roles/custom/matrix-conduit/tasks/main.yml_(IaC)_', 'matrix-docker-ansible-deploy/roles/custom/matrix-corporal/tasks/main.yml_(IaC)_', 'matrix-docker-ansible-deploy/roles/custom/matrix-coturn/tasks/main.yml_(IaC)_', 'matrix-docker-ansible-deploy/roles/custom/matrix-coturn/tasks/setup_install.yml_(IaC)_', 'matrix-docker-ansible-deploy/roles/custom/matrix-dendrite/tasks/main.yml_(IaC)_', 'matrix-docker-ansible-deploy/roles/custom/matrix-dendrite/tasks/setup_install.yml_(IaC)_', 'matrix-docker-ansible-deploy/roles/custom/matrix-dimension/tasks/main.yml_(IaC)_', 'matrix-docker-ansible-deploy/roles/custom/matrix-dynamic-dns/tasks/main.yml_(IaC)_', 'matrix-docker-ansible-deploy/roles/custom/matrix-email2matrix/tasks/main.yml_(IaC)_', 'matrix-docker-ansible-deploy/roles/custom/matrix-jitsi/tasks/main.yml_(IaC)_', 'matrix-docker-ansible-deploy/roles/custom/matrix-jitsi/tasks/util/setup_jitsi_auth_uvs_install.yml_(IaC)_', 'matrix-docker-ansible-deploy/roles/custom/matrix-ldap-registration-proxy/tasks/main.yml_(IaC)_', 'matrix-docker-ansible-deploy/roles/custom/matrix-ma1sd/tasks/main.yml_(IaC)_', 'matrix-docker-ansible-deploy/roles/custom/matrix-ma1sd/tasks/setup_install.yml_(IaC)_', 'matrix-docker-ansible-deploy/roles/custom/matrix-mailer/tasks/main.yml_(IaC)_', 'matrix-docker-ansible-deploy/roles/custom/matrix-nginx-proxy/tasks/main.yml_(IaC)_', 'matrix-docker-ansible-deploy/roles/custom/matrix-nginx-proxy/tasks/ssl/setup_ssl_lets_encrypt_obtain_for_domain.yml_(IaC)_', 'matrix-docker-ansible-deploy/roles/custom/matrix-nginx-proxy/tasks/ssl/setup_ssl_self_signed_obtain_for_domain.yml_(IaC)_', 'matrix-docker-ansible-deploy/roles/custom/matrix-prometheus-nginxlog-exporter/tasks/main.yml_(IaC)_', 'matrix-docker-ansible-deploy/roles/custom/matrix-prometheus-services-proxy-connect/tasks/main.yml_(IaC)_', 'matrix-docker-ansible-deploy/roles/custom/matrix-prometheus/tasks/main.yml_(IaC)_', 'matrix-docker-ansible-deploy/roles/custom/matrix-rageshake/tasks/install.yml_(IaC)_', 'matrix-docker-ansible-deploy/roles/custom/matrix-rageshake/tasks/main.yml_(IaC)_', 'matrix-docker-ansible-deploy/roles/custom/matrix-registration/tasks/main.yml_(IaC)_', 'matrix-docker-ansible-deploy/roles/custom/matrix-sliding-sync/tasks/install.yml_(IaC)_', 'matrix-docker-ansible-deploy/roles/custom/matrix-sliding-sync/tasks/main.yml_(IaC)_', 'matrix-docker-ansible-deploy/roles/custom/matrix-sygnal/tasks/main.yml_(IaC)_', 'matrix-docker-ansible-deploy/roles/custom/matrix-synapse-admin/tasks/main.yml_(IaC)_', 'matrix-docker-ansible-deploy/roles/custom/matrix-synapse-reverse-proxy-companion/tasks/main.yml_(IaC)_', 'matrix-docker-ansible-deploy/roles/custom/matrix-synapse/tasks/ext/setup_install.yml_(IaC)_', 'matrix-docker-ansible-deploy/roles/custom/matrix-synapse/tasks/ext/setup_uninstall.yml_(IaC)_', 'matrix-docker-ansible-deploy/roles/custom/matrix-synapse/tasks/main.yml_(IaC)_', 'matrix-docker-ansible-deploy/roles/custom/matrix-synapse/tasks/setup_install.yml_(IaC)_', 'matrix-docker-ansible-deploy/roles/custom/matrix-synapse/tasks/setup_uninstall.yml_(IaC)_', 'matrix-docker-ansible-deploy/roles/custom/matrix-synapse/tasks/synapse/setup_install.yml_(IaC)_', 'matrix-docker-ansible-deploy/roles/custom/matrix-user-creator/tasks/main.yml_(IaC)_', 'matrix-docker-ansible-deploy/roles/custom/matrix-user-verification-service/tasks/main.yml_(IaC)_', 'matrix-docker-ansible-deploy/roles/custom/matrix_playbook_migration/tasks/main.yml_(IaC)_']]","['9eaf6944e3c6d8ea8f1094dc515713053e190573', 'dddfee16bc852fc989b057bd1867f0e85825846d']","[0.2, 0.8]","[0.2222222222222222, 0.08247422680412371]","[0.2105263157894737, 0.14953271028037382]","[1, 1]","[1.0, 1.0]"
"[10, 10]","[[599, 542, 438, 93, 422, 375, 384, 552, 184, 266], [599, 542, 438, 93, 422, 375, 384, 552, 184, 266]]","[['matrix-docker-ansible-deploy/roles/custom/matrix-bridge-mautrix-signal/tasks/main.yml_(IaC)_', 'matrix-docker-ansible-deploy/roles/custom/matrix-base/tasks/main.yml_(IaC)_', 'matrix-docker-ansible-deploy/roles/custom/matrix-ldap-registration-proxy/tasks/main.yml_(IaC)_', 'matrix-docker-ansible-deploy/roles/custom/matrix-bridge-sms/tasks/main.yml_(IaC)_', 'matrix-docker-ansible-deploy/roles/custom/matrix-bridge-hookshot/tasks/main.yml_(IaC)_', 'matrix-docker-ansible-deploy/roles/custom/matrix-ma1sd/tasks/main.yml_(IaC)_', 'matrix-docker-ansible-deploy/roles/custom/matrix-bridge-mautrix-instagram/tasks/main.yml_(IaC)_', 'matrix-docker-ansible-deploy/roles/custom/matrix-dendrite/tasks/validate_config.yml_(IaC)_', 'matrix-docker-ansible-deploy/roles/custom/matrix-dimension/tasks/validate_config.yml_(IaC)_', 'matrix-docker-ansible-deploy/roles/custom/matrix-nginx-proxy/templates/nginx/conf.d/matrix-domain.conf.j2_(Other)_'], ['matrix-docker-ansible-deploy/roles/custom/matrix-bridge-mautrix-signal/tasks/main.yml_(IaC)_', 'matrix-docker-ansible-deploy/roles/custom/matrix-base/tasks/main.yml_(IaC)_', 'matrix-docker-ansible-deploy/roles/custom/matrix-ldap-registration-proxy/tasks/main.yml_(IaC)_', 'matrix-docker-ansible-deploy/roles/custom/matrix-bridge-sms/tasks/main.yml_(IaC)_', 'matrix-docker-ansible-deploy/roles/custom/matrix-bridge-hookshot/tasks/main.yml_(IaC)_', 'matrix-docker-ansible-deploy/roles/custom/matrix-ma1sd/tasks/main.yml_(IaC)_', 'matrix-docker-ansible-deploy/roles/custom/matrix-bridge-mautrix-instagram/tasks/main.yml_(IaC)_', 'matrix-docker-ansible-deploy/roles/custom/matrix-dendrite/tasks/validate_config.yml_(IaC)_', 'matrix-docker-ansible-deploy/roles/custom/matrix-dimension/tasks/validate_config.yml_(IaC)_', 'matrix-docker-ansible-deploy/roles/custom/matrix-nginx-proxy/templates/nginx/conf.d/matrix-domain.conf.j2_(Other)_']]","[['matrix-docker-ansible-deploy/roles/custom/matrix-bridge-mautrix-facebook/tasks/inject_into_nginx_proxy.yml_(IaC)_', 'matrix-docker-ansible-deploy/roles/custom/matrix-bridge-mautrix-instagram/tasks/inject_into_nginx_proxy.yml_(IaC)_', 'matrix-docker-ansible-deploy/roles/custom/matrix-bridge-mautrix-instagram/tasks/main.yml_(IaC)_', 'matrix-docker-ansible-deploy/roles/custom/matrix-bridge-mautrix-signal/tasks/inject_into_nginx_proxy.yml_(IaC)_', 'matrix-docker-ansible-deploy/roles/custom/matrix-bridge-mautrix-signal/tasks/main.yml_(IaC)_', 'matrix-docker-ansible-deploy/roles/custom/matrix-bridge-mautrix-twitter/tasks/inject_into_nginx_proxy.yml_(IaC)_', 'matrix-docker-ansible-deploy/roles/custom/matrix-bridge-mautrix-twitter/tasks/main.yml_(IaC)_', 'matrix-docker-ansible-deploy/roles/custom/matrix-bridge-mautrix-whatsapp/defaults/main.yml_(Other)_', 'matrix-docker-ansible-deploy/roles/custom/matrix-bridge-mautrix-whatsapp/tasks/inject_into_nginx_proxy.yml_(IaC)_'], ['matrix-docker-ansible-deploy/roles/custom/etherpad-proxy-connect/tasks/main.yml_(IaC)_', 'matrix-docker-ansible-deploy/roles/custom/etherpad-proxy-connect/tasks/validate_config.yml_(IaC)_', 'matrix-docker-ansible-deploy/roles/custom/matrix-aux/tasks/main.yml_(IaC)_', 'matrix-docker-ansible-deploy/roles/custom/matrix-base/tasks/main.yml_(IaC)_', 'matrix-docker-ansible-deploy/roles/custom/matrix-bot-buscarron/tasks/main.yml_(IaC)_', 'matrix-docker-ansible-deploy/roles/custom/matrix-bot-chatgpt/tasks/main.yml_(IaC)_', 'matrix-docker-ansible-deploy/roles/custom/matrix-bot-draupnir/tasks/main.yml_(IaC)_', 'matrix-docker-ansible-deploy/roles/custom/matrix-bot-go-neb/tasks/main.yml_(IaC)_', 'matrix-docker-ansible-deploy/roles/custom/matrix-bot-honoroit/tasks/main.yml_(IaC)_', 'matrix-docker-ansible-deploy/roles/custom/matrix-bot-matrix-registration-bot/tasks/main.yml_(IaC)_', 'matrix-docker-ansible-deploy/roles/custom/matrix-bot-matrix-reminder-bot/tasks/main.yml_(IaC)_', 'matrix-docker-ansible-deploy/roles/custom/matrix-bot-maubot/tasks/main.yml_(IaC)_', 'matrix-docker-ansible-deploy/roles/custom/matrix-bot-mjolnir/tasks/main.yml_(IaC)_', 'matrix-docker-ansible-deploy/roles/custom/matrix-bot-postmoogle/tasks/main.yml_(IaC)_', 'matrix-docker-ansible-deploy/roles/custom/matrix-bridge-appservice-discord/tasks/main.yml_(IaC)_', 'matrix-docker-ansible-deploy/roles/custom/matrix-bridge-appservice-discord/tasks/setup_install.yml_(IaC)_', 'matrix-docker-ansible-deploy/roles/custom/matrix-bridge-appservice-irc/tasks/main.yml_(IaC)_', 'matrix-docker-ansible-deploy/roles/custom/matrix-bridge-appservice-irc/tasks/setup_install.yml_(IaC)_', 'matrix-docker-ansible-deploy/roles/custom/matrix-bridge-appservice-kakaotalk/tasks/main.yml_(IaC)_', 'matrix-docker-ansible-deploy/roles/custom/matrix-bridge-appservice-slack/tasks/main.yml_(IaC)_', 'matrix-docker-ansible-deploy/roles/custom/matrix-bridge-appservice-webhooks/tasks/main.yml_(IaC)_', 'matrix-docker-ansible-deploy/roles/custom/matrix-bridge-beeper-linkedin/tasks/main.yml_(IaC)_', 'matrix-docker-ansible-deploy/roles/custom/matrix-bridge-go-skype-bridge/tasks/main.yml_(IaC)_', 'matrix-docker-ansible-deploy/roles/custom/matrix-bridge-go-skype-bridge/tasks/setup_install.yml_(IaC)_', 'matrix-docker-ansible-deploy/roles/custom/matrix-bridge-heisenbridge/tasks/main.yml_(IaC)_', 'matrix-docker-ansible-deploy/roles/custom/matrix-bridge-hookshot/defaults/main.yml_(Other)_', 'matrix-docker-ansible-deploy/roles/custom/matrix-bridge-hookshot/tasks/main.yml_(IaC)_', 'matrix-docker-ansible-deploy/roles/custom/matrix-bridge-hookshot/tasks/setup_install.yml_(IaC)_', 'matrix-docker-ansible-deploy/roles/custom/matrix-bridge-mautrix-discord/tasks/main.yml_(IaC)_', 'matrix-docker-ansible-deploy/roles/custom/matrix-bridge-mautrix-facebook/tasks/main.yml_(IaC)_', 'matrix-docker-ansible-deploy/roles/custom/matrix-bridge-mautrix-facebook/tasks/setup_install.yml_(IaC)_', 'matrix-docker-ansible-deploy/roles/custom/matrix-bridge-mautrix-googlechat/tasks/main.yml_(IaC)_', 'matrix-docker-ansible-deploy/roles/custom/matrix-bridge-mautrix-googlechat/tasks/setup_install.yml_(IaC)_', 'matrix-docker-ansible-deploy/roles/custom/matrix-bridge-mautrix-hangouts/tasks/main.yml_(IaC)_', 'matrix-docker-ansible-deploy/roles/custom/matrix-bridge-mautrix-hangouts/tasks/setup_install.yml_(IaC)_', 'matrix-docker-ansible-deploy/roles/custom/matrix-bridge-mautrix-instagram/tasks/main.yml_(IaC)_', 'matrix-docker-ansible-deploy/roles/custom/matrix-bridge-mautrix-signal/tasks/main.yml_(IaC)_', 'matrix-docker-ansible-deploy/roles/custom/matrix-bridge-mautrix-slack/tasks/main.yml_(IaC)_', 'matrix-docker-ansible-deploy/roles/custom/matrix-bridge-mautrix-telegram/tasks/main.yml_(IaC)_', 'matrix-docker-ansible-deploy/roles/custom/matrix-bridge-mautrix-telegram/tasks/setup_install.yml_(IaC)_', 'matrix-docker-ansible-deploy/roles/custom/matrix-bridge-mautrix-twitter/tasks/main.yml_(IaC)_', 'matrix-docker-ansible-deploy/roles/custom/matrix-bridge-mautrix-whatsapp/tasks/setup_install.yml_(IaC)_', 'matrix-docker-ansible-deploy/roles/custom/matrix-bridge-mx-puppet-discord/tasks/main.yml_(IaC)_', 'matrix-docker-ansible-deploy/roles/custom/matrix-bridge-mx-puppet-groupme/tasks/main.yml_(IaC)_', 'matrix-docker-ansible-deploy/roles/custom/matrix-bridge-mx-puppet-groupme/tasks/setup_install.yml_(IaC)_', 'matrix-docker-ansible-deploy/roles/custom/matrix-bridge-mx-puppet-instagram/tasks/main.yml_(IaC)_', 'matrix-docker-ansible-deploy/roles/custom/matrix-bridge-mx-puppet-slack/tasks/main.yml_(IaC)_', 'matrix-docker-ansible-deploy/roles/custom/matrix-bridge-mx-puppet-slack/tasks/setup_install.yml_(IaC)_', 'matrix-docker-ansible-deploy/roles/custom/matrix-bridge-mx-puppet-steam/tasks/main.yml_(IaC)_', 'matrix-docker-ansible-deploy/roles/custom/matrix-bridge-mx-puppet-steam/tasks/setup_install.yml_(IaC)_', 'matrix-docker-ansible-deploy/roles/custom/matrix-bridge-mx-puppet-twitter/tasks/main.yml_(IaC)_', 'matrix-docker-ansible-deploy/roles/custom/matrix-bridge-mx-puppet-twitter/tasks/setup_install.yml_(IaC)_', 'matrix-docker-ansible-deploy/roles/custom/matrix-bridge-sms/tasks/main.yml_(IaC)_', 'matrix-docker-ansible-deploy/roles/custom/matrix-cactus-comments/tasks/main.yml_(IaC)_', 'matrix-docker-ansible-deploy/roles/custom/matrix-client-cinny/tasks/main.yml_(IaC)_', 'matrix-docker-ansible-deploy/roles/custom/matrix-client-element/tasks/main.yml_(IaC)_', 'matrix-docker-ansible-deploy/roles/custom/matrix-client-element/tasks/setup_install.yml_(IaC)_', 'matrix-docker-ansible-deploy/roles/custom/matrix-client-hydrogen/tasks/main.yml_(IaC)_', 'matrix-docker-ansible-deploy/roles/custom/matrix-common-after/tasks/main.yml_(IaC)_', 'matrix-docker-ansible-deploy/roles/custom/matrix-conduit/tasks/main.yml_(IaC)_', 'matrix-docker-ansible-deploy/roles/custom/matrix-corporal/tasks/main.yml_(IaC)_', 'matrix-docker-ansible-deploy/roles/custom/matrix-coturn/tasks/main.yml_(IaC)_', 'matrix-docker-ansible-deploy/roles/custom/matrix-coturn/tasks/setup_install.yml_(IaC)_', 'matrix-docker-ansible-deploy/roles/custom/matrix-dendrite/tasks/main.yml_(IaC)_', 'matrix-docker-ansible-deploy/roles/custom/matrix-dendrite/tasks/setup_install.yml_(IaC)_', 'matrix-docker-ansible-deploy/roles/custom/matrix-dimension/tasks/main.yml_(IaC)_', 'matrix-docker-ansible-deploy/roles/custom/matrix-dynamic-dns/tasks/main.yml_(IaC)_', 'matrix-docker-ansible-deploy/roles/custom/matrix-email2matrix/tasks/main.yml_(IaC)_', 'matrix-docker-ansible-deploy/roles/custom/matrix-jitsi/tasks/main.yml_(IaC)_', 'matrix-docker-ansible-deploy/roles/custom/matrix-jitsi/tasks/util/setup_jitsi_auth_uvs_install.yml_(IaC)_', 'matrix-docker-ansible-deploy/roles/custom/matrix-ldap-registration-proxy/tasks/main.yml_(IaC)_', 'matrix-docker-ansible-deploy/roles/custom/matrix-ma1sd/tasks/main.yml_(IaC)_', 'matrix-docker-ansible-deploy/roles/custom/matrix-ma1sd/tasks/setup_install.yml_(IaC)_', 'matrix-docker-ansible-deploy/roles/custom/matrix-mailer/tasks/main.yml_(IaC)_', 'matrix-docker-ansible-deploy/roles/custom/matrix-nginx-proxy/tasks/main.yml_(IaC)_', 'matrix-docker-ansible-deploy/roles/custom/matrix-nginx-proxy/tasks/ssl/setup_ssl_lets_encrypt_obtain_for_domain.yml_(IaC)_', 'matrix-docker-ansible-deploy/roles/custom/matrix-nginx-proxy/tasks/ssl/setup_ssl_self_signed_obtain_for_domain.yml_(IaC)_', 'matrix-docker-ansible-deploy/roles/custom/matrix-prometheus-nginxlog-exporter/tasks/main.yml_(IaC)_', 'matrix-docker-ansible-deploy/roles/custom/matrix-prometheus-services-proxy-connect/tasks/main.yml_(IaC)_', 'matrix-docker-ansible-deploy/roles/custom/matrix-prometheus/tasks/main.yml_(IaC)_', 'matrix-docker-ansible-deploy/roles/custom/matrix-rageshake/tasks/install.yml_(IaC)_', 'matrix-docker-ansible-deploy/roles/custom/matrix-rageshake/tasks/main.yml_(IaC)_', 'matrix-docker-ansible-deploy/roles/custom/matrix-registration/tasks/main.yml_(IaC)_', 'matrix-docker-ansible-deploy/roles/custom/matrix-sliding-sync/tasks/install.yml_(IaC)_', 'matrix-docker-ansible-deploy/roles/custom/matrix-sliding-sync/tasks/main.yml_(IaC)_', 'matrix-docker-ansible-deploy/roles/custom/matrix-sygnal/tasks/main.yml_(IaC)_', 'matrix-docker-ansible-deploy/roles/custom/matrix-synapse-admin/tasks/main.yml_(IaC)_', 'matrix-docker-ansible-deploy/roles/custom/matrix-synapse-reverse-proxy-companion/tasks/main.yml_(IaC)_', 'matrix-docker-ansible-deploy/roles/custom/matrix-synapse/tasks/ext/setup_install.yml_(IaC)_', 'matrix-docker-ansible-deploy/roles/custom/matrix-synapse/tasks/ext/setup_uninstall.yml_(IaC)_', 'matrix-docker-ansible-deploy/roles/custom/matrix-synapse/tasks/main.yml_(IaC)_', 'matrix-docker-ansible-deploy/roles/custom/matrix-synapse/tasks/setup_install.yml_(IaC)_', 'matrix-docker-ansible-deploy/roles/custom/matrix-synapse/tasks/setup_uninstall.yml_(IaC)_', 'matrix-docker-ansible-deploy/roles/custom/matrix-synapse/tasks/synapse/setup_install.yml_(IaC)_', 'matrix-docker-ansible-deploy/roles/custom/matrix-user-creator/tasks/main.yml_(IaC)_', 'matrix-docker-ansible-deploy/roles/custom/matrix-user-verification-service/tasks/main.yml_(IaC)_', 'matrix-docker-ansible-deploy/roles/custom/matrix_playbook_migration/tasks/main.yml_(IaC)_']]","['9eaf6944e3c6d8ea8f1094dc515713053e190573', 'dddfee16bc852fc989b057bd1867f0e85825846d']","[0.2, 0.7]","[0.2222222222222222, 0.07216494845360824]","[0.2105263157894737, 0.1308411214953271]","[1, 1]","[1.0, 1.0]"
"[10, 10]","[[333, 204, 445, 285, 582, 93, 99, 231, 13, 67, 122], [333, 204, 445, 285, 582, 93, 99, 231, 13, 67, 122]]","[['matrix-docker-ansible-deploy/roles/custom/matrix-bridge-mx-puppet-twitter/tasks/main.yml_(IaC)_', 'matrix-docker-ansible-deploy/roles/custom/matrix-client-hydrogen/tasks/main.yml_(IaC)_', 'matrix-docker-ansible-deploy/roles/custom/matrix-bridge-go-skype-bridge/tasks/main.yml_(IaC)_', 'matrix-docker-ansible-deploy/roles/custom/matrix-bot-matrix-reminder-bot/tasks/main.yml_(IaC)_', 'matrix-docker-ansible-deploy/roles/custom/matrix-bridge-mautrix-hangouts/tasks/main.yml_(IaC)_', 'matrix-docker-ansible-deploy/roles/custom/matrix-bridge-sms/tasks/main.yml_(IaC)_', 'matrix-docker-ansible-deploy/roles/custom/matrix-bot-go-neb/tasks/main.yml_(IaC)_', 'matrix-docker-ansible-deploy/roles/custom/matrix-nginx-proxy/tasks/main.yml_(IaC)_', 'matrix-docker-ansible-deploy/roles/custom/matrix-client-element/tasks/main.yml_(IaC)_', 'matrix-docker-ansible-deploy/roles/custom/matrix-bridge-appservice-kakaotalk/tasks/main.yml_(IaC)_', 'matrix-docker-ansible-deploy/roles/custom/matrix-bridge-mautrix-slack/tasks/main.yml_(IaC)_'], ['matrix-docker-ansible-deploy/roles/custom/matrix-bridge-mx-puppet-twitter/tasks/main.yml_(IaC)_', 'matrix-docker-ansible-deploy/roles/custom/matrix-client-hydrogen/tasks/main.yml_(IaC)_', 'matrix-docker-ansible-deploy/roles/custom/matrix-bridge-go-skype-bridge/tasks/main.yml_(IaC)_', 'matrix-docker-ansible-deploy/roles/custom/matrix-bot-matrix-reminder-bot/tasks/main.yml_(IaC)_', 'matrix-docker-ansible-deploy/roles/custom/matrix-bridge-mautrix-hangouts/tasks/main.yml_(IaC)_', 'matrix-docker-ansible-deploy/roles/custom/matrix-bridge-sms/tasks/main.yml_(IaC)_', 'matrix-docker-ansible-deploy/roles/custom/matrix-bot-go-neb/tasks/main.yml_(IaC)_', 'matrix-docker-ansible-deploy/roles/custom/matrix-nginx-proxy/tasks/main.yml_(IaC)_', 'matrix-docker-ansible-deploy/roles/custom/matrix-client-element/tasks/main.yml_(IaC)_', 'matrix-docker-ansible-deploy/roles/custom/matrix-bridge-appservice-kakaotalk/tasks/main.yml_(IaC)_', 'matrix-docker-ansible-deploy/roles/custom/matrix-bridge-mautrix-slack/tasks/main.yml_(IaC)_']]","[['matrix-docker-ansible-deploy/roles/custom/matrix-bridge-mautrix-facebook/tasks/inject_into_nginx_proxy.yml_(IaC)_', 'matrix-docker-ansible-deploy/roles/custom/matrix-bridge-mautrix-instagram/tasks/inject_into_nginx_proxy.yml_(IaC)_', 'matrix-docker-ansible-deploy/roles/custom/matrix-bridge-mautrix-instagram/tasks/main.yml_(IaC)_', 'matrix-docker-ansible-deploy/roles/custom/matrix-bridge-mautrix-signal/tasks/inject_into_nginx_proxy.yml_(IaC)_', 'matrix-docker-ansible-deploy/roles/custom/matrix-bridge-mautrix-signal/tasks/main.yml_(IaC)_', 'matrix-docker-ansible-deploy/roles/custom/matrix-bridge-mautrix-twitter/tasks/inject_into_nginx_proxy.yml_(IaC)_', 'matrix-docker-ansible-deploy/roles/custom/matrix-bridge-mautrix-twitter/tasks/main.yml_(IaC)_', 'matrix-docker-ansible-deploy/roles/custom/matrix-bridge-mautrix-whatsapp/defaults/main.yml_(Other)_', 'matrix-docker-ansible-deploy/roles/custom/matrix-bridge-mautrix-whatsapp/tasks/inject_into_nginx_proxy.yml_(IaC)_'], ['matrix-docker-ansible-deploy/roles/custom/etherpad-proxy-connect/tasks/main.yml_(IaC)_', 'matrix-docker-ansible-deploy/roles/custom/etherpad-proxy-connect/tasks/validate_config.yml_(IaC)_', 'matrix-docker-ansible-deploy/roles/custom/matrix-aux/tasks/main.yml_(IaC)_', 'matrix-docker-ansible-deploy/roles/custom/matrix-base/tasks/main.yml_(IaC)_', 'matrix-docker-ansible-deploy/roles/custom/matrix-bot-buscarron/tasks/main.yml_(IaC)_', 'matrix-docker-ansible-deploy/roles/custom/matrix-bot-chatgpt/tasks/main.yml_(IaC)_', 'matrix-docker-ansible-deploy/roles/custom/matrix-bot-draupnir/tasks/main.yml_(IaC)_', 'matrix-docker-ansible-deploy/roles/custom/matrix-bot-go-neb/tasks/main.yml_(IaC)_', 'matrix-docker-ansible-deploy/roles/custom/matrix-bot-honoroit/tasks/main.yml_(IaC)_', 'matrix-docker-ansible-deploy/roles/custom/matrix-bot-matrix-registration-bot/tasks/main.yml_(IaC)_', 'matrix-docker-ansible-deploy/roles/custom/matrix-bot-matrix-reminder-bot/tasks/main.yml_(IaC)_', 'matrix-docker-ansible-deploy/roles/custom/matrix-bot-maubot/tasks/main.yml_(IaC)_', 'matrix-docker-ansible-deploy/roles/custom/matrix-bot-mjolnir/tasks/main.yml_(IaC)_', 'matrix-docker-ansible-deploy/roles/custom/matrix-bot-postmoogle/tasks/main.yml_(IaC)_', 'matrix-docker-ansible-deploy/roles/custom/matrix-bridge-appservice-discord/tasks/main.yml_(IaC)_', 'matrix-docker-ansible-deploy/roles/custom/matrix-bridge-appservice-discord/tasks/setup_install.yml_(IaC)_', 'matrix-docker-ansible-deploy/roles/custom/matrix-bridge-appservice-irc/tasks/main.yml_(IaC)_', 'matrix-docker-ansible-deploy/roles/custom/matrix-bridge-appservice-irc/tasks/setup_install.yml_(IaC)_', 'matrix-docker-ansible-deploy/roles/custom/matrix-bridge-appservice-kakaotalk/tasks/main.yml_(IaC)_', 'matrix-docker-ansible-deploy/roles/custom/matrix-bridge-appservice-slack/tasks/main.yml_(IaC)_', 'matrix-docker-ansible-deploy/roles/custom/matrix-bridge-appservice-webhooks/tasks/main.yml_(IaC)_', 'matrix-docker-ansible-deploy/roles/custom/matrix-bridge-beeper-linkedin/tasks/main.yml_(IaC)_', 'matrix-docker-ansible-deploy/roles/custom/matrix-bridge-go-skype-bridge/tasks/main.yml_(IaC)_', 'matrix-docker-ansible-deploy/roles/custom/matrix-bridge-go-skype-bridge/tasks/setup_install.yml_(IaC)_', 'matrix-docker-ansible-deploy/roles/custom/matrix-bridge-heisenbridge/tasks/main.yml_(IaC)_', 'matrix-docker-ansible-deploy/roles/custom/matrix-bridge-hookshot/defaults/main.yml_(Other)_', 'matrix-docker-ansible-deploy/roles/custom/matrix-bridge-hookshot/tasks/main.yml_(IaC)_', 'matrix-docker-ansible-deploy/roles/custom/matrix-bridge-hookshot/tasks/setup_install.yml_(IaC)_', 'matrix-docker-ansible-deploy/roles/custom/matrix-bridge-mautrix-discord/tasks/main.yml_(IaC)_', 'matrix-docker-ansible-deploy/roles/custom/matrix-bridge-mautrix-facebook/tasks/main.yml_(IaC)_', 'matrix-docker-ansible-deploy/roles/custom/matrix-bridge-mautrix-facebook/tasks/setup_install.yml_(IaC)_', 'matrix-docker-ansible-deploy/roles/custom/matrix-bridge-mautrix-googlechat/tasks/main.yml_(IaC)_', 'matrix-docker-ansible-deploy/roles/custom/matrix-bridge-mautrix-googlechat/tasks/setup_install.yml_(IaC)_', 'matrix-docker-ansible-deploy/roles/custom/matrix-bridge-mautrix-hangouts/tasks/main.yml_(IaC)_', 'matrix-docker-ansible-deploy/roles/custom/matrix-bridge-mautrix-hangouts/tasks/setup_install.yml_(IaC)_', 'matrix-docker-ansible-deploy/roles/custom/matrix-bridge-mautrix-instagram/tasks/main.yml_(IaC)_', 'matrix-docker-ansible-deploy/roles/custom/matrix-bridge-mautrix-signal/tasks/main.yml_(IaC)_', 'matrix-docker-ansible-deploy/roles/custom/matrix-bridge-mautrix-slack/tasks/main.yml_(IaC)_', 'matrix-docker-ansible-deploy/roles/custom/matrix-bridge-mautrix-telegram/tasks/main.yml_(IaC)_', 'matrix-docker-ansible-deploy/roles/custom/matrix-bridge-mautrix-telegram/tasks/setup_install.yml_(IaC)_', 'matrix-docker-ansible-deploy/roles/custom/matrix-bridge-mautrix-twitter/tasks/main.yml_(IaC)_', 'matrix-docker-ansible-deploy/roles/custom/matrix-bridge-mautrix-whatsapp/tasks/setup_install.yml_(IaC)_', 'matrix-docker-ansible-deploy/roles/custom/matrix-bridge-mx-puppet-discord/tasks/main.yml_(IaC)_', 'matrix-docker-ansible-deploy/roles/custom/matrix-bridge-mx-puppet-groupme/tasks/main.yml_(IaC)_', 'matrix-docker-ansible-deploy/roles/custom/matrix-bridge-mx-puppet-groupme/tasks/setup_install.yml_(IaC)_', 'matrix-docker-ansible-deploy/roles/custom/matrix-bridge-mx-puppet-instagram/tasks/main.yml_(IaC)_', 'matrix-docker-ansible-deploy/roles/custom/matrix-bridge-mx-puppet-slack/tasks/main.yml_(IaC)_', 'matrix-docker-ansible-deploy/roles/custom/matrix-bridge-mx-puppet-slack/tasks/setup_install.yml_(IaC)_', 'matrix-docker-ansible-deploy/roles/custom/matrix-bridge-mx-puppet-steam/tasks/main.yml_(IaC)_', 'matrix-docker-ansible-deploy/roles/custom/matrix-bridge-mx-puppet-steam/tasks/setup_install.yml_(IaC)_', 'matrix-docker-ansible-deploy/roles/custom/matrix-bridge-mx-puppet-twitter/tasks/main.yml_(IaC)_', 'matrix-docker-ansible-deploy/roles/custom/matrix-bridge-mx-puppet-twitter/tasks/setup_install.yml_(IaC)_', 'matrix-docker-ansible-deploy/roles/custom/matrix-bridge-sms/tasks/main.yml_(IaC)_', 'matrix-docker-ansible-deploy/roles/custom/matrix-cactus-comments/tasks/main.yml_(IaC)_', 'matrix-docker-ansible-deploy/roles/custom/matrix-client-cinny/tasks/main.yml_(IaC)_', 'matrix-docker-ansible-deploy/roles/custom/matrix-client-element/tasks/main.yml_(IaC)_', 'matrix-docker-ansible-deploy/roles/custom/matrix-client-element/tasks/setup_install.yml_(IaC)_', 'matrix-docker-ansible-deploy/roles/custom/matrix-client-hydrogen/tasks/main.yml_(IaC)_', 'matrix-docker-ansible-deploy/roles/custom/matrix-common-after/tasks/main.yml_(IaC)_', 'matrix-docker-ansible-deploy/roles/custom/matrix-conduit/tasks/main.yml_(IaC)_', 'matrix-docker-ansible-deploy/roles/custom/matrix-corporal/tasks/main.yml_(IaC)_', 'matrix-docker-ansible-deploy/roles/custom/matrix-coturn/tasks/main.yml_(IaC)_', 'matrix-docker-ansible-deploy/roles/custom/matrix-coturn/tasks/setup_install.yml_(IaC)_', 'matrix-docker-ansible-deploy/roles/custom/matrix-dendrite/tasks/main.yml_(IaC)_', 'matrix-docker-ansible-deploy/roles/custom/matrix-dendrite/tasks/setup_install.yml_(IaC)_', 'matrix-docker-ansible-deploy/roles/custom/matrix-dimension/tasks/main.yml_(IaC)_', 'matrix-docker-ansible-deploy/roles/custom/matrix-dynamic-dns/tasks/main.yml_(IaC)_', 'matrix-docker-ansible-deploy/roles/custom/matrix-email2matrix/tasks/main.yml_(IaC)_', 'matrix-docker-ansible-deploy/roles/custom/matrix-jitsi/tasks/main.yml_(IaC)_', 'matrix-docker-ansible-deploy/roles/custom/matrix-jitsi/tasks/util/setup_jitsi_auth_uvs_install.yml_(IaC)_', 'matrix-docker-ansible-deploy/roles/custom/matrix-ldap-registration-proxy/tasks/main.yml_(IaC)_', 'matrix-docker-ansible-deploy/roles/custom/matrix-ma1sd/tasks/main.yml_(IaC)_', 'matrix-docker-ansible-deploy/roles/custom/matrix-ma1sd/tasks/setup_install.yml_(IaC)_', 'matrix-docker-ansible-deploy/roles/custom/matrix-mailer/tasks/main.yml_(IaC)_', 'matrix-docker-ansible-deploy/roles/custom/matrix-nginx-proxy/tasks/main.yml_(IaC)_', 'matrix-docker-ansible-deploy/roles/custom/matrix-nginx-proxy/tasks/ssl/setup_ssl_lets_encrypt_obtain_for_domain.yml_(IaC)_', 'matrix-docker-ansible-deploy/roles/custom/matrix-nginx-proxy/tasks/ssl/setup_ssl_self_signed_obtain_for_domain.yml_(IaC)_', 'matrix-docker-ansible-deploy/roles/custom/matrix-prometheus-nginxlog-exporter/tasks/main.yml_(IaC)_', 'matrix-docker-ansible-deploy/roles/custom/matrix-prometheus-services-proxy-connect/tasks/main.yml_(IaC)_', 'matrix-docker-ansible-deploy/roles/custom/matrix-prometheus/tasks/main.yml_(IaC)_', 'matrix-docker-ansible-deploy/roles/custom/matrix-rageshake/tasks/install.yml_(IaC)_', 'matrix-docker-ansible-deploy/roles/custom/matrix-rageshake/tasks/main.yml_(IaC)_', 'matrix-docker-ansible-deploy/roles/custom/matrix-registration/tasks/main.yml_(IaC)_', 'matrix-docker-ansible-deploy/roles/custom/matrix-sliding-sync/tasks/install.yml_(IaC)_', 'matrix-docker-ansible-deploy/roles/custom/matrix-sliding-sync/tasks/main.yml_(IaC)_', 'matrix-docker-ansible-deploy/roles/custom/matrix-sygnal/tasks/main.yml_(IaC)_', 'matrix-docker-ansible-deploy/roles/custom/matrix-synapse-admin/tasks/main.yml_(IaC)_', 'matrix-docker-ansible-deploy/roles/custom/matrix-synapse-reverse-proxy-companion/tasks/main.yml_(IaC)_', 'matrix-docker-ansible-deploy/roles/custom/matrix-synapse/tasks/ext/setup_install.yml_(IaC)_', 'matrix-docker-ansible-deploy/roles/custom/matrix-synapse/tasks/ext/setup_uninstall.yml_(IaC)_', 'matrix-docker-ansible-deploy/roles/custom/matrix-synapse/tasks/main.yml_(IaC)_', 'matrix-docker-ansible-deploy/roles/custom/matrix-synapse/tasks/setup_install.yml_(IaC)_', 'matrix-docker-ansible-deploy/roles/custom/matrix-synapse/tasks/setup_uninstall.yml_(IaC)_', 'matrix-docker-ansible-deploy/roles/custom/matrix-synapse/tasks/synapse/setup_install.yml_(IaC)_', 'matrix-docker-ansible-deploy/roles/custom/matrix-user-creator/tasks/main.yml_(IaC)_', 'matrix-docker-ansible-deploy/roles/custom/matrix-user-verification-service/tasks/main.yml_(IaC)_', 'matrix-docker-ansible-deploy/roles/custom/matrix_playbook_migration/tasks/main.yml_(IaC)_']]","['9eaf6944e3c6d8ea8f1094dc515713053e190573', 'dddfee16bc852fc989b057bd1867f0e85825846d']","[0.0, 1.0]","[0.0, 0.10309278350515463]","[0, 0.18691588785046725]","[0, 1]","[0, 1.0]"
"[10, 10]","[[599, 357, 196, 527, 364, 390, 34, 266, 616, 109, 257], [599, 357, 196, 527, 364, 390, 34, 266, 616, 109, 257]]","[['matrix-docker-ansible-deploy/roles/custom/matrix-bridge-mautrix-signal/tasks/main.yml_(IaC)_', 'matrix-docker-ansible-deploy/roles/custom/matrix-bridge-mx-puppet-discord/tasks/main.yml_(IaC)_', 'matrix-docker-ansible-deploy/roles/custom/matrix-bridge-mautrix-telegram/tasks/main.yml_(IaC)_', 'matrix-docker-ansible-deploy/roles/custom/matrix-bridge-appservice-webhooks/tasks/main.yml_(IaC)_', 'matrix-docker-ansible-deploy/roles/custom/matrix-cactus-comments/tasks/setup_install.yml_(IaC)_', 'matrix-docker-ansible-deploy/roles/custom/matrix-mailer/tasks/main.yml_(IaC)_', 'matrix-docker-ansible-deploy/roles/custom/matrix-bot-buscarron/templates/env.j2_(Other)_', 'matrix-docker-ansible-deploy/roles/custom/matrix-nginx-proxy/templates/nginx/conf.d/matrix-domain.conf.j2_(Other)_', 'matrix-docker-ansible-deploy/roles/custom/matrix-coturn/tasks/setup_install.yml_(IaC)_', 'matrix-docker-ansible-deploy/roles/custom/matrix-bridge-mx-puppet-steam/defaults/main.yml_(Other)_', 'matrix-docker-ansible-deploy/roles/custom/matrix-nginx-proxy/templates/nginx/conf.d/matrix-client-cinny.conf.j2_(Other)_'], ['matrix-docker-ansible-deploy/roles/custom/matrix-bridge-mautrix-signal/tasks/main.yml_(IaC)_', 'matrix-docker-ansible-deploy/roles/custom/matrix-bridge-mx-puppet-discord/tasks/main.yml_(IaC)_', 'matrix-docker-ansible-deploy/roles/custom/matrix-bridge-mautrix-telegram/tasks/main.yml_(IaC)_', 'matrix-docker-ansible-deploy/roles/custom/matrix-bridge-appservice-webhooks/tasks/main.yml_(IaC)_', 'matrix-docker-ansible-deploy/roles/custom/matrix-cactus-comments/tasks/setup_install.yml_(IaC)_', 'matrix-docker-ansible-deploy/roles/custom/matrix-mailer/tasks/main.yml_(IaC)_', 'matrix-docker-ansible-deploy/roles/custom/matrix-bot-buscarron/templates/env.j2_(Other)_', 'matrix-docker-ansible-deploy/roles/custom/matrix-nginx-proxy/templates/nginx/conf.d/matrix-domain.conf.j2_(Other)_', 'matrix-docker-ansible-deploy/roles/custom/matrix-coturn/tasks/setup_install.yml_(IaC)_', 'matrix-docker-ansible-deploy/roles/custom/matrix-bridge-mx-puppet-steam/defaults/main.yml_(Other)_', 'matrix-docker-ansible-deploy/roles/custom/matrix-nginx-proxy/templates/nginx/conf.d/matrix-client-cinny.conf.j2_(Other)_']]","[['matrix-docker-ansible-deploy/roles/custom/matrix-bridge-mautrix-facebook/tasks/inject_into_nginx_proxy.yml_(IaC)_', 'matrix-docker-ansible-deploy/roles/custom/matrix-bridge-mautrix-instagram/tasks/inject_into_nginx_proxy.yml_(IaC)_', 'matrix-docker-ansible-deploy/roles/custom/matrix-bridge-mautrix-instagram/tasks/main.yml_(IaC)_', 'matrix-docker-ansible-deploy/roles/custom/matrix-bridge-mautrix-signal/tasks/inject_into_nginx_proxy.yml_(IaC)_', 'matrix-docker-ansible-deploy/roles/custom/matrix-bridge-mautrix-signal/tasks/main.yml_(IaC)_', 'matrix-docker-ansible-deploy/roles/custom/matrix-bridge-mautrix-twitter/tasks/inject_into_nginx_proxy.yml_(IaC)_', 'matrix-docker-ansible-deploy/roles/custom/matrix-bridge-mautrix-twitter/tasks/main.yml_(IaC)_', 'matrix-docker-ansible-deploy/roles/custom/matrix-bridge-mautrix-whatsapp/defaults/main.yml_(Other)_', 'matrix-docker-ansible-deploy/roles/custom/matrix-bridge-mautrix-whatsapp/tasks/inject_into_nginx_proxy.yml_(IaC)_'], ['matrix-docker-ansible-deploy/roles/custom/etherpad-proxy-connect/tasks/main.yml_(IaC)_', 'matrix-docker-ansible-deploy/roles/custom/etherpad-proxy-connect/tasks/validate_config.yml_(IaC)_', 'matrix-docker-ansible-deploy/roles/custom/matrix-aux/tasks/main.yml_(IaC)_', 'matrix-docker-ansible-deploy/roles/custom/matrix-base/tasks/main.yml_(IaC)_', 'matrix-docker-ansible-deploy/roles/custom/matrix-bot-buscarron/tasks/main.yml_(IaC)_', 'matrix-docker-ansible-deploy/roles/custom/matrix-bot-chatgpt/tasks/main.yml_(IaC)_', 'matrix-docker-ansible-deploy/roles/custom/matrix-bot-draupnir/tasks/main.yml_(IaC)_', 'matrix-docker-ansible-deploy/roles/custom/matrix-bot-go-neb/tasks/main.yml_(IaC)_', 'matrix-docker-ansible-deploy/roles/custom/matrix-bot-honoroit/tasks/main.yml_(IaC)_', 'matrix-docker-ansible-deploy/roles/custom/matrix-bot-matrix-registration-bot/tasks/main.yml_(IaC)_', 'matrix-docker-ansible-deploy/roles/custom/matrix-bot-matrix-reminder-bot/tasks/main.yml_(IaC)_', 'matrix-docker-ansible-deploy/roles/custom/matrix-bot-maubot/tasks/main.yml_(IaC)_', 'matrix-docker-ansible-deploy/roles/custom/matrix-bot-mjolnir/tasks/main.yml_(IaC)_', 'matrix-docker-ansible-deploy/roles/custom/matrix-bot-postmoogle/tasks/main.yml_(IaC)_', 'matrix-docker-ansible-deploy/roles/custom/matrix-bridge-appservice-discord/tasks/main.yml_(IaC)_', 'matrix-docker-ansible-deploy/roles/custom/matrix-bridge-appservice-discord/tasks/setup_install.yml_(IaC)_', 'matrix-docker-ansible-deploy/roles/custom/matrix-bridge-appservice-irc/tasks/main.yml_(IaC)_', 'matrix-docker-ansible-deploy/roles/custom/matrix-bridge-appservice-irc/tasks/setup_install.yml_(IaC)_', 'matrix-docker-ansible-deploy/roles/custom/matrix-bridge-appservice-kakaotalk/tasks/main.yml_(IaC)_', 'matrix-docker-ansible-deploy/roles/custom/matrix-bridge-appservice-slack/tasks/main.yml_(IaC)_', 'matrix-docker-ansible-deploy/roles/custom/matrix-bridge-appservice-webhooks/tasks/main.yml_(IaC)_', 'matrix-docker-ansible-deploy/roles/custom/matrix-bridge-beeper-linkedin/tasks/main.yml_(IaC)_', 'matrix-docker-ansible-deploy/roles/custom/matrix-bridge-go-skype-bridge/tasks/main.yml_(IaC)_', 'matrix-docker-ansible-deploy/roles/custom/matrix-bridge-go-skype-bridge/tasks/setup_install.yml_(IaC)_', 'matrix-docker-ansible-deploy/roles/custom/matrix-bridge-heisenbridge/tasks/main.yml_(IaC)_', 'matrix-docker-ansible-deploy/roles/custom/matrix-bridge-hookshot/defaults/main.yml_(Other)_', 'matrix-docker-ansible-deploy/roles/custom/matrix-bridge-hookshot/tasks/main.yml_(IaC)_', 'matrix-docker-ansible-deploy/roles/custom/matrix-bridge-hookshot/tasks/setup_install.yml_(IaC)_', 'matrix-docker-ansible-deploy/roles/custom/matrix-bridge-mautrix-discord/tasks/main.yml_(IaC)_', 'matrix-docker-ansible-deploy/roles/custom/matrix-bridge-mautrix-facebook/tasks/main.yml_(IaC)_', 'matrix-docker-ansible-deploy/roles/custom/matrix-bridge-mautrix-facebook/tasks/setup_install.yml_(IaC)_', 'matrix-docker-ansible-deploy/roles/custom/matrix-bridge-mautrix-googlechat/tasks/main.yml_(IaC)_', 'matrix-docker-ansible-deploy/roles/custom/matrix-bridge-mautrix-googlechat/tasks/setup_install.yml_(IaC)_', 'matrix-docker-ansible-deploy/roles/custom/matrix-bridge-mautrix-hangouts/tasks/main.yml_(IaC)_', 'matrix-docker-ansible-deploy/roles/custom/matrix-bridge-mautrix-hangouts/tasks/setup_install.yml_(IaC)_', 'matrix-docker-ansible-deploy/roles/custom/matrix-bridge-mautrix-instagram/tasks/main.yml_(IaC)_', 'matrix-docker-ansible-deploy/roles/custom/matrix-bridge-mautrix-signal/tasks/main.yml_(IaC)_', 'matrix-docker-ansible-deploy/roles/custom/matrix-bridge-mautrix-slack/tasks/main.yml_(IaC)_', 'matrix-docker-ansible-deploy/roles/custom/matrix-bridge-mautrix-telegram/tasks/main.yml_(IaC)_', 'matrix-docker-ansible-deploy/roles/custom/matrix-bridge-mautrix-telegram/tasks/setup_install.yml_(IaC)_', 'matrix-docker-ansible-deploy/roles/custom/matrix-bridge-mautrix-twitter/tasks/main.yml_(IaC)_', 'matrix-docker-ansible-deploy/roles/custom/matrix-bridge-mautrix-whatsapp/tasks/setup_install.yml_(IaC)_', 'matrix-docker-ansible-deploy/roles/custom/matrix-bridge-mx-puppet-discord/tasks/main.yml_(IaC)_', 'matrix-docker-ansible-deploy/roles/custom/matrix-bridge-mx-puppet-groupme/tasks/main.yml_(IaC)_', 'matrix-docker-ansible-deploy/roles/custom/matrix-bridge-mx-puppet-groupme/tasks/setup_install.yml_(IaC)_', 'matrix-docker-ansible-deploy/roles/custom/matrix-bridge-mx-puppet-instagram/tasks/main.yml_(IaC)_', 'matrix-docker-ansible-deploy/roles/custom/matrix-bridge-mx-puppet-slack/tasks/main.yml_(IaC)_', 'matrix-docker-ansible-deploy/roles/custom/matrix-bridge-mx-puppet-slack/tasks/setup_install.yml_(IaC)_', 'matrix-docker-ansible-deploy/roles/custom/matrix-bridge-mx-puppet-steam/tasks/main.yml_(IaC)_', 'matrix-docker-ansible-deploy/roles/custom/matrix-bridge-mx-puppet-steam/tasks/setup_install.yml_(IaC)_', 'matrix-docker-ansible-deploy/roles/custom/matrix-bridge-mx-puppet-twitter/tasks/main.yml_(IaC)_', 'matrix-docker-ansible-deploy/roles/custom/matrix-bridge-mx-puppet-twitter/tasks/setup_install.yml_(IaC)_', 'matrix-docker-ansible-deploy/roles/custom/matrix-bridge-sms/tasks/main.yml_(IaC)_', 'matrix-docker-ansible-deploy/roles/custom/matrix-cactus-comments/tasks/main.yml_(IaC)_', 'matrix-docker-ansible-deploy/roles/custom/matrix-client-cinny/tasks/main.yml_(IaC)_', 'matrix-docker-ansible-deploy/roles/custom/matrix-client-element/tasks/main.yml_(IaC)_', 'matrix-docker-ansible-deploy/roles/custom/matrix-client-element/tasks/setup_install.yml_(IaC)_', 'matrix-docker-ansible-deploy/roles/custom/matrix-client-hydrogen/tasks/main.yml_(IaC)_', 'matrix-docker-ansible-deploy/roles/custom/matrix-common-after/tasks/main.yml_(IaC)_', 'matrix-docker-ansible-deploy/roles/custom/matrix-conduit/tasks/main.yml_(IaC)_', 'matrix-docker-ansible-deploy/roles/custom/matrix-corporal/tasks/main.yml_(IaC)_', 'matrix-docker-ansible-deploy/roles/custom/matrix-coturn/tasks/main.yml_(IaC)_', 'matrix-docker-ansible-deploy/roles/custom/matrix-coturn/tasks/setup_install.yml_(IaC)_', 'matrix-docker-ansible-deploy/roles/custom/matrix-dendrite/tasks/main.yml_(IaC)_', 'matrix-docker-ansible-deploy/roles/custom/matrix-dendrite/tasks/setup_install.yml_(IaC)_', 'matrix-docker-ansible-deploy/roles/custom/matrix-dimension/tasks/main.yml_(IaC)_', 'matrix-docker-ansible-deploy/roles/custom/matrix-dynamic-dns/tasks/main.yml_(IaC)_', 'matrix-docker-ansible-deploy/roles/custom/matrix-email2matrix/tasks/main.yml_(IaC)_', 'matrix-docker-ansible-deploy/roles/custom/matrix-jitsi/tasks/main.yml_(IaC)_', 'matrix-docker-ansible-deploy/roles/custom/matrix-jitsi/tasks/util/setup_jitsi_auth_uvs_install.yml_(IaC)_', 'matrix-docker-ansible-deploy/roles/custom/matrix-ldap-registration-proxy/tasks/main.yml_(IaC)_', 'matrix-docker-ansible-deploy/roles/custom/matrix-ma1sd/tasks/main.yml_(IaC)_', 'matrix-docker-ansible-deploy/roles/custom/matrix-ma1sd/tasks/setup_install.yml_(IaC)_', 'matrix-docker-ansible-deploy/roles/custom/matrix-mailer/tasks/main.yml_(IaC)_', 'matrix-docker-ansible-deploy/roles/custom/matrix-nginx-proxy/tasks/main.yml_(IaC)_', 'matrix-docker-ansible-deploy/roles/custom/matrix-nginx-proxy/tasks/ssl/setup_ssl_lets_encrypt_obtain_for_domain.yml_(IaC)_', 'matrix-docker-ansible-deploy/roles/custom/matrix-nginx-proxy/tasks/ssl/setup_ssl_self_signed_obtain_for_domain.yml_(IaC)_', 'matrix-docker-ansible-deploy/roles/custom/matrix-prometheus-nginxlog-exporter/tasks/main.yml_(IaC)_', 'matrix-docker-ansible-deploy/roles/custom/matrix-prometheus-services-proxy-connect/tasks/main.yml_(IaC)_', 'matrix-docker-ansible-deploy/roles/custom/matrix-prometheus/tasks/main.yml_(IaC)_', 'matrix-docker-ansible-deploy/roles/custom/matrix-rageshake/tasks/install.yml_(IaC)_', 'matrix-docker-ansible-deploy/roles/custom/matrix-rageshake/tasks/main.yml_(IaC)_', 'matrix-docker-ansible-deploy/roles/custom/matrix-registration/tasks/main.yml_(IaC)_', 'matrix-docker-ansible-deploy/roles/custom/matrix-sliding-sync/tasks/install.yml_(IaC)_', 'matrix-docker-ansible-deploy/roles/custom/matrix-sliding-sync/tasks/main.yml_(IaC)_', 'matrix-docker-ansible-deploy/roles/custom/matrix-sygnal/tasks/main.yml_(IaC)_', 'matrix-docker-ansible-deploy/roles/custom/matrix-synapse-admin/tasks/main.yml_(IaC)_', 'matrix-docker-ansible-deploy/roles/custom/matrix-synapse-reverse-proxy-companion/tasks/main.yml_(IaC)_', 'matrix-docker-ansible-deploy/roles/custom/matrix-synapse/tasks/ext/setup_install.yml_(IaC)_', 'matrix-docker-ansible-deploy/roles/custom/matrix-synapse/tasks/ext/setup_uninstall.yml_(IaC)_', 'matrix-docker-ansible-deploy/roles/custom/matrix-synapse/tasks/main.yml_(IaC)_', 'matrix-docker-ansible-deploy/roles/custom/matrix-synapse/tasks/setup_install.yml_(IaC)_', 'matrix-docker-ansible-deploy/roles/custom/matrix-synapse/tasks/setup_uninstall.yml_(IaC)_', 'matrix-docker-ansible-deploy/roles/custom/matrix-synapse/tasks/synapse/setup_install.yml_(IaC)_', 'matrix-docker-ansible-deploy/roles/custom/matrix-user-creator/tasks/main.yml_(IaC)_', 'matrix-docker-ansible-deploy/roles/custom/matrix-user-verification-service/tasks/main.yml_(IaC)_', 'matrix-docker-ansible-deploy/roles/custom/matrix_playbook_migration/tasks/main.yml_(IaC)_']]","['9eaf6944e3c6d8ea8f1094dc515713053e190573', 'dddfee16bc852fc989b057bd1867f0e85825846d']","[0.1, 0.6]","[0.1111111111111111, 0.061855670103092786]","[0.10526315789473685, 0.11214953271028037]","[1, 1]","[1.0, 1.0]"
"[10, 10]","[[557, 350, 304, 390, 108, 17, 589, 228, 527, 325], [557, 350, 304, 390, 108, 17, 589, 228, 527, 325]]","[['matrix-docker-ansible-deploy/roles/custom/matrix-dendrite/tasks/main.yml_(IaC)_', 'matrix-docker-ansible-deploy/roles/custom/matrix-registration/tasks/main.yml_(IaC)_', 'matrix-docker-ansible-deploy/roles/custom/matrix-bridge-mx-puppet-groupme/tasks/main.yml_(IaC)_', 'matrix-docker-ansible-deploy/roles/custom/matrix-mailer/tasks/main.yml_(IaC)_', 'matrix-docker-ansible-deploy/roles/custom/matrix-bridge-mx-puppet-steam/tasks/main.yml_(IaC)_', 'matrix-docker-ansible-deploy/roles/custom/matrix-client-element/templates/map_style.json.j2_(Other)_', 'matrix-docker-ansible-deploy/roles/custom/matrix_playbook_migration/tasks/main.yml_(IaC)_', 'matrix-docker-ansible-deploy/roles/custom/matrix-nginx-proxy/tasks/setup_well_known.yml_(IaC)_', 'matrix-docker-ansible-deploy/roles/custom/matrix-bridge-appservice-webhooks/tasks/main.yml_(IaC)_', 'matrix-docker-ansible-deploy/roles/custom/matrix-bridge-beeper-linkedin/tasks/main.yml_(IaC)_'], ['matrix-docker-ansible-deploy/roles/custom/matrix-dendrite/tasks/main.yml_(IaC)_', 'matrix-docker-ansible-deploy/roles/custom/matrix-registration/tasks/main.yml_(IaC)_', 'matrix-docker-ansible-deploy/roles/custom/matrix-bridge-mx-puppet-groupme/tasks/main.yml_(IaC)_', 'matrix-docker-ansible-deploy/roles/custom/matrix-mailer/tasks/main.yml_(IaC)_', 'matrix-docker-ansible-deploy/roles/custom/matrix-bridge-mx-puppet-steam/tasks/main.yml_(IaC)_', 'matrix-docker-ansible-deploy/roles/custom/matrix-client-element/templates/map_style.json.j2_(Other)_', 'matrix-docker-ansible-deploy/roles/custom/matrix_playbook_migration/tasks/main.yml_(IaC)_', 'matrix-docker-ansible-deploy/roles/custom/matrix-nginx-proxy/tasks/setup_well_known.yml_(IaC)_', 'matrix-docker-ansible-deploy/roles/custom/matrix-bridge-appservice-webhooks/tasks/main.yml_(IaC)_', 'matrix-docker-ansible-deploy/roles/custom/matrix-bridge-beeper-linkedin/tasks/main.yml_(IaC)_']]","[['matrix-docker-ansible-deploy/roles/custom/matrix-bridge-mautrix-facebook/tasks/inject_into_nginx_proxy.yml_(IaC)_', 'matrix-docker-ansible-deploy/roles/custom/matrix-bridge-mautrix-instagram/tasks/inject_into_nginx_proxy.yml_(IaC)_', 'matrix-docker-ansible-deploy/roles/custom/matrix-bridge-mautrix-instagram/tasks/main.yml_(IaC)_', 'matrix-docker-ansible-deploy/roles/custom/matrix-bridge-mautrix-signal/tasks/inject_into_nginx_proxy.yml_(IaC)_', 'matrix-docker-ansible-deploy/roles/custom/matrix-bridge-mautrix-signal/tasks/main.yml_(IaC)_', 'matrix-docker-ansible-deploy/roles/custom/matrix-bridge-mautrix-twitter/tasks/inject_into_nginx_proxy.yml_(IaC)_', 'matrix-docker-ansible-deploy/roles/custom/matrix-bridge-mautrix-twitter/tasks/main.yml_(IaC)_', 'matrix-docker-ansible-deploy/roles/custom/matrix-bridge-mautrix-whatsapp/defaults/main.yml_(Other)_', 'matrix-docker-ansible-deploy/roles/custom/matrix-bridge-mautrix-whatsapp/tasks/inject_into_nginx_proxy.yml_(IaC)_'], ['matrix-docker-ansible-deploy/roles/custom/etherpad-proxy-connect/tasks/main.yml_(IaC)_', 'matrix-docker-ansible-deploy/roles/custom/etherpad-proxy-connect/tasks/validate_config.yml_(IaC)_', 'matrix-docker-ansible-deploy/roles/custom/matrix-aux/tasks/main.yml_(IaC)_', 'matrix-docker-ansible-deploy/roles/custom/matrix-base/tasks/main.yml_(IaC)_', 'matrix-docker-ansible-deploy/roles/custom/matrix-bot-buscarron/tasks/main.yml_(IaC)_', 'matrix-docker-ansible-deploy/roles/custom/matrix-bot-chatgpt/tasks/main.yml_(IaC)_', 'matrix-docker-ansible-deploy/roles/custom/matrix-bot-draupnir/tasks/main.yml_(IaC)_', 'matrix-docker-ansible-deploy/roles/custom/matrix-bot-go-neb/tasks/main.yml_(IaC)_', 'matrix-docker-ansible-deploy/roles/custom/matrix-bot-honoroit/tasks/main.yml_(IaC)_', 'matrix-docker-ansible-deploy/roles/custom/matrix-bot-matrix-registration-bot/tasks/main.yml_(IaC)_', 'matrix-docker-ansible-deploy/roles/custom/matrix-bot-matrix-reminder-bot/tasks/main.yml_(IaC)_', 'matrix-docker-ansible-deploy/roles/custom/matrix-bot-maubot/tasks/main.yml_(IaC)_', 'matrix-docker-ansible-deploy/roles/custom/matrix-bot-mjolnir/tasks/main.yml_(IaC)_', 'matrix-docker-ansible-deploy/roles/custom/matrix-bot-postmoogle/tasks/main.yml_(IaC)_', 'matrix-docker-ansible-deploy/roles/custom/matrix-bridge-appservice-discord/tasks/main.yml_(IaC)_', 'matrix-docker-ansible-deploy/roles/custom/matrix-bridge-appservice-discord/tasks/setup_install.yml_(IaC)_', 'matrix-docker-ansible-deploy/roles/custom/matrix-bridge-appservice-irc/tasks/main.yml_(IaC)_', 'matrix-docker-ansible-deploy/roles/custom/matrix-bridge-appservice-irc/tasks/setup_install.yml_(IaC)_', 'matrix-docker-ansible-deploy/roles/custom/matrix-bridge-appservice-kakaotalk/tasks/main.yml_(IaC)_', 'matrix-docker-ansible-deploy/roles/custom/matrix-bridge-appservice-slack/tasks/main.yml_(IaC)_', 'matrix-docker-ansible-deploy/roles/custom/matrix-bridge-appservice-webhooks/tasks/main.yml_(IaC)_', 'matrix-docker-ansible-deploy/roles/custom/matrix-bridge-beeper-linkedin/tasks/main.yml_(IaC)_', 'matrix-docker-ansible-deploy/roles/custom/matrix-bridge-go-skype-bridge/tasks/main.yml_(IaC)_', 'matrix-docker-ansible-deploy/roles/custom/matrix-bridge-go-skype-bridge/tasks/setup_install.yml_(IaC)_', 'matrix-docker-ansible-deploy/roles/custom/matrix-bridge-heisenbridge/tasks/main.yml_(IaC)_', 'matrix-docker-ansible-deploy/roles/custom/matrix-bridge-hookshot/defaults/main.yml_(Other)_', 'matrix-docker-ansible-deploy/roles/custom/matrix-bridge-hookshot/tasks/main.yml_(IaC)_', 'matrix-docker-ansible-deploy/roles/custom/matrix-bridge-hookshot/tasks/setup_install.yml_(IaC)_', 'matrix-docker-ansible-deploy/roles/custom/matrix-bridge-mautrix-discord/tasks/main.yml_(IaC)_', 'matrix-docker-ansible-deploy/roles/custom/matrix-bridge-mautrix-facebook/tasks/main.yml_(IaC)_', 'matrix-docker-ansible-deploy/roles/custom/matrix-bridge-mautrix-facebook/tasks/setup_install.yml_(IaC)_', 'matrix-docker-ansible-deploy/roles/custom/matrix-bridge-mautrix-googlechat/tasks/main.yml_(IaC)_', 'matrix-docker-ansible-deploy/roles/custom/matrix-bridge-mautrix-googlechat/tasks/setup_install.yml_(IaC)_', 'matrix-docker-ansible-deploy/roles/custom/matrix-bridge-mautrix-hangouts/tasks/main.yml_(IaC)_', 'matrix-docker-ansible-deploy/roles/custom/matrix-bridge-mautrix-hangouts/tasks/setup_install.yml_(IaC)_', 'matrix-docker-ansible-deploy/roles/custom/matrix-bridge-mautrix-instagram/tasks/main.yml_(IaC)_', 'matrix-docker-ansible-deploy/roles/custom/matrix-bridge-mautrix-signal/tasks/main.yml_(IaC)_', 'matrix-docker-ansible-deploy/roles/custom/matrix-bridge-mautrix-slack/tasks/main.yml_(IaC)_', 'matrix-docker-ansible-deploy/roles/custom/matrix-bridge-mautrix-telegram/tasks/main.yml_(IaC)_', 'matrix-docker-ansible-deploy/roles/custom/matrix-bridge-mautrix-telegram/tasks/setup_install.yml_(IaC)_', 'matrix-docker-ansible-deploy/roles/custom/matrix-bridge-mautrix-twitter/tasks/main.yml_(IaC)_', 'matrix-docker-ansible-deploy/roles/custom/matrix-bridge-mautrix-whatsapp/tasks/setup_install.yml_(IaC)_', 'matrix-docker-ansible-deploy/roles/custom/matrix-bridge-mx-puppet-discord/tasks/main.yml_(IaC)_', 'matrix-docker-ansible-deploy/roles/custom/matrix-bridge-mx-puppet-groupme/tasks/main.yml_(IaC)_', 'matrix-docker-ansible-deploy/roles/custom/matrix-bridge-mx-puppet-groupme/tasks/setup_install.yml_(IaC)_', 'matrix-docker-ansible-deploy/roles/custom/matrix-bridge-mx-puppet-instagram/tasks/main.yml_(IaC)_', 'matrix-docker-ansible-deploy/roles/custom/matrix-bridge-mx-puppet-slack/tasks/main.yml_(IaC)_', 'matrix-docker-ansible-deploy/roles/custom/matrix-bridge-mx-puppet-slack/tasks/setup_install.yml_(IaC)_', 'matrix-docker-ansible-deploy/roles/custom/matrix-bridge-mx-puppet-steam/tasks/main.yml_(IaC)_', 'matrix-docker-ansible-deploy/roles/custom/matrix-bridge-mx-puppet-steam/tasks/setup_install.yml_(IaC)_', 'matrix-docker-ansible-deploy/roles/custom/matrix-bridge-mx-puppet-twitter/tasks/main.yml_(IaC)_', 'matrix-docker-ansible-deploy/roles/custom/matrix-bridge-mx-puppet-twitter/tasks/setup_install.yml_(IaC)_', 'matrix-docker-ansible-deploy/roles/custom/matrix-bridge-sms/tasks/main.yml_(IaC)_', 'matrix-docker-ansible-deploy/roles/custom/matrix-cactus-comments/tasks/main.yml_(IaC)_', 'matrix-docker-ansible-deploy/roles/custom/matrix-client-cinny/tasks/main.yml_(IaC)_', 'matrix-docker-ansible-deploy/roles/custom/matrix-client-element/tasks/main.yml_(IaC)_', 'matrix-docker-ansible-deploy/roles/custom/matrix-client-element/tasks/setup_install.yml_(IaC)_', 'matrix-docker-ansible-deploy/roles/custom/matrix-client-hydrogen/tasks/main.yml_(IaC)_', 'matrix-docker-ansible-deploy/roles/custom/matrix-common-after/tasks/main.yml_(IaC)_', 'matrix-docker-ansible-deploy/roles/custom/matrix-conduit/tasks/main.yml_(IaC)_', 'matrix-docker-ansible-deploy/roles/custom/matrix-corporal/tasks/main.yml_(IaC)_', 'matrix-docker-ansible-deploy/roles/custom/matrix-coturn/tasks/main.yml_(IaC)_', 'matrix-docker-ansible-deploy/roles/custom/matrix-coturn/tasks/setup_install.yml_(IaC)_', 'matrix-docker-ansible-deploy/roles/custom/matrix-dendrite/tasks/main.yml_(IaC)_', 'matrix-docker-ansible-deploy/roles/custom/matrix-dendrite/tasks/setup_install.yml_(IaC)_', 'matrix-docker-ansible-deploy/roles/custom/matrix-dimension/tasks/main.yml_(IaC)_', 'matrix-docker-ansible-deploy/roles/custom/matrix-dynamic-dns/tasks/main.yml_(IaC)_', 'matrix-docker-ansible-deploy/roles/custom/matrix-email2matrix/tasks/main.yml_(IaC)_', 'matrix-docker-ansible-deploy/roles/custom/matrix-jitsi/tasks/main.yml_(IaC)_', 'matrix-docker-ansible-deploy/roles/custom/matrix-jitsi/tasks/util/setup_jitsi_auth_uvs_install.yml_(IaC)_', 'matrix-docker-ansible-deploy/roles/custom/matrix-ldap-registration-proxy/tasks/main.yml_(IaC)_', 'matrix-docker-ansible-deploy/roles/custom/matrix-ma1sd/tasks/main.yml_(IaC)_', 'matrix-docker-ansible-deploy/roles/custom/matrix-ma1sd/tasks/setup_install.yml_(IaC)_', 'matrix-docker-ansible-deploy/roles/custom/matrix-mailer/tasks/main.yml_(IaC)_', 'matrix-docker-ansible-deploy/roles/custom/matrix-nginx-proxy/tasks/main.yml_(IaC)_', 'matrix-docker-ansible-deploy/roles/custom/matrix-nginx-proxy/tasks/ssl/setup_ssl_lets_encrypt_obtain_for_domain.yml_(IaC)_', 'matrix-docker-ansible-deploy/roles/custom/matrix-nginx-proxy/tasks/ssl/setup_ssl_self_signed_obtain_for_domain.yml_(IaC)_', 'matrix-docker-ansible-deploy/roles/custom/matrix-prometheus-nginxlog-exporter/tasks/main.yml_(IaC)_', 'matrix-docker-ansible-deploy/roles/custom/matrix-prometheus-services-proxy-connect/tasks/main.yml_(IaC)_', 'matrix-docker-ansible-deploy/roles/custom/matrix-prometheus/tasks/main.yml_(IaC)_', 'matrix-docker-ansible-deploy/roles/custom/matrix-rageshake/tasks/install.yml_(IaC)_', 'matrix-docker-ansible-deploy/roles/custom/matrix-rageshake/tasks/main.yml_(IaC)_', 'matrix-docker-ansible-deploy/roles/custom/matrix-registration/tasks/main.yml_(IaC)_', 'matrix-docker-ansible-deploy/roles/custom/matrix-sliding-sync/tasks/install.yml_(IaC)_', 'matrix-docker-ansible-deploy/roles/custom/matrix-sliding-sync/tasks/main.yml_(IaC)_', 'matrix-docker-ansible-deploy/roles/custom/matrix-sygnal/tasks/main.yml_(IaC)_', 'matrix-docker-ansible-deploy/roles/custom/matrix-synapse-admin/tasks/main.yml_(IaC)_', 'matrix-docker-ansible-deploy/roles/custom/matrix-synapse-reverse-proxy-companion/tasks/main.yml_(IaC)_', 'matrix-docker-ansible-deploy/roles/custom/matrix-synapse/tasks/ext/setup_install.yml_(IaC)_', 'matrix-docker-ansible-deploy/roles/custom/matrix-synapse/tasks/ext/setup_uninstall.yml_(IaC)_', 'matrix-docker-ansible-deploy/roles/custom/matrix-synapse/tasks/main.yml_(IaC)_', 'matrix-docker-ansible-deploy/roles/custom/matrix-synapse/tasks/setup_install.yml_(IaC)_', 'matrix-docker-ansible-deploy/roles/custom/matrix-synapse/tasks/setup_uninstall.yml_(IaC)_', 'matrix-docker-ansible-deploy/roles/custom/matrix-synapse/tasks/synapse/setup_install.yml_(IaC)_', 'matrix-docker-ansible-deploy/roles/custom/matrix-user-creator/tasks/main.yml_(IaC)_', 'matrix-docker-ansible-deploy/roles/custom/matrix-user-verification-service/tasks/main.yml_(IaC)_', 'matrix-docker-ansible-deploy/roles/custom/matrix_playbook_migration/tasks/main.yml_(IaC)_']]","['9eaf6944e3c6d8ea8f1094dc515713053e190573', 'dddfee16bc852fc989b057bd1867f0e85825846d']","[0.0, 0.8]","[0.0, 0.08247422680412371]","[0, 0.14953271028037382]","[0, 1]","[0, 1.0]"
"[10, 10]","[[527, 279, 164, 422, 408, 24, 437, 557, 37, 301], [527, 279, 164, 422, 408, 24, 437, 557, 37, 301]]","[['matrix-docker-ansible-deploy/roles/custom/matrix-bridge-appservice-webhooks/tasks/main.yml_(IaC)_', 'matrix-docker-ansible-deploy/roles/custom/matrix-bridge-heisenbridge/tasks/main.yml_(IaC)_', 'matrix-docker-ansible-deploy/roles/custom/matrix-bridge-mautrix-facebook/tasks/main.yml_(IaC)_', 'matrix-docker-ansible-deploy/roles/custom/matrix-bridge-hookshot/tasks/main.yml_(IaC)_', 'matrix-docker-ansible-deploy/roles/custom/matrix-bridge-appservice-slack/templates/config.yaml.j2_(Other)_', 'matrix-docker-ansible-deploy/roles/custom/matrix-conduit/tasks/main.yml_(IaC)_', 'matrix-docker-ansible-deploy/roles/custom/matrix-ldap-registration-proxy/tasks/setup_install.yml_(IaC)_', 'matrix-docker-ansible-deploy/roles/custom/matrix-dendrite/tasks/main.yml_(IaC)_', 'matrix-docker-ansible-deploy/roles/custom/matrix-dynamic-dns/tasks/setup_uninstall.yml_(IaC)_', 'matrix-docker-ansible-deploy/roles/custom/matrix-bridge-mx-puppet-groupme/tasks/validate_config.yml_(IaC)_'], ['matrix-docker-ansible-deploy/roles/custom/matrix-bridge-appservice-webhooks/tasks/main.yml_(IaC)_', 'matrix-docker-ansible-deploy/roles/custom/matrix-bridge-heisenbridge/tasks/main.yml_(IaC)_', 'matrix-docker-ansible-deploy/roles/custom/matrix-bridge-mautrix-facebook/tasks/main.yml_(IaC)_', 'matrix-docker-ansible-deploy/roles/custom/matrix-bridge-hookshot/tasks/main.yml_(IaC)_', 'matrix-docker-ansible-deploy/roles/custom/matrix-bridge-appservice-slack/templates/config.yaml.j2_(Other)_', 'matrix-docker-ansible-deploy/roles/custom/matrix-conduit/tasks/main.yml_(IaC)_', 'matrix-docker-ansible-deploy/roles/custom/matrix-ldap-registration-proxy/tasks/setup_install.yml_(IaC)_', 'matrix-docker-ansible-deploy/roles/custom/matrix-dendrite/tasks/main.yml_(IaC)_', 'matrix-docker-ansible-deploy/roles/custom/matrix-dynamic-dns/tasks/setup_uninstall.yml_(IaC)_', 'matrix-docker-ansible-deploy/roles/custom/matrix-bridge-mx-puppet-groupme/tasks/validate_config.yml_(IaC)_']]","[['matrix-docker-ansible-deploy/roles/custom/matrix-bridge-mautrix-facebook/tasks/inject_into_nginx_proxy.yml_(IaC)_', 'matrix-docker-ansible-deploy/roles/custom/matrix-bridge-mautrix-instagram/tasks/inject_into_nginx_proxy.yml_(IaC)_', 'matrix-docker-ansible-deploy/roles/custom/matrix-bridge-mautrix-instagram/tasks/main.yml_(IaC)_', 'matrix-docker-ansible-deploy/roles/custom/matrix-bridge-mautrix-signal/tasks/inject_into_nginx_proxy.yml_(IaC)_', 'matrix-docker-ansible-deploy/roles/custom/matrix-bridge-mautrix-signal/tasks/main.yml_(IaC)_', 'matrix-docker-ansible-deploy/roles/custom/matrix-bridge-mautrix-twitter/tasks/inject_into_nginx_proxy.yml_(IaC)_', 'matrix-docker-ansible-deploy/roles/custom/matrix-bridge-mautrix-twitter/tasks/main.yml_(IaC)_', 'matrix-docker-ansible-deploy/roles/custom/matrix-bridge-mautrix-whatsapp/defaults/main.yml_(Other)_', 'matrix-docker-ansible-deploy/roles/custom/matrix-bridge-mautrix-whatsapp/tasks/inject_into_nginx_proxy.yml_(IaC)_'], ['matrix-docker-ansible-deploy/roles/custom/etherpad-proxy-connect/tasks/main.yml_(IaC)_', 'matrix-docker-ansible-deploy/roles/custom/etherpad-proxy-connect/tasks/validate_config.yml_(IaC)_', 'matrix-docker-ansible-deploy/roles/custom/matrix-aux/tasks/main.yml_(IaC)_', 'matrix-docker-ansible-deploy/roles/custom/matrix-base/tasks/main.yml_(IaC)_', 'matrix-docker-ansible-deploy/roles/custom/matrix-bot-buscarron/tasks/main.yml_(IaC)_', 'matrix-docker-ansible-deploy/roles/custom/matrix-bot-chatgpt/tasks/main.yml_(IaC)_', 'matrix-docker-ansible-deploy/roles/custom/matrix-bot-draupnir/tasks/main.yml_(IaC)_', 'matrix-docker-ansible-deploy/roles/custom/matrix-bot-go-neb/tasks/main.yml_(IaC)_', 'matrix-docker-ansible-deploy/roles/custom/matrix-bot-honoroit/tasks/main.yml_(IaC)_', 'matrix-docker-ansible-deploy/roles/custom/matrix-bot-matrix-registration-bot/tasks/main.yml_(IaC)_', 'matrix-docker-ansible-deploy/roles/custom/matrix-bot-matrix-reminder-bot/tasks/main.yml_(IaC)_', 'matrix-docker-ansible-deploy/roles/custom/matrix-bot-maubot/tasks/main.yml_(IaC)_', 'matrix-docker-ansible-deploy/roles/custom/matrix-bot-mjolnir/tasks/main.yml_(IaC)_', 'matrix-docker-ansible-deploy/roles/custom/matrix-bot-postmoogle/tasks/main.yml_(IaC)_', 'matrix-docker-ansible-deploy/roles/custom/matrix-bridge-appservice-discord/tasks/main.yml_(IaC)_', 'matrix-docker-ansible-deploy/roles/custom/matrix-bridge-appservice-discord/tasks/setup_install.yml_(IaC)_', 'matrix-docker-ansible-deploy/roles/custom/matrix-bridge-appservice-irc/tasks/main.yml_(IaC)_', 'matrix-docker-ansible-deploy/roles/custom/matrix-bridge-appservice-irc/tasks/setup_install.yml_(IaC)_', 'matrix-docker-ansible-deploy/roles/custom/matrix-bridge-appservice-kakaotalk/tasks/main.yml_(IaC)_', 'matrix-docker-ansible-deploy/roles/custom/matrix-bridge-appservice-slack/tasks/main.yml_(IaC)_', 'matrix-docker-ansible-deploy/roles/custom/matrix-bridge-appservice-webhooks/tasks/main.yml_(IaC)_', 'matrix-docker-ansible-deploy/roles/custom/matrix-bridge-beeper-linkedin/tasks/main.yml_(IaC)_', 'matrix-docker-ansible-deploy/roles/custom/matrix-bridge-go-skype-bridge/tasks/main.yml_(IaC)_', 'matrix-docker-ansible-deploy/roles/custom/matrix-bridge-go-skype-bridge/tasks/setup_install.yml_(IaC)_', 'matrix-docker-ansible-deploy/roles/custom/matrix-bridge-heisenbridge/tasks/main.yml_(IaC)_', 'matrix-docker-ansible-deploy/roles/custom/matrix-bridge-hookshot/defaults/main.yml_(Other)_', 'matrix-docker-ansible-deploy/roles/custom/matrix-bridge-hookshot/tasks/main.yml_(IaC)_', 'matrix-docker-ansible-deploy/roles/custom/matrix-bridge-hookshot/tasks/setup_install.yml_(IaC)_', 'matrix-docker-ansible-deploy/roles/custom/matrix-bridge-mautrix-discord/tasks/main.yml_(IaC)_', 'matrix-docker-ansible-deploy/roles/custom/matrix-bridge-mautrix-facebook/tasks/main.yml_(IaC)_', 'matrix-docker-ansible-deploy/roles/custom/matrix-bridge-mautrix-facebook/tasks/setup_install.yml_(IaC)_', 'matrix-docker-ansible-deploy/roles/custom/matrix-bridge-mautrix-googlechat/tasks/main.yml_(IaC)_', 'matrix-docker-ansible-deploy/roles/custom/matrix-bridge-mautrix-googlechat/tasks/setup_install.yml_(IaC)_', 'matrix-docker-ansible-deploy/roles/custom/matrix-bridge-mautrix-hangouts/tasks/main.yml_(IaC)_', 'matrix-docker-ansible-deploy/roles/custom/matrix-bridge-mautrix-hangouts/tasks/setup_install.yml_(IaC)_', 'matrix-docker-ansible-deploy/roles/custom/matrix-bridge-mautrix-instagram/tasks/main.yml_(IaC)_', 'matrix-docker-ansible-deploy/roles/custom/matrix-bridge-mautrix-signal/tasks/main.yml_(IaC)_', 'matrix-docker-ansible-deploy/roles/custom/matrix-bridge-mautrix-slack/tasks/main.yml_(IaC)_', 'matrix-docker-ansible-deploy/roles/custom/matrix-bridge-mautrix-telegram/tasks/main.yml_(IaC)_', 'matrix-docker-ansible-deploy/roles/custom/matrix-bridge-mautrix-telegram/tasks/setup_install.yml_(IaC)_', 'matrix-docker-ansible-deploy/roles/custom/matrix-bridge-mautrix-twitter/tasks/main.yml_(IaC)_', 'matrix-docker-ansible-deploy/roles/custom/matrix-bridge-mautrix-whatsapp/tasks/setup_install.yml_(IaC)_', 'matrix-docker-ansible-deploy/roles/custom/matrix-bridge-mx-puppet-discord/tasks/main.yml_(IaC)_', 'matrix-docker-ansible-deploy/roles/custom/matrix-bridge-mx-puppet-groupme/tasks/main.yml_(IaC)_', 'matrix-docker-ansible-deploy/roles/custom/matrix-bridge-mx-puppet-groupme/tasks/setup_install.yml_(IaC)_', 'matrix-docker-ansible-deploy/roles/custom/matrix-bridge-mx-puppet-instagram/tasks/main.yml_(IaC)_', 'matrix-docker-ansible-deploy/roles/custom/matrix-bridge-mx-puppet-slack/tasks/main.yml_(IaC)_', 'matrix-docker-ansible-deploy/roles/custom/matrix-bridge-mx-puppet-slack/tasks/setup_install.yml_(IaC)_', 'matrix-docker-ansible-deploy/roles/custom/matrix-bridge-mx-puppet-steam/tasks/main.yml_(IaC)_', 'matrix-docker-ansible-deploy/roles/custom/matrix-bridge-mx-puppet-steam/tasks/setup_install.yml_(IaC)_', 'matrix-docker-ansible-deploy/roles/custom/matrix-bridge-mx-puppet-twitter/tasks/main.yml_(IaC)_', 'matrix-docker-ansible-deploy/roles/custom/matrix-bridge-mx-puppet-twitter/tasks/setup_install.yml_(IaC)_', 'matrix-docker-ansible-deploy/roles/custom/matrix-bridge-sms/tasks/main.yml_(IaC)_', 'matrix-docker-ansible-deploy/roles/custom/matrix-cactus-comments/tasks/main.yml_(IaC)_', 'matrix-docker-ansible-deploy/roles/custom/matrix-client-cinny/tasks/main.yml_(IaC)_', 'matrix-docker-ansible-deploy/roles/custom/matrix-client-element/tasks/main.yml_(IaC)_', 'matrix-docker-ansible-deploy/roles/custom/matrix-client-element/tasks/setup_install.yml_(IaC)_', 'matrix-docker-ansible-deploy/roles/custom/matrix-client-hydrogen/tasks/main.yml_(IaC)_', 'matrix-docker-ansible-deploy/roles/custom/matrix-common-after/tasks/main.yml_(IaC)_', 'matrix-docker-ansible-deploy/roles/custom/matrix-conduit/tasks/main.yml_(IaC)_', 'matrix-docker-ansible-deploy/roles/custom/matrix-corporal/tasks/main.yml_(IaC)_', 'matrix-docker-ansible-deploy/roles/custom/matrix-coturn/tasks/main.yml_(IaC)_', 'matrix-docker-ansible-deploy/roles/custom/matrix-coturn/tasks/setup_install.yml_(IaC)_', 'matrix-docker-ansible-deploy/roles/custom/matrix-dendrite/tasks/main.yml_(IaC)_', 'matrix-docker-ansible-deploy/roles/custom/matrix-dendrite/tasks/setup_install.yml_(IaC)_', 'matrix-docker-ansible-deploy/roles/custom/matrix-dimension/tasks/main.yml_(IaC)_', 'matrix-docker-ansible-deploy/roles/custom/matrix-dynamic-dns/tasks/main.yml_(IaC)_', 'matrix-docker-ansible-deploy/roles/custom/matrix-email2matrix/tasks/main.yml_(IaC)_', 'matrix-docker-ansible-deploy/roles/custom/matrix-jitsi/tasks/main.yml_(IaC)_', 'matrix-docker-ansible-deploy/roles/custom/matrix-jitsi/tasks/util/setup_jitsi_auth_uvs_install.yml_(IaC)_', 'matrix-docker-ansible-deploy/roles/custom/matrix-ldap-registration-proxy/tasks/main.yml_(IaC)_', 'matrix-docker-ansible-deploy/roles/custom/matrix-ma1sd/tasks/main.yml_(IaC)_', 'matrix-docker-ansible-deploy/roles/custom/matrix-ma1sd/tasks/setup_install.yml_(IaC)_', 'matrix-docker-ansible-deploy/roles/custom/matrix-mailer/tasks/main.yml_(IaC)_', 'matrix-docker-ansible-deploy/roles/custom/matrix-nginx-proxy/tasks/main.yml_(IaC)_', 'matrix-docker-ansible-deploy/roles/custom/matrix-nginx-proxy/tasks/ssl/setup_ssl_lets_encrypt_obtain_for_domain.yml_(IaC)_', 'matrix-docker-ansible-deploy/roles/custom/matrix-nginx-proxy/tasks/ssl/setup_ssl_self_signed_obtain_for_domain.yml_(IaC)_', 'matrix-docker-ansible-deploy/roles/custom/matrix-prometheus-nginxlog-exporter/tasks/main.yml_(IaC)_', 'matrix-docker-ansible-deploy/roles/custom/matrix-prometheus-services-proxy-connect/tasks/main.yml_(IaC)_', 'matrix-docker-ansible-deploy/roles/custom/matrix-prometheus/tasks/main.yml_(IaC)_', 'matrix-docker-ansible-deploy/roles/custom/matrix-rageshake/tasks/install.yml_(IaC)_', 'matrix-docker-ansible-deploy/roles/custom/matrix-rageshake/tasks/main.yml_(IaC)_', 'matrix-docker-ansible-deploy/roles/custom/matrix-registration/tasks/main.yml_(IaC)_', 'matrix-docker-ansible-deploy/roles/custom/matrix-sliding-sync/tasks/install.yml_(IaC)_', 'matrix-docker-ansible-deploy/roles/custom/matrix-sliding-sync/tasks/main.yml_(IaC)_', 'matrix-docker-ansible-deploy/roles/custom/matrix-sygnal/tasks/main.yml_(IaC)_', 'matrix-docker-ansible-deploy/roles/custom/matrix-synapse-admin/tasks/main.yml_(IaC)_', 'matrix-docker-ansible-deploy/roles/custom/matrix-synapse-reverse-proxy-companion/tasks/main.yml_(IaC)_', 'matrix-docker-ansible-deploy/roles/custom/matrix-synapse/tasks/ext/setup_install.yml_(IaC)_', 'matrix-docker-ansible-deploy/roles/custom/matrix-synapse/tasks/ext/setup_uninstall.yml_(IaC)_', 'matrix-docker-ansible-deploy/roles/custom/matrix-synapse/tasks/main.yml_(IaC)_', 'matrix-docker-ansible-deploy/roles/custom/matrix-synapse/tasks/setup_install.yml_(IaC)_', 'matrix-docker-ansible-deploy/roles/custom/matrix-synapse/tasks/setup_uninstall.yml_(IaC)_', 'matrix-docker-ansible-deploy/roles/custom/matrix-synapse/tasks/synapse/setup_install.yml_(IaC)_', 'matrix-docker-ansible-deploy/roles/custom/matrix-user-creator/tasks/main.yml_(IaC)_', 'matrix-docker-ansible-deploy/roles/custom/matrix-user-verification-service/tasks/main.yml_(IaC)_', 'matrix-docker-ansible-deploy/roles/custom/matrix_playbook_migration/tasks/main.yml_(IaC)_']]","['9eaf6944e3c6d8ea8f1094dc515713053e190573', 'dddfee16bc852fc989b057bd1867f0e85825846d']","[0.0, 0.6]","[0.0, 0.061855670103092786]","[0, 0.11214953271028037]","[0, 1]","[0, 1.0]"
"[10, 10]","[[13, 566, 325, 430, 590, 582, 589, 324, 291, 571], [13, 566, 325, 430, 590, 582, 589, 324, 291, 571]]","[['matrix-docker-ansible-deploy/roles/custom/matrix-client-element/tasks/main.yml_(IaC)_', 'matrix-docker-ansible-deploy/roles/custom/matrix-bridge-appservice-irc/tasks/main.yml_(IaC)_', 'matrix-docker-ansible-deploy/roles/custom/matrix-bridge-beeper-linkedin/tasks/main.yml_(IaC)_', 'matrix-docker-ansible-deploy/roles/custom/matrix-bridge-mautrix-discord/tasks/main.yml_(IaC)_', 'matrix-docker-ansible-deploy/roles/custom/matrix_playbook_migration/defaults/main.yml_(Other)_', 'matrix-docker-ansible-deploy/roles/custom/matrix-bridge-mautrix-hangouts/tasks/main.yml_(IaC)_', 'matrix-docker-ansible-deploy/roles/custom/matrix_playbook_migration/tasks/main.yml_(IaC)_', 'matrix-docker-ansible-deploy/roles/custom/matrix-bridge-beeper-linkedin/tasks/setup_install.yml_(IaC)_', 'matrix-docker-ansible-deploy/roles/custom/matrix-synapse-reverse-proxy-companion/tasks/main.yml_(IaC)_', 'matrix-docker-ansible-deploy/roles/custom/matrix-synapse-admin/tasks/setup_uninstall.yml_(IaC)_'], ['matrix-docker-ansible-deploy/roles/custom/matrix-client-element/tasks/main.yml_(IaC)_', 'matrix-docker-ansible-deploy/roles/custom/matrix-bridge-appservice-irc/tasks/main.yml_(IaC)_', 'matrix-docker-ansible-deploy/roles/custom/matrix-bridge-beeper-linkedin/tasks/main.yml_(IaC)_', 'matrix-docker-ansible-deploy/roles/custom/matrix-bridge-mautrix-discord/tasks/main.yml_(IaC)_', 'matrix-docker-ansible-deploy/roles/custom/matrix_playbook_migration/defaults/main.yml_(Other)_', 'matrix-docker-ansible-deploy/roles/custom/matrix-bridge-mautrix-hangouts/tasks/main.yml_(IaC)_', 'matrix-docker-ansible-deploy/roles/custom/matrix_playbook_migration/tasks/main.yml_(IaC)_', 'matrix-docker-ansible-deploy/roles/custom/matrix-bridge-beeper-linkedin/tasks/setup_install.yml_(IaC)_', 'matrix-docker-ansible-deploy/roles/custom/matrix-synapse-reverse-proxy-companion/tasks/main.yml_(IaC)_', 'matrix-docker-ansible-deploy/roles/custom/matrix-synapse-admin/tasks/setup_uninstall.yml_(IaC)_']]","[['matrix-docker-ansible-deploy/roles/custom/matrix-bridge-mautrix-facebook/tasks/inject_into_nginx_proxy.yml_(IaC)_', 'matrix-docker-ansible-deploy/roles/custom/matrix-bridge-mautrix-instagram/tasks/inject_into_nginx_proxy.yml_(IaC)_', 'matrix-docker-ansible-deploy/roles/custom/matrix-bridge-mautrix-instagram/tasks/main.yml_(IaC)_', 'matrix-docker-ansible-deploy/roles/custom/matrix-bridge-mautrix-signal/tasks/inject_into_nginx_proxy.yml_(IaC)_', 'matrix-docker-ansible-deploy/roles/custom/matrix-bridge-mautrix-signal/tasks/main.yml_(IaC)_', 'matrix-docker-ansible-deploy/roles/custom/matrix-bridge-mautrix-twitter/tasks/inject_into_nginx_proxy.yml_(IaC)_', 'matrix-docker-ansible-deploy/roles/custom/matrix-bridge-mautrix-twitter/tasks/main.yml_(IaC)_', 'matrix-docker-ansible-deploy/roles/custom/matrix-bridge-mautrix-whatsapp/defaults/main.yml_(Other)_', 'matrix-docker-ansible-deploy/roles/custom/matrix-bridge-mautrix-whatsapp/tasks/inject_into_nginx_proxy.yml_(IaC)_'], ['matrix-docker-ansible-deploy/roles/custom/etherpad-proxy-connect/tasks/main.yml_(IaC)_', 'matrix-docker-ansible-deploy/roles/custom/etherpad-proxy-connect/tasks/validate_config.yml_(IaC)_', 'matrix-docker-ansible-deploy/roles/custom/matrix-aux/tasks/main.yml_(IaC)_', 'matrix-docker-ansible-deploy/roles/custom/matrix-base/tasks/main.yml_(IaC)_', 'matrix-docker-ansible-deploy/roles/custom/matrix-bot-buscarron/tasks/main.yml_(IaC)_', 'matrix-docker-ansible-deploy/roles/custom/matrix-bot-chatgpt/tasks/main.yml_(IaC)_', 'matrix-docker-ansible-deploy/roles/custom/matrix-bot-draupnir/tasks/main.yml_(IaC)_', 'matrix-docker-ansible-deploy/roles/custom/matrix-bot-go-neb/tasks/main.yml_(IaC)_', 'matrix-docker-ansible-deploy/roles/custom/matrix-bot-honoroit/tasks/main.yml_(IaC)_', 'matrix-docker-ansible-deploy/roles/custom/matrix-bot-matrix-registration-bot/tasks/main.yml_(IaC)_', 'matrix-docker-ansible-deploy/roles/custom/matrix-bot-matrix-reminder-bot/tasks/main.yml_(IaC)_', 'matrix-docker-ansible-deploy/roles/custom/matrix-bot-maubot/tasks/main.yml_(IaC)_', 'matrix-docker-ansible-deploy/roles/custom/matrix-bot-mjolnir/tasks/main.yml_(IaC)_', 'matrix-docker-ansible-deploy/roles/custom/matrix-bot-postmoogle/tasks/main.yml_(IaC)_', 'matrix-docker-ansible-deploy/roles/custom/matrix-bridge-appservice-discord/tasks/main.yml_(IaC)_', 'matrix-docker-ansible-deploy/roles/custom/matrix-bridge-appservice-discord/tasks/setup_install.yml_(IaC)_', 'matrix-docker-ansible-deploy/roles/custom/matrix-bridge-appservice-irc/tasks/main.yml_(IaC)_', 'matrix-docker-ansible-deploy/roles/custom/matrix-bridge-appservice-irc/tasks/setup_install.yml_(IaC)_', 'matrix-docker-ansible-deploy/roles/custom/matrix-bridge-appservice-kakaotalk/tasks/main.yml_(IaC)_', 'matrix-docker-ansible-deploy/roles/custom/matrix-bridge-appservice-slack/tasks/main.yml_(IaC)_', 'matrix-docker-ansible-deploy/roles/custom/matrix-bridge-appservice-webhooks/tasks/main.yml_(IaC)_', 'matrix-docker-ansible-deploy/roles/custom/matrix-bridge-beeper-linkedin/tasks/main.yml_(IaC)_', 'matrix-docker-ansible-deploy/roles/custom/matrix-bridge-go-skype-bridge/tasks/main.yml_(IaC)_', 'matrix-docker-ansible-deploy/roles/custom/matrix-bridge-go-skype-bridge/tasks/setup_install.yml_(IaC)_', 'matrix-docker-ansible-deploy/roles/custom/matrix-bridge-heisenbridge/tasks/main.yml_(IaC)_', 'matrix-docker-ansible-deploy/roles/custom/matrix-bridge-hookshot/defaults/main.yml_(Other)_', 'matrix-docker-ansible-deploy/roles/custom/matrix-bridge-hookshot/tasks/main.yml_(IaC)_', 'matrix-docker-ansible-deploy/roles/custom/matrix-bridge-hookshot/tasks/setup_install.yml_(IaC)_', 'matrix-docker-ansible-deploy/roles/custom/matrix-bridge-mautrix-discord/tasks/main.yml_(IaC)_', 'matrix-docker-ansible-deploy/roles/custom/matrix-bridge-mautrix-facebook/tasks/main.yml_(IaC)_', 'matrix-docker-ansible-deploy/roles/custom/matrix-bridge-mautrix-facebook/tasks/setup_install.yml_(IaC)_', 'matrix-docker-ansible-deploy/roles/custom/matrix-bridge-mautrix-googlechat/tasks/main.yml_(IaC)_', 'matrix-docker-ansible-deploy/roles/custom/matrix-bridge-mautrix-googlechat/tasks/setup_install.yml_(IaC)_', 'matrix-docker-ansible-deploy/roles/custom/matrix-bridge-mautrix-hangouts/tasks/main.yml_(IaC)_', 'matrix-docker-ansible-deploy/roles/custom/matrix-bridge-mautrix-hangouts/tasks/setup_install.yml_(IaC)_', 'matrix-docker-ansible-deploy/roles/custom/matrix-bridge-mautrix-instagram/tasks/main.yml_(IaC)_', 'matrix-docker-ansible-deploy/roles/custom/matrix-bridge-mautrix-signal/tasks/main.yml_(IaC)_', 'matrix-docker-ansible-deploy/roles/custom/matrix-bridge-mautrix-slack/tasks/main.yml_(IaC)_', 'matrix-docker-ansible-deploy/roles/custom/matrix-bridge-mautrix-telegram/tasks/main.yml_(IaC)_', 'matrix-docker-ansible-deploy/roles/custom/matrix-bridge-mautrix-telegram/tasks/setup_install.yml_(IaC)_', 'matrix-docker-ansible-deploy/roles/custom/matrix-bridge-mautrix-twitter/tasks/main.yml_(IaC)_', 'matrix-docker-ansible-deploy/roles/custom/matrix-bridge-mautrix-whatsapp/tasks/setup_install.yml_(IaC)_', 'matrix-docker-ansible-deploy/roles/custom/matrix-bridge-mx-puppet-discord/tasks/main.yml_(IaC)_', 'matrix-docker-ansible-deploy/roles/custom/matrix-bridge-mx-puppet-groupme/tasks/main.yml_(IaC)_', 'matrix-docker-ansible-deploy/roles/custom/matrix-bridge-mx-puppet-groupme/tasks/setup_install.yml_(IaC)_', 'matrix-docker-ansible-deploy/roles/custom/matrix-bridge-mx-puppet-instagram/tasks/main.yml_(IaC)_', 'matrix-docker-ansible-deploy/roles/custom/matrix-bridge-mx-puppet-slack/tasks/main.yml_(IaC)_', 'matrix-docker-ansible-deploy/roles/custom/matrix-bridge-mx-puppet-slack/tasks/setup_install.yml_(IaC)_', 'matrix-docker-ansible-deploy/roles/custom/matrix-bridge-mx-puppet-steam/tasks/main.yml_(IaC)_', 'matrix-docker-ansible-deploy/roles/custom/matrix-bridge-mx-puppet-steam/tasks/setup_install.yml_(IaC)_', 'matrix-docker-ansible-deploy/roles/custom/matrix-bridge-mx-puppet-twitter/tasks/main.yml_(IaC)_', 'matrix-docker-ansible-deploy/roles/custom/matrix-bridge-mx-puppet-twitter/tasks/setup_install.yml_(IaC)_', 'matrix-docker-ansible-deploy/roles/custom/matrix-bridge-sms/tasks/main.yml_(IaC)_', 'matrix-docker-ansible-deploy/roles/custom/matrix-cactus-comments/tasks/main.yml_(IaC)_', 'matrix-docker-ansible-deploy/roles/custom/matrix-client-cinny/tasks/main.yml_(IaC)_', 'matrix-docker-ansible-deploy/roles/custom/matrix-client-element/tasks/main.yml_(IaC)_', 'matrix-docker-ansible-deploy/roles/custom/matrix-client-element/tasks/setup_install.yml_(IaC)_', 'matrix-docker-ansible-deploy/roles/custom/matrix-client-hydrogen/tasks/main.yml_(IaC)_', 'matrix-docker-ansible-deploy/roles/custom/matrix-common-after/tasks/main.yml_(IaC)_', 'matrix-docker-ansible-deploy/roles/custom/matrix-conduit/tasks/main.yml_(IaC)_', 'matrix-docker-ansible-deploy/roles/custom/matrix-corporal/tasks/main.yml_(IaC)_', 'matrix-docker-ansible-deploy/roles/custom/matrix-coturn/tasks/main.yml_(IaC)_', 'matrix-docker-ansible-deploy/roles/custom/matrix-coturn/tasks/setup_install.yml_(IaC)_', 'matrix-docker-ansible-deploy/roles/custom/matrix-dendrite/tasks/main.yml_(IaC)_', 'matrix-docker-ansible-deploy/roles/custom/matrix-dendrite/tasks/setup_install.yml_(IaC)_', 'matrix-docker-ansible-deploy/roles/custom/matrix-dimension/tasks/main.yml_(IaC)_', 'matrix-docker-ansible-deploy/roles/custom/matrix-dynamic-dns/tasks/main.yml_(IaC)_', 'matrix-docker-ansible-deploy/roles/custom/matrix-email2matrix/tasks/main.yml_(IaC)_', 'matrix-docker-ansible-deploy/roles/custom/matrix-jitsi/tasks/main.yml_(IaC)_', 'matrix-docker-ansible-deploy/roles/custom/matrix-jitsi/tasks/util/setup_jitsi_auth_uvs_install.yml_(IaC)_', 'matrix-docker-ansible-deploy/roles/custom/matrix-ldap-registration-proxy/tasks/main.yml_(IaC)_', 'matrix-docker-ansible-deploy/roles/custom/matrix-ma1sd/tasks/main.yml_(IaC)_', 'matrix-docker-ansible-deploy/roles/custom/matrix-ma1sd/tasks/setup_install.yml_(IaC)_', 'matrix-docker-ansible-deploy/roles/custom/matrix-mailer/tasks/main.yml_(IaC)_', 'matrix-docker-ansible-deploy/roles/custom/matrix-nginx-proxy/tasks/main.yml_(IaC)_', 'matrix-docker-ansible-deploy/roles/custom/matrix-nginx-proxy/tasks/ssl/setup_ssl_lets_encrypt_obtain_for_domain.yml_(IaC)_', 'matrix-docker-ansible-deploy/roles/custom/matrix-nginx-proxy/tasks/ssl/setup_ssl_self_signed_obtain_for_domain.yml_(IaC)_', 'matrix-docker-ansible-deploy/roles/custom/matrix-prometheus-nginxlog-exporter/tasks/main.yml_(IaC)_', 'matrix-docker-ansible-deploy/roles/custom/matrix-prometheus-services-proxy-connect/tasks/main.yml_(IaC)_', 'matrix-docker-ansible-deploy/roles/custom/matrix-prometheus/tasks/main.yml_(IaC)_', 'matrix-docker-ansible-deploy/roles/custom/matrix-rageshake/tasks/install.yml_(IaC)_', 'matrix-docker-ansible-deploy/roles/custom/matrix-rageshake/tasks/main.yml_(IaC)_', 'matrix-docker-ansible-deploy/roles/custom/matrix-registration/tasks/main.yml_(IaC)_', 'matrix-docker-ansible-deploy/roles/custom/matrix-sliding-sync/tasks/install.yml_(IaC)_', 'matrix-docker-ansible-deploy/roles/custom/matrix-sliding-sync/tasks/main.yml_(IaC)_', 'matrix-docker-ansible-deploy/roles/custom/matrix-sygnal/tasks/main.yml_(IaC)_', 'matrix-docker-ansible-deploy/roles/custom/matrix-synapse-admin/tasks/main.yml_(IaC)_', 'matrix-docker-ansible-deploy/roles/custom/matrix-synapse-reverse-proxy-companion/tasks/main.yml_(IaC)_', 'matrix-docker-ansible-deploy/roles/custom/matrix-synapse/tasks/ext/setup_install.yml_(IaC)_', 'matrix-docker-ansible-deploy/roles/custom/matrix-synapse/tasks/ext/setup_uninstall.yml_(IaC)_', 'matrix-docker-ansible-deploy/roles/custom/matrix-synapse/tasks/main.yml_(IaC)_', 'matrix-docker-ansible-deploy/roles/custom/matrix-synapse/tasks/setup_install.yml_(IaC)_', 'matrix-docker-ansible-deploy/roles/custom/matrix-synapse/tasks/setup_uninstall.yml_(IaC)_', 'matrix-docker-ansible-deploy/roles/custom/matrix-synapse/tasks/synapse/setup_install.yml_(IaC)_', 'matrix-docker-ansible-deploy/roles/custom/matrix-user-creator/tasks/main.yml_(IaC)_', 'matrix-docker-ansible-deploy/roles/custom/matrix-user-verification-service/tasks/main.yml_(IaC)_', 'matrix-docker-ansible-deploy/roles/custom/matrix_playbook_migration/tasks/main.yml_(IaC)_']]","['9eaf6944e3c6d8ea8f1094dc515713053e190573', 'dddfee16bc852fc989b057bd1867f0e85825846d']","[0.0, 0.7]","[0.0, 0.07216494845360824]","[0, 0.1308411214953271]","[0, 1]","[0, 1.0]"
"[10, 10]","[[574, 333, 384, 164, 557, 273, 225, 489, 72, 108], [574, 333, 384, 164, 557, 273, 225, 489, 72, 108]]","[['matrix-docker-ansible-deploy/roles/custom/matrix-synapse-admin/tasks/main.yml_(IaC)_', 'matrix-docker-ansible-deploy/roles/custom/matrix-bridge-mx-puppet-twitter/tasks/main.yml_(IaC)_', 'matrix-docker-ansible-deploy/roles/custom/matrix-bridge-mautrix-instagram/tasks/main.yml_(IaC)_', 'matrix-docker-ansible-deploy/roles/custom/matrix-bridge-mautrix-facebook/tasks/main.yml_(IaC)_', 'matrix-docker-ansible-deploy/roles/custom/matrix-dendrite/tasks/main.yml_(IaC)_', 'matrix-docker-ansible-deploy/roles/custom/matrix-corporal/tasks/main.yml_(IaC)_', 'matrix-docker-ansible-deploy/roles/custom/matrix-nginx-proxy/vars/main.yml_(Other)_', 'matrix-docker-ansible-deploy/roles/custom/matrix-synapse/defaults/main.yml_(Other)_', 'matrix-docker-ansible-deploy/roles/custom/matrix-bridge-appservice-kakaotalk/templates/systemd/matrix-appservice-kakaotalk-node.service.j2_(Other)_', 'matrix-docker-ansible-deploy/roles/custom/matrix-bridge-mx-puppet-steam/tasks/main.yml_(IaC)_'], ['matrix-docker-ansible-deploy/roles/custom/matrix-synapse-admin/tasks/main.yml_(IaC)_', 'matrix-docker-ansible-deploy/roles/custom/matrix-bridge-mx-puppet-twitter/tasks/main.yml_(IaC)_', 'matrix-docker-ansible-deploy/roles/custom/matrix-bridge-mautrix-instagram/tasks/main.yml_(IaC)_', 'matrix-docker-ansible-deploy/roles/custom/matrix-bridge-mautrix-facebook/tasks/main.yml_(IaC)_', 'matrix-docker-ansible-deploy/roles/custom/matrix-dendrite/tasks/main.yml_(IaC)_', 'matrix-docker-ansible-deploy/roles/custom/matrix-corporal/tasks/main.yml_(IaC)_', 'matrix-docker-ansible-deploy/roles/custom/matrix-nginx-proxy/vars/main.yml_(Other)_', 'matrix-docker-ansible-deploy/roles/custom/matrix-synapse/defaults/main.yml_(Other)_', 'matrix-docker-ansible-deploy/roles/custom/matrix-bridge-appservice-kakaotalk/templates/systemd/matrix-appservice-kakaotalk-node.service.j2_(Other)_', 'matrix-docker-ansible-deploy/roles/custom/matrix-bridge-mx-puppet-steam/tasks/main.yml_(IaC)_']]","[['matrix-docker-ansible-deploy/roles/custom/matrix-bridge-mautrix-facebook/tasks/inject_into_nginx_proxy.yml_(IaC)_', 'matrix-docker-ansible-deploy/roles/custom/matrix-bridge-mautrix-instagram/tasks/inject_into_nginx_proxy.yml_(IaC)_', 'matrix-docker-ansible-deploy/roles/custom/matrix-bridge-mautrix-instagram/tasks/main.yml_(IaC)_', 'matrix-docker-ansible-deploy/roles/custom/matrix-bridge-mautrix-signal/tasks/inject_into_nginx_proxy.yml_(IaC)_', 'matrix-docker-ansible-deploy/roles/custom/matrix-bridge-mautrix-signal/tasks/main.yml_(IaC)_', 'matrix-docker-ansible-deploy/roles/custom/matrix-bridge-mautrix-twitter/tasks/inject_into_nginx_proxy.yml_(IaC)_', 'matrix-docker-ansible-deploy/roles/custom/matrix-bridge-mautrix-twitter/tasks/main.yml_(IaC)_', 'matrix-docker-ansible-deploy/roles/custom/matrix-bridge-mautrix-whatsapp/defaults/main.yml_(Other)_', 'matrix-docker-ansible-deploy/roles/custom/matrix-bridge-mautrix-whatsapp/tasks/inject_into_nginx_proxy.yml_(IaC)_'], ['matrix-docker-ansible-deploy/roles/custom/etherpad-proxy-connect/tasks/main.yml_(IaC)_', 'matrix-docker-ansible-deploy/roles/custom/etherpad-proxy-connect/tasks/validate_config.yml_(IaC)_', 'matrix-docker-ansible-deploy/roles/custom/matrix-aux/tasks/main.yml_(IaC)_', 'matrix-docker-ansible-deploy/roles/custom/matrix-base/tasks/main.yml_(IaC)_', 'matrix-docker-ansible-deploy/roles/custom/matrix-bot-buscarron/tasks/main.yml_(IaC)_', 'matrix-docker-ansible-deploy/roles/custom/matrix-bot-chatgpt/tasks/main.yml_(IaC)_', 'matrix-docker-ansible-deploy/roles/custom/matrix-bot-draupnir/tasks/main.yml_(IaC)_', 'matrix-docker-ansible-deploy/roles/custom/matrix-bot-go-neb/tasks/main.yml_(IaC)_', 'matrix-docker-ansible-deploy/roles/custom/matrix-bot-honoroit/tasks/main.yml_(IaC)_', 'matrix-docker-ansible-deploy/roles/custom/matrix-bot-matrix-registration-bot/tasks/main.yml_(IaC)_', 'matrix-docker-ansible-deploy/roles/custom/matrix-bot-matrix-reminder-bot/tasks/main.yml_(IaC)_', 'matrix-docker-ansible-deploy/roles/custom/matrix-bot-maubot/tasks/main.yml_(IaC)_', 'matrix-docker-ansible-deploy/roles/custom/matrix-bot-mjolnir/tasks/main.yml_(IaC)_', 'matrix-docker-ansible-deploy/roles/custom/matrix-bot-postmoogle/tasks/main.yml_(IaC)_', 'matrix-docker-ansible-deploy/roles/custom/matrix-bridge-appservice-discord/tasks/main.yml_(IaC)_', 'matrix-docker-ansible-deploy/roles/custom/matrix-bridge-appservice-discord/tasks/setup_install.yml_(IaC)_', 'matrix-docker-ansible-deploy/roles/custom/matrix-bridge-appservice-irc/tasks/main.yml_(IaC)_', 'matrix-docker-ansible-deploy/roles/custom/matrix-bridge-appservice-irc/tasks/setup_install.yml_(IaC)_', 'matrix-docker-ansible-deploy/roles/custom/matrix-bridge-appservice-kakaotalk/tasks/main.yml_(IaC)_', 'matrix-docker-ansible-deploy/roles/custom/matrix-bridge-appservice-slack/tasks/main.yml_(IaC)_', 'matrix-docker-ansible-deploy/roles/custom/matrix-bridge-appservice-webhooks/tasks/main.yml_(IaC)_', 'matrix-docker-ansible-deploy/roles/custom/matrix-bridge-beeper-linkedin/tasks/main.yml_(IaC)_', 'matrix-docker-ansible-deploy/roles/custom/matrix-bridge-go-skype-bridge/tasks/main.yml_(IaC)_', 'matrix-docker-ansible-deploy/roles/custom/matrix-bridge-go-skype-bridge/tasks/setup_install.yml_(IaC)_', 'matrix-docker-ansible-deploy/roles/custom/matrix-bridge-heisenbridge/tasks/main.yml_(IaC)_', 'matrix-docker-ansible-deploy/roles/custom/matrix-bridge-hookshot/defaults/main.yml_(Other)_', 'matrix-docker-ansible-deploy/roles/custom/matrix-bridge-hookshot/tasks/main.yml_(IaC)_', 'matrix-docker-ansible-deploy/roles/custom/matrix-bridge-hookshot/tasks/setup_install.yml_(IaC)_', 'matrix-docker-ansible-deploy/roles/custom/matrix-bridge-mautrix-discord/tasks/main.yml_(IaC)_', 'matrix-docker-ansible-deploy/roles/custom/matrix-bridge-mautrix-facebook/tasks/main.yml_(IaC)_', 'matrix-docker-ansible-deploy/roles/custom/matrix-bridge-mautrix-facebook/tasks/setup_install.yml_(IaC)_', 'matrix-docker-ansible-deploy/roles/custom/matrix-bridge-mautrix-googlechat/tasks/main.yml_(IaC)_', 'matrix-docker-ansible-deploy/roles/custom/matrix-bridge-mautrix-googlechat/tasks/setup_install.yml_(IaC)_', 'matrix-docker-ansible-deploy/roles/custom/matrix-bridge-mautrix-hangouts/tasks/main.yml_(IaC)_', 'matrix-docker-ansible-deploy/roles/custom/matrix-bridge-mautrix-hangouts/tasks/setup_install.yml_(IaC)_', 'matrix-docker-ansible-deploy/roles/custom/matrix-bridge-mautrix-instagram/tasks/main.yml_(IaC)_', 'matrix-docker-ansible-deploy/roles/custom/matrix-bridge-mautrix-signal/tasks/main.yml_(IaC)_', 'matrix-docker-ansible-deploy/roles/custom/matrix-bridge-mautrix-slack/tasks/main.yml_(IaC)_', 'matrix-docker-ansible-deploy/roles/custom/matrix-bridge-mautrix-telegram/tasks/main.yml_(IaC)_', 'matrix-docker-ansible-deploy/roles/custom/matrix-bridge-mautrix-telegram/tasks/setup_install.yml_(IaC)_', 'matrix-docker-ansible-deploy/roles/custom/matrix-bridge-mautrix-twitter/tasks/main.yml_(IaC)_', 'matrix-docker-ansible-deploy/roles/custom/matrix-bridge-mautrix-whatsapp/tasks/setup_install.yml_(IaC)_', 'matrix-docker-ansible-deploy/roles/custom/matrix-bridge-mx-puppet-discord/tasks/main.yml_(IaC)_', 'matrix-docker-ansible-deploy/roles/custom/matrix-bridge-mx-puppet-groupme/tasks/main.yml_(IaC)_', 'matrix-docker-ansible-deploy/roles/custom/matrix-bridge-mx-puppet-groupme/tasks/setup_install.yml_(IaC)_', 'matrix-docker-ansible-deploy/roles/custom/matrix-bridge-mx-puppet-instagram/tasks/main.yml_(IaC)_', 'matrix-docker-ansible-deploy/roles/custom/matrix-bridge-mx-puppet-slack/tasks/main.yml_(IaC)_', 'matrix-docker-ansible-deploy/roles/custom/matrix-bridge-mx-puppet-slack/tasks/setup_install.yml_(IaC)_', 'matrix-docker-ansible-deploy/roles/custom/matrix-bridge-mx-puppet-steam/tasks/main.yml_(IaC)_', 'matrix-docker-ansible-deploy/roles/custom/matrix-bridge-mx-puppet-steam/tasks/setup_install.yml_(IaC)_', 'matrix-docker-ansible-deploy/roles/custom/matrix-bridge-mx-puppet-twitter/tasks/main.yml_(IaC)_', 'matrix-docker-ansible-deploy/roles/custom/matrix-bridge-mx-puppet-twitter/tasks/setup_install.yml_(IaC)_', 'matrix-docker-ansible-deploy/roles/custom/matrix-bridge-sms/tasks/main.yml_(IaC)_', 'matrix-docker-ansible-deploy/roles/custom/matrix-cactus-comments/tasks/main.yml_(IaC)_', 'matrix-docker-ansible-deploy/roles/custom/matrix-client-cinny/tasks/main.yml_(IaC)_', 'matrix-docker-ansible-deploy/roles/custom/matrix-client-element/tasks/main.yml_(IaC)_', 'matrix-docker-ansible-deploy/roles/custom/matrix-client-element/tasks/setup_install.yml_(IaC)_', 'matrix-docker-ansible-deploy/roles/custom/matrix-client-hydrogen/tasks/main.yml_(IaC)_', 'matrix-docker-ansible-deploy/roles/custom/matrix-common-after/tasks/main.yml_(IaC)_', 'matrix-docker-ansible-deploy/roles/custom/matrix-conduit/tasks/main.yml_(IaC)_', 'matrix-docker-ansible-deploy/roles/custom/matrix-corporal/tasks/main.yml_(IaC)_', 'matrix-docker-ansible-deploy/roles/custom/matrix-coturn/tasks/main.yml_(IaC)_', 'matrix-docker-ansible-deploy/roles/custom/matrix-coturn/tasks/setup_install.yml_(IaC)_', 'matrix-docker-ansible-deploy/roles/custom/matrix-dendrite/tasks/main.yml_(IaC)_', 'matrix-docker-ansible-deploy/roles/custom/matrix-dendrite/tasks/setup_install.yml_(IaC)_', 'matrix-docker-ansible-deploy/roles/custom/matrix-dimension/tasks/main.yml_(IaC)_', 'matrix-docker-ansible-deploy/roles/custom/matrix-dynamic-dns/tasks/main.yml_(IaC)_', 'matrix-docker-ansible-deploy/roles/custom/matrix-email2matrix/tasks/main.yml_(IaC)_', 'matrix-docker-ansible-deploy/roles/custom/matrix-jitsi/tasks/main.yml_(IaC)_', 'matrix-docker-ansible-deploy/roles/custom/matrix-jitsi/tasks/util/setup_jitsi_auth_uvs_install.yml_(IaC)_', 'matrix-docker-ansible-deploy/roles/custom/matrix-ldap-registration-proxy/tasks/main.yml_(IaC)_', 'matrix-docker-ansible-deploy/roles/custom/matrix-ma1sd/tasks/main.yml_(IaC)_', 'matrix-docker-ansible-deploy/roles/custom/matrix-ma1sd/tasks/setup_install.yml_(IaC)_', 'matrix-docker-ansible-deploy/roles/custom/matrix-mailer/tasks/main.yml_(IaC)_', 'matrix-docker-ansible-deploy/roles/custom/matrix-nginx-proxy/tasks/main.yml_(IaC)_', 'matrix-docker-ansible-deploy/roles/custom/matrix-nginx-proxy/tasks/ssl/setup_ssl_lets_encrypt_obtain_for_domain.yml_(IaC)_', 'matrix-docker-ansible-deploy/roles/custom/matrix-nginx-proxy/tasks/ssl/setup_ssl_self_signed_obtain_for_domain.yml_(IaC)_', 'matrix-docker-ansible-deploy/roles/custom/matrix-prometheus-nginxlog-exporter/tasks/main.yml_(IaC)_', 'matrix-docker-ansible-deploy/roles/custom/matrix-prometheus-services-proxy-connect/tasks/main.yml_(IaC)_', 'matrix-docker-ansible-deploy/roles/custom/matrix-prometheus/tasks/main.yml_(IaC)_', 'matrix-docker-ansible-deploy/roles/custom/matrix-rageshake/tasks/install.yml_(IaC)_', 'matrix-docker-ansible-deploy/roles/custom/matrix-rageshake/tasks/main.yml_(IaC)_', 'matrix-docker-ansible-deploy/roles/custom/matrix-registration/tasks/main.yml_(IaC)_', 'matrix-docker-ansible-deploy/roles/custom/matrix-sliding-sync/tasks/install.yml_(IaC)_', 'matrix-docker-ansible-deploy/roles/custom/matrix-sliding-sync/tasks/main.yml_(IaC)_', 'matrix-docker-ansible-deploy/roles/custom/matrix-sygnal/tasks/main.yml_(IaC)_', 'matrix-docker-ansible-deploy/roles/custom/matrix-synapse-admin/tasks/main.yml_(IaC)_', 'matrix-docker-ansible-deploy/roles/custom/matrix-synapse-reverse-proxy-companion/tasks/main.yml_(IaC)_', 'matrix-docker-ansible-deploy/roles/custom/matrix-synapse/tasks/ext/setup_install.yml_(IaC)_', 'matrix-docker-ansible-deploy/roles/custom/matrix-synapse/tasks/ext/setup_uninstall.yml_(IaC)_', 'matrix-docker-ansible-deploy/roles/custom/matrix-synapse/tasks/main.yml_(IaC)_', 'matrix-docker-ansible-deploy/roles/custom/matrix-synapse/tasks/setup_install.yml_(IaC)_', 'matrix-docker-ansible-deploy/roles/custom/matrix-synapse/tasks/setup_uninstall.yml_(IaC)_', 'matrix-docker-ansible-deploy/roles/custom/matrix-synapse/tasks/synapse/setup_install.yml_(IaC)_', 'matrix-docker-ansible-deploy/roles/custom/matrix-user-creator/tasks/main.yml_(IaC)_', 'matrix-docker-ansible-deploy/roles/custom/matrix-user-verification-service/tasks/main.yml_(IaC)_', 'matrix-docker-ansible-deploy/roles/custom/matrix_playbook_migration/tasks/main.yml_(IaC)_']]","['9eaf6944e3c6d8ea8f1094dc515713053e190573', 'dddfee16bc852fc989b057bd1867f0e85825846d']","[0.1, 0.7]","[0.1111111111111111, 0.07216494845360824]","[0.10526315789473685, 0.1308411214953271]","[1, 1]","[0.3333333333333333, 1.0]"
