NB_recommended_files,Best_solution,Recommended_files,Co_modified_files,Commits_hash,PRECISION,RECALL,FSCORE,SUCCESS_RATE,MRR
"[3, 3, 3]","[[111, 125, 119, 122, 121, 115, 110, 11, 116, 113], [111, 125, 119, 122, 121, 115, 110, 11, 116, 113], [111, 125, 119, 122, 121, 115, 110, 11, 116, 113]]","[['puppet-icinga2/manifests/object/service.pp_(IaC)_', 'puppet-icinga2/manifests/object/checkcommand.pp_(IaC)_', 'puppet-icinga2/manifests/object/icingaapplication.pp_(IaC)_', 'puppet-icinga2/manifests/object/notificationcommand.pp_(IaC)_', 'puppet-icinga2/manifests/object/endpoint.pp_(IaC)_', 'puppet-icinga2/manifests/object/host.pp_(IaC)_', 'puppet-icinga2/manifests/object/user.pp_(IaC)_', 'puppet-icinga2/types/customattributes.pp_(IaC)_', 'puppet-icinga2/manifests/object/notification.pp_(IaC)_', 'puppet-icinga2/manifests/object/eventcommand.pp_(IaC)_'], ['puppet-icinga2/manifests/object/service.pp_(IaC)_', 'puppet-icinga2/manifests/object/checkcommand.pp_(IaC)_', 'puppet-icinga2/manifests/object/icingaapplication.pp_(IaC)_', 'puppet-icinga2/manifests/object/notificationcommand.pp_(IaC)_', 'puppet-icinga2/manifests/object/endpoint.pp_(IaC)_', 'puppet-icinga2/manifests/object/host.pp_(IaC)_', 'puppet-icinga2/manifests/object/user.pp_(IaC)_', 'puppet-icinga2/types/customattributes.pp_(IaC)_', 'puppet-icinga2/manifests/object/notification.pp_(IaC)_', 'puppet-icinga2/manifests/object/eventcommand.pp_(IaC)_'], ['puppet-icinga2/manifests/object/service.pp_(IaC)_', 'puppet-icinga2/manifests/object/checkcommand.pp_(IaC)_', 'puppet-icinga2/manifests/object/icingaapplication.pp_(IaC)_', 'puppet-icinga2/manifests/object/notificationcommand.pp_(IaC)_', 'puppet-icinga2/manifests/object/endpoint.pp_(IaC)_', 'puppet-icinga2/manifests/object/host.pp_(IaC)_', 'puppet-icinga2/manifests/object/user.pp_(IaC)_', 'puppet-icinga2/types/customattributes.pp_(IaC)_', 'puppet-icinga2/manifests/object/notification.pp_(IaC)_', 'puppet-icinga2/manifests/object/eventcommand.pp_(IaC)_']]","[['puppet-icinga2/manifests/feature/gelf.pp_(IaC)_', 'puppet-icinga2/spec/classes/influxdb2_spec.rb_(Other)_', 'puppet-icinga2/spec/classes/windowseventlog_spec.rb_(Other)_', 'puppet-icinga2/types/logfacility.pp_(IaC)_'], ['puppet-icinga2/manifests/config/fragment.pp_(IaC)_', 'puppet-icinga2/manifests/feature/api.pp_(IaC)_', 'puppet-icinga2/manifests/feature/checker.pp_(IaC)_', 'puppet-icinga2/manifests/feature/command.pp_(IaC)_', 'puppet-icinga2/manifests/feature/compatlog.pp_(IaC)_', 'puppet-icinga2/manifests/feature/debuglog.pp_(IaC)_', 'puppet-icinga2/manifests/feature/elasticsearch.pp_(IaC)_', 'puppet-icinga2/manifests/feature/gelf.pp_(IaC)_', 'puppet-icinga2/manifests/feature/graphite.pp_(IaC)_', 'puppet-icinga2/manifests/feature/icingadb.pp_(IaC)_', 'puppet-icinga2/manifests/feature/idomysql.pp_(IaC)_', 'puppet-icinga2/manifests/feature/idopgsql.pp_(IaC)_', 'puppet-icinga2/manifests/feature/influxdb.pp_(IaC)_', 'puppet-icinga2/manifests/feature/influxdb2.pp_(IaC)_', 'puppet-icinga2/manifests/feature/livestatus.pp_(IaC)_', 'puppet-icinga2/manifests/feature/mainlog.pp_(IaC)_', 'puppet-icinga2/manifests/feature/notification.pp_(IaC)_', 'puppet-icinga2/manifests/feature/opentsdb.pp_(IaC)_', 'puppet-icinga2/manifests/feature/perfdata.pp_(IaC)_', 'puppet-icinga2/manifests/feature/statusdata.pp_(IaC)_', 'puppet-icinga2/manifests/feature/syslog.pp_(IaC)_', 'puppet-icinga2/manifests/feature/windowseventlog.pp_(IaC)_', 'puppet-icinga2/manifests/globals.pp_(IaC)_', 'puppet-icinga2/manifests/init.pp_(IaC)_', 'puppet-icinga2/manifests/object.pp_(IaC)_', 'puppet-icinga2/manifests/object/apiuser.pp_(IaC)_', 'puppet-icinga2/manifests/object/checkcommand.pp_(IaC)_', 'puppet-icinga2/manifests/object/checkresultreader.pp_(IaC)_', 'puppet-icinga2/manifests/object/dependency.pp_(IaC)_', 'puppet-icinga2/manifests/object/endpoint.pp_(IaC)_', 'puppet-icinga2/manifests/object/eventcommand.pp_(IaC)_', 'puppet-icinga2/manifests/object/host.pp_(IaC)_', 'puppet-icinga2/manifests/object/hostgroup.pp_(IaC)_', 'puppet-icinga2/manifests/object/notification.pp_(IaC)_', 'puppet-icinga2/manifests/object/notificationcommand.pp_(IaC)_', 'puppet-icinga2/manifests/object/scheduleddowntime.pp_(IaC)_', 'puppet-icinga2/manifests/object/service.pp_(IaC)_', 'puppet-icinga2/manifests/object/servicegroup.pp_(IaC)_', 'puppet-icinga2/manifests/object/timeperiod.pp_(IaC)_', 'puppet-icinga2/manifests/object/user.pp_(IaC)_', 'puppet-icinga2/manifests/object/usergroup.pp_(IaC)_', 'puppet-icinga2/manifests/object/zone.pp_(IaC)_', 'puppet-icinga2/manifests/pki/ca.pp_(IaC)_'], ['puppet-icinga2/manifests/object/apiuser.pp_(IaC)_', 'puppet-icinga2/manifests/object/checkcommand.pp_(IaC)_', 'puppet-icinga2/manifests/object/dependency.pp_(IaC)_', 'puppet-icinga2/manifests/object/endpoint.pp_(IaC)_', 'puppet-icinga2/manifests/object/eventcommand.pp_(IaC)_', 'puppet-icinga2/manifests/object/host.pp_(IaC)_', 'puppet-icinga2/manifests/object/hostgroup.pp_(IaC)_', 'puppet-icinga2/manifests/object/notification.pp_(IaC)_', 'puppet-icinga2/manifests/object/notificationcommand.pp_(IaC)_', 'puppet-icinga2/manifests/object/scheduleddowntime.pp_(IaC)_', 'puppet-icinga2/manifests/object/service.pp_(IaC)_', 'puppet-icinga2/manifests/object/servicegroup.pp_(IaC)_', 'puppet-icinga2/manifests/object/timeperiod.pp_(IaC)_', 'puppet-icinga2/manifests/object/user.pp_(IaC)_', 'puppet-icinga2/manifests/object/usergroup.pp_(IaC)_', 'puppet-icinga2/manifests/object/zone.pp_(IaC)_', 'puppet-icinga2/manifests/query_objects.pp_(IaC)_', 'puppet-icinga2/metadata.json_(Other)_', 'puppet-icinga2/spec/defines/objects_spec.rb_(Other)_', 'puppet-icinga2/templates/object.conf.epp_(Other)_', 'puppet-icinga2/templates/objects.epp_(Other)_']]","['e45aa8bc8d34646d4bc04024270810ba5af2cc80', '1a9648985cb25ea20f754c19db08385461238e9d', '63b3349774b18a4e1848954acc437fc2539953fc']","[0.0, 0.6666666666666666, 0.6666666666666666]","[0.0, 0.046511627906976744, 0.09523809523809523]","[0, 0.08695652173913045, 0.16666666666666666]","[0, 1, 1]","[0, 1.0, 1.0]"
"[3, 3, 3]","[[109, 123, 119, 113, 124, 121, 11, 117, 125, 122, 115, 110, 111, 116], [109, 123, 119, 113, 124, 121, 11, 117, 125, 122, 115, 110, 111, 116], [109, 123, 119, 113, 124, 121, 11, 117, 125, 122, 115, 110, 111, 116]]","[['puppet-icinga2/manifests/object/timeperiod.pp_(IaC)_', 'puppet-icinga2/manifests/object/zone.pp_(IaC)_', 'puppet-icinga2/manifests/object/icingaapplication.pp_(IaC)_', 'puppet-icinga2/manifests/object/eventcommand.pp_(IaC)_', 'puppet-icinga2/manifests/object/dependency.pp_(IaC)_', 'puppet-icinga2/manifests/object/endpoint.pp_(IaC)_', 'puppet-icinga2/types/customattributes.pp_(IaC)_', 'puppet-icinga2/manifests/object/servicegroup.pp_(IaC)_', 'puppet-icinga2/manifests/object/checkcommand.pp_(IaC)_', 'puppet-icinga2/manifests/object/notificationcommand.pp_(IaC)_', 'puppet-icinga2/manifests/object/host.pp_(IaC)_', 'puppet-icinga2/manifests/object/user.pp_(IaC)_', 'puppet-icinga2/manifests/object/service.pp_(IaC)_', 'puppet-icinga2/manifests/object/notification.pp_(IaC)_'], ['puppet-icinga2/manifests/object/timeperiod.pp_(IaC)_', 'puppet-icinga2/manifests/object/zone.pp_(IaC)_', 'puppet-icinga2/manifests/object/icingaapplication.pp_(IaC)_', 'puppet-icinga2/manifests/object/eventcommand.pp_(IaC)_', 'puppet-icinga2/manifests/object/dependency.pp_(IaC)_', 'puppet-icinga2/manifests/object/endpoint.pp_(IaC)_', 'puppet-icinga2/types/customattributes.pp_(IaC)_', 'puppet-icinga2/manifests/object/servicegroup.pp_(IaC)_', 'puppet-icinga2/manifests/object/checkcommand.pp_(IaC)_', 'puppet-icinga2/manifests/object/notificationcommand.pp_(IaC)_', 'puppet-icinga2/manifests/object/host.pp_(IaC)_', 'puppet-icinga2/manifests/object/user.pp_(IaC)_', 'puppet-icinga2/manifests/object/service.pp_(IaC)_', 'puppet-icinga2/manifests/object/notification.pp_(IaC)_'], ['puppet-icinga2/manifests/object/timeperiod.pp_(IaC)_', 'puppet-icinga2/manifests/object/zone.pp_(IaC)_', 'puppet-icinga2/manifests/object/icingaapplication.pp_(IaC)_', 'puppet-icinga2/manifests/object/eventcommand.pp_(IaC)_', 'puppet-icinga2/manifests/object/dependency.pp_(IaC)_', 'puppet-icinga2/manifests/object/endpoint.pp_(IaC)_', 'puppet-icinga2/types/customattributes.pp_(IaC)_', 'puppet-icinga2/manifests/object/servicegroup.pp_(IaC)_', 'puppet-icinga2/manifests/object/checkcommand.pp_(IaC)_', 'puppet-icinga2/manifests/object/notificationcommand.pp_(IaC)_', 'puppet-icinga2/manifests/object/host.pp_(IaC)_', 'puppet-icinga2/manifests/object/user.pp_(IaC)_', 'puppet-icinga2/manifests/object/service.pp_(IaC)_', 'puppet-icinga2/manifests/object/notification.pp_(IaC)_']]","[['puppet-icinga2/manifests/feature/gelf.pp_(IaC)_', 'puppet-icinga2/spec/classes/influxdb2_spec.rb_(Other)_', 'puppet-icinga2/spec/classes/windowseventlog_spec.rb_(Other)_', 'puppet-icinga2/types/logfacility.pp_(IaC)_'], ['puppet-icinga2/manifests/config/fragment.pp_(IaC)_', 'puppet-icinga2/manifests/feature/api.pp_(IaC)_', 'puppet-icinga2/manifests/feature/checker.pp_(IaC)_', 'puppet-icinga2/manifests/feature/command.pp_(IaC)_', 'puppet-icinga2/manifests/feature/compatlog.pp_(IaC)_', 'puppet-icinga2/manifests/feature/debuglog.pp_(IaC)_', 'puppet-icinga2/manifests/feature/elasticsearch.pp_(IaC)_', 'puppet-icinga2/manifests/feature/gelf.pp_(IaC)_', 'puppet-icinga2/manifests/feature/graphite.pp_(IaC)_', 'puppet-icinga2/manifests/feature/icingadb.pp_(IaC)_', 'puppet-icinga2/manifests/feature/idomysql.pp_(IaC)_', 'puppet-icinga2/manifests/feature/idopgsql.pp_(IaC)_', 'puppet-icinga2/manifests/feature/influxdb.pp_(IaC)_', 'puppet-icinga2/manifests/feature/influxdb2.pp_(IaC)_', 'puppet-icinga2/manifests/feature/livestatus.pp_(IaC)_', 'puppet-icinga2/manifests/feature/mainlog.pp_(IaC)_', 'puppet-icinga2/manifests/feature/notification.pp_(IaC)_', 'puppet-icinga2/manifests/feature/opentsdb.pp_(IaC)_', 'puppet-icinga2/manifests/feature/perfdata.pp_(IaC)_', 'puppet-icinga2/manifests/feature/statusdata.pp_(IaC)_', 'puppet-icinga2/manifests/feature/syslog.pp_(IaC)_', 'puppet-icinga2/manifests/feature/windowseventlog.pp_(IaC)_', 'puppet-icinga2/manifests/globals.pp_(IaC)_', 'puppet-icinga2/manifests/init.pp_(IaC)_', 'puppet-icinga2/manifests/object.pp_(IaC)_', 'puppet-icinga2/manifests/object/apiuser.pp_(IaC)_', 'puppet-icinga2/manifests/object/checkcommand.pp_(IaC)_', 'puppet-icinga2/manifests/object/checkresultreader.pp_(IaC)_', 'puppet-icinga2/manifests/object/dependency.pp_(IaC)_', 'puppet-icinga2/manifests/object/endpoint.pp_(IaC)_', 'puppet-icinga2/manifests/object/eventcommand.pp_(IaC)_', 'puppet-icinga2/manifests/object/host.pp_(IaC)_', 'puppet-icinga2/manifests/object/hostgroup.pp_(IaC)_', 'puppet-icinga2/manifests/object/notification.pp_(IaC)_', 'puppet-icinga2/manifests/object/notificationcommand.pp_(IaC)_', 'puppet-icinga2/manifests/object/scheduleddowntime.pp_(IaC)_', 'puppet-icinga2/manifests/object/service.pp_(IaC)_', 'puppet-icinga2/manifests/object/servicegroup.pp_(IaC)_', 'puppet-icinga2/manifests/object/timeperiod.pp_(IaC)_', 'puppet-icinga2/manifests/object/user.pp_(IaC)_', 'puppet-icinga2/manifests/object/usergroup.pp_(IaC)_', 'puppet-icinga2/manifests/object/zone.pp_(IaC)_', 'puppet-icinga2/manifests/pki/ca.pp_(IaC)_'], ['puppet-icinga2/manifests/object/apiuser.pp_(IaC)_', 'puppet-icinga2/manifests/object/checkcommand.pp_(IaC)_', 'puppet-icinga2/manifests/object/dependency.pp_(IaC)_', 'puppet-icinga2/manifests/object/endpoint.pp_(IaC)_', 'puppet-icinga2/manifests/object/eventcommand.pp_(IaC)_', 'puppet-icinga2/manifests/object/host.pp_(IaC)_', 'puppet-icinga2/manifests/object/hostgroup.pp_(IaC)_', 'puppet-icinga2/manifests/object/notification.pp_(IaC)_', 'puppet-icinga2/manifests/object/notificationcommand.pp_(IaC)_', 'puppet-icinga2/manifests/object/scheduleddowntime.pp_(IaC)_', 'puppet-icinga2/manifests/object/service.pp_(IaC)_', 'puppet-icinga2/manifests/object/servicegroup.pp_(IaC)_', 'puppet-icinga2/manifests/object/timeperiod.pp_(IaC)_', 'puppet-icinga2/manifests/object/user.pp_(IaC)_', 'puppet-icinga2/manifests/object/usergroup.pp_(IaC)_', 'puppet-icinga2/manifests/object/zone.pp_(IaC)_', 'puppet-icinga2/manifests/query_objects.pp_(IaC)_', 'puppet-icinga2/metadata.json_(Other)_', 'puppet-icinga2/spec/defines/objects_spec.rb_(Other)_', 'puppet-icinga2/templates/object.conf.epp_(Other)_', 'puppet-icinga2/templates/objects.epp_(Other)_']]","['e45aa8bc8d34646d4bc04024270810ba5af2cc80', '1a9648985cb25ea20f754c19db08385461238e9d', '63b3349774b18a4e1848954acc437fc2539953fc']","[0.0, 0.6666666666666666, 0.6666666666666666]","[0.0, 0.046511627906976744, 0.09523809523809523]","[0, 0.08695652173913045, 0.16666666666666666]","[0, 1, 1]","[0, 1.0, 1.0]"
"[3, 3, 3]","[[116, 124, 110, 119, 122, 121, 118, 113, 112, 114, 123, 111, 11, 125, 109, 115, 117, 15], [116, 124, 110, 119, 122, 121, 118, 113, 112, 114, 123, 111, 11, 125, 109, 115, 117, 15], [116, 124, 110, 119, 122, 121, 118, 113, 112, 114, 123, 111, 11, 125, 109, 115, 117, 15]]","[['puppet-icinga2/manifests/object/notification.pp_(IaC)_', 'puppet-icinga2/manifests/object/dependency.pp_(IaC)_', 'puppet-icinga2/manifests/object/user.pp_(IaC)_', 'puppet-icinga2/manifests/object/icingaapplication.pp_(IaC)_', 'puppet-icinga2/manifests/object/notificationcommand.pp_(IaC)_', 'puppet-icinga2/manifests/object/endpoint.pp_(IaC)_', 'puppet-icinga2/manifests/object/hostgroup.pp_(IaC)_', 'puppet-icinga2/manifests/object/eventcommand.pp_(IaC)_', 'puppet-icinga2/manifests/object/usergroup.pp_(IaC)_', 'puppet-icinga2/manifests/object/scheduleddowntime.pp_(IaC)_', 'puppet-icinga2/manifests/object/zone.pp_(IaC)_', 'puppet-icinga2/manifests/object/service.pp_(IaC)_', 'puppet-icinga2/types/customattributes.pp_(IaC)_', 'puppet-icinga2/manifests/object/checkcommand.pp_(IaC)_', 'puppet-icinga2/manifests/object/timeperiod.pp_(IaC)_', 'puppet-icinga2/manifests/object/host.pp_(IaC)_', 'puppet-icinga2/manifests/object/servicegroup.pp_(IaC)_', 'puppet-icinga2/types/basicauth.pp_(IaC)_'], ['puppet-icinga2/manifests/object/notification.pp_(IaC)_', 'puppet-icinga2/manifests/object/dependency.pp_(IaC)_', 'puppet-icinga2/manifests/object/user.pp_(IaC)_', 'puppet-icinga2/manifests/object/icingaapplication.pp_(IaC)_', 'puppet-icinga2/manifests/object/notificationcommand.pp_(IaC)_', 'puppet-icinga2/manifests/object/endpoint.pp_(IaC)_', 'puppet-icinga2/manifests/object/hostgroup.pp_(IaC)_', 'puppet-icinga2/manifests/object/eventcommand.pp_(IaC)_', 'puppet-icinga2/manifests/object/usergroup.pp_(IaC)_', 'puppet-icinga2/manifests/object/scheduleddowntime.pp_(IaC)_', 'puppet-icinga2/manifests/object/zone.pp_(IaC)_', 'puppet-icinga2/manifests/object/service.pp_(IaC)_', 'puppet-icinga2/types/customattributes.pp_(IaC)_', 'puppet-icinga2/manifests/object/checkcommand.pp_(IaC)_', 'puppet-icinga2/manifests/object/timeperiod.pp_(IaC)_', 'puppet-icinga2/manifests/object/host.pp_(IaC)_', 'puppet-icinga2/manifests/object/servicegroup.pp_(IaC)_', 'puppet-icinga2/types/basicauth.pp_(IaC)_'], ['puppet-icinga2/manifests/object/notification.pp_(IaC)_', 'puppet-icinga2/manifests/object/dependency.pp_(IaC)_', 'puppet-icinga2/manifests/object/user.pp_(IaC)_', 'puppet-icinga2/manifests/object/icingaapplication.pp_(IaC)_', 'puppet-icinga2/manifests/object/notificationcommand.pp_(IaC)_', 'puppet-icinga2/manifests/object/endpoint.pp_(IaC)_', 'puppet-icinga2/manifests/object/hostgroup.pp_(IaC)_', 'puppet-icinga2/manifests/object/eventcommand.pp_(IaC)_', 'puppet-icinga2/manifests/object/usergroup.pp_(IaC)_', 'puppet-icinga2/manifests/object/scheduleddowntime.pp_(IaC)_', 'puppet-icinga2/manifests/object/zone.pp_(IaC)_', 'puppet-icinga2/manifests/object/service.pp_(IaC)_', 'puppet-icinga2/types/customattributes.pp_(IaC)_', 'puppet-icinga2/manifests/object/checkcommand.pp_(IaC)_', 'puppet-icinga2/manifests/object/timeperiod.pp_(IaC)_', 'puppet-icinga2/manifests/object/host.pp_(IaC)_', 'puppet-icinga2/manifests/object/servicegroup.pp_(IaC)_', 'puppet-icinga2/types/basicauth.pp_(IaC)_']]","[['puppet-icinga2/manifests/feature/gelf.pp_(IaC)_', 'puppet-icinga2/spec/classes/influxdb2_spec.rb_(Other)_', 'puppet-icinga2/spec/classes/windowseventlog_spec.rb_(Other)_', 'puppet-icinga2/types/logfacility.pp_(IaC)_'], ['puppet-icinga2/manifests/config/fragment.pp_(IaC)_', 'puppet-icinga2/manifests/feature/api.pp_(IaC)_', 'puppet-icinga2/manifests/feature/checker.pp_(IaC)_', 'puppet-icinga2/manifests/feature/command.pp_(IaC)_', 'puppet-icinga2/manifests/feature/compatlog.pp_(IaC)_', 'puppet-icinga2/manifests/feature/debuglog.pp_(IaC)_', 'puppet-icinga2/manifests/feature/elasticsearch.pp_(IaC)_', 'puppet-icinga2/manifests/feature/gelf.pp_(IaC)_', 'puppet-icinga2/manifests/feature/graphite.pp_(IaC)_', 'puppet-icinga2/manifests/feature/icingadb.pp_(IaC)_', 'puppet-icinga2/manifests/feature/idomysql.pp_(IaC)_', 'puppet-icinga2/manifests/feature/idopgsql.pp_(IaC)_', 'puppet-icinga2/manifests/feature/influxdb.pp_(IaC)_', 'puppet-icinga2/manifests/feature/influxdb2.pp_(IaC)_', 'puppet-icinga2/manifests/feature/livestatus.pp_(IaC)_', 'puppet-icinga2/manifests/feature/mainlog.pp_(IaC)_', 'puppet-icinga2/manifests/feature/notification.pp_(IaC)_', 'puppet-icinga2/manifests/feature/opentsdb.pp_(IaC)_', 'puppet-icinga2/manifests/feature/perfdata.pp_(IaC)_', 'puppet-icinga2/manifests/feature/statusdata.pp_(IaC)_', 'puppet-icinga2/manifests/feature/syslog.pp_(IaC)_', 'puppet-icinga2/manifests/feature/windowseventlog.pp_(IaC)_', 'puppet-icinga2/manifests/globals.pp_(IaC)_', 'puppet-icinga2/manifests/init.pp_(IaC)_', 'puppet-icinga2/manifests/object.pp_(IaC)_', 'puppet-icinga2/manifests/object/apiuser.pp_(IaC)_', 'puppet-icinga2/manifests/object/checkcommand.pp_(IaC)_', 'puppet-icinga2/manifests/object/checkresultreader.pp_(IaC)_', 'puppet-icinga2/manifests/object/dependency.pp_(IaC)_', 'puppet-icinga2/manifests/object/endpoint.pp_(IaC)_', 'puppet-icinga2/manifests/object/eventcommand.pp_(IaC)_', 'puppet-icinga2/manifests/object/host.pp_(IaC)_', 'puppet-icinga2/manifests/object/hostgroup.pp_(IaC)_', 'puppet-icinga2/manifests/object/notification.pp_(IaC)_', 'puppet-icinga2/manifests/object/notificationcommand.pp_(IaC)_', 'puppet-icinga2/manifests/object/scheduleddowntime.pp_(IaC)_', 'puppet-icinga2/manifests/object/service.pp_(IaC)_', 'puppet-icinga2/manifests/object/servicegroup.pp_(IaC)_', 'puppet-icinga2/manifests/object/timeperiod.pp_(IaC)_', 'puppet-icinga2/manifests/object/user.pp_(IaC)_', 'puppet-icinga2/manifests/object/usergroup.pp_(IaC)_', 'puppet-icinga2/manifests/object/zone.pp_(IaC)_', 'puppet-icinga2/manifests/pki/ca.pp_(IaC)_'], ['puppet-icinga2/manifests/object/apiuser.pp_(IaC)_', 'puppet-icinga2/manifests/object/checkcommand.pp_(IaC)_', 'puppet-icinga2/manifests/object/dependency.pp_(IaC)_', 'puppet-icinga2/manifests/object/endpoint.pp_(IaC)_', 'puppet-icinga2/manifests/object/eventcommand.pp_(IaC)_', 'puppet-icinga2/manifests/object/host.pp_(IaC)_', 'puppet-icinga2/manifests/object/hostgroup.pp_(IaC)_', 'puppet-icinga2/manifests/object/notification.pp_(IaC)_', 'puppet-icinga2/manifests/object/notificationcommand.pp_(IaC)_', 'puppet-icinga2/manifests/object/scheduleddowntime.pp_(IaC)_', 'puppet-icinga2/manifests/object/service.pp_(IaC)_', 'puppet-icinga2/manifests/object/servicegroup.pp_(IaC)_', 'puppet-icinga2/manifests/object/timeperiod.pp_(IaC)_', 'puppet-icinga2/manifests/object/user.pp_(IaC)_', 'puppet-icinga2/manifests/object/usergroup.pp_(IaC)_', 'puppet-icinga2/manifests/object/zone.pp_(IaC)_', 'puppet-icinga2/manifests/query_objects.pp_(IaC)_', 'puppet-icinga2/metadata.json_(Other)_', 'puppet-icinga2/spec/defines/objects_spec.rb_(Other)_', 'puppet-icinga2/templates/object.conf.epp_(Other)_', 'puppet-icinga2/templates/objects.epp_(Other)_']]","['e45aa8bc8d34646d4bc04024270810ba5af2cc80', '1a9648985cb25ea20f754c19db08385461238e9d', '63b3349774b18a4e1848954acc437fc2539953fc']","[0.0, 1.0, 1.0]","[0.0, 0.06976744186046512, 0.14285714285714285]","[0, 0.13043478260869565, 0.25]","[0, 1, 1]","[0, 1.0, 1.0]"
"[3, 3, 3]","[[122, 116, 125, 115, 119, 11, 113, 117, 121, 111, 110], [122, 116, 125, 115, 119, 11, 113, 117, 121, 111, 110], [122, 116, 125, 115, 119, 11, 113, 117, 121, 111, 110]]","[['puppet-icinga2/manifests/object/notificationcommand.pp_(IaC)_', 'puppet-icinga2/manifests/object/notification.pp_(IaC)_', 'puppet-icinga2/manifests/object/checkcommand.pp_(IaC)_', 'puppet-icinga2/manifests/object/host.pp_(IaC)_', 'puppet-icinga2/manifests/object/icingaapplication.pp_(IaC)_', 'puppet-icinga2/types/customattributes.pp_(IaC)_', 'puppet-icinga2/manifests/object/eventcommand.pp_(IaC)_', 'puppet-icinga2/manifests/object/servicegroup.pp_(IaC)_', 'puppet-icinga2/manifests/object/endpoint.pp_(IaC)_', 'puppet-icinga2/manifests/object/service.pp_(IaC)_', 'puppet-icinga2/manifests/object/user.pp_(IaC)_'], ['puppet-icinga2/manifests/object/notificationcommand.pp_(IaC)_', 'puppet-icinga2/manifests/object/notification.pp_(IaC)_', 'puppet-icinga2/manifests/object/checkcommand.pp_(IaC)_', 'puppet-icinga2/manifests/object/host.pp_(IaC)_', 'puppet-icinga2/manifests/object/icingaapplication.pp_(IaC)_', 'puppet-icinga2/types/customattributes.pp_(IaC)_', 'puppet-icinga2/manifests/object/eventcommand.pp_(IaC)_', 'puppet-icinga2/manifests/object/servicegroup.pp_(IaC)_', 'puppet-icinga2/manifests/object/endpoint.pp_(IaC)_', 'puppet-icinga2/manifests/object/service.pp_(IaC)_', 'puppet-icinga2/manifests/object/user.pp_(IaC)_'], ['puppet-icinga2/manifests/object/notificationcommand.pp_(IaC)_', 'puppet-icinga2/manifests/object/notification.pp_(IaC)_', 'puppet-icinga2/manifests/object/checkcommand.pp_(IaC)_', 'puppet-icinga2/manifests/object/host.pp_(IaC)_', 'puppet-icinga2/manifests/object/icingaapplication.pp_(IaC)_', 'puppet-icinga2/types/customattributes.pp_(IaC)_', 'puppet-icinga2/manifests/object/eventcommand.pp_(IaC)_', 'puppet-icinga2/manifests/object/servicegroup.pp_(IaC)_', 'puppet-icinga2/manifests/object/endpoint.pp_(IaC)_', 'puppet-icinga2/manifests/object/service.pp_(IaC)_', 'puppet-icinga2/manifests/object/user.pp_(IaC)_']]","[['puppet-icinga2/manifests/feature/gelf.pp_(IaC)_', 'puppet-icinga2/spec/classes/influxdb2_spec.rb_(Other)_', 'puppet-icinga2/spec/classes/windowseventlog_spec.rb_(Other)_', 'puppet-icinga2/types/logfacility.pp_(IaC)_'], ['puppet-icinga2/manifests/config/fragment.pp_(IaC)_', 'puppet-icinga2/manifests/feature/api.pp_(IaC)_', 'puppet-icinga2/manifests/feature/checker.pp_(IaC)_', 'puppet-icinga2/manifests/feature/command.pp_(IaC)_', 'puppet-icinga2/manifests/feature/compatlog.pp_(IaC)_', 'puppet-icinga2/manifests/feature/debuglog.pp_(IaC)_', 'puppet-icinga2/manifests/feature/elasticsearch.pp_(IaC)_', 'puppet-icinga2/manifests/feature/gelf.pp_(IaC)_', 'puppet-icinga2/manifests/feature/graphite.pp_(IaC)_', 'puppet-icinga2/manifests/feature/icingadb.pp_(IaC)_', 'puppet-icinga2/manifests/feature/idomysql.pp_(IaC)_', 'puppet-icinga2/manifests/feature/idopgsql.pp_(IaC)_', 'puppet-icinga2/manifests/feature/influxdb.pp_(IaC)_', 'puppet-icinga2/manifests/feature/influxdb2.pp_(IaC)_', 'puppet-icinga2/manifests/feature/livestatus.pp_(IaC)_', 'puppet-icinga2/manifests/feature/mainlog.pp_(IaC)_', 'puppet-icinga2/manifests/feature/notification.pp_(IaC)_', 'puppet-icinga2/manifests/feature/opentsdb.pp_(IaC)_', 'puppet-icinga2/manifests/feature/perfdata.pp_(IaC)_', 'puppet-icinga2/manifests/feature/statusdata.pp_(IaC)_', 'puppet-icinga2/manifests/feature/syslog.pp_(IaC)_', 'puppet-icinga2/manifests/feature/windowseventlog.pp_(IaC)_', 'puppet-icinga2/manifests/globals.pp_(IaC)_', 'puppet-icinga2/manifests/init.pp_(IaC)_', 'puppet-icinga2/manifests/object.pp_(IaC)_', 'puppet-icinga2/manifests/object/apiuser.pp_(IaC)_', 'puppet-icinga2/manifests/object/checkcommand.pp_(IaC)_', 'puppet-icinga2/manifests/object/checkresultreader.pp_(IaC)_', 'puppet-icinga2/manifests/object/dependency.pp_(IaC)_', 'puppet-icinga2/manifests/object/endpoint.pp_(IaC)_', 'puppet-icinga2/manifests/object/eventcommand.pp_(IaC)_', 'puppet-icinga2/manifests/object/host.pp_(IaC)_', 'puppet-icinga2/manifests/object/hostgroup.pp_(IaC)_', 'puppet-icinga2/manifests/object/notification.pp_(IaC)_', 'puppet-icinga2/manifests/object/notificationcommand.pp_(IaC)_', 'puppet-icinga2/manifests/object/scheduleddowntime.pp_(IaC)_', 'puppet-icinga2/manifests/object/service.pp_(IaC)_', 'puppet-icinga2/manifests/object/servicegroup.pp_(IaC)_', 'puppet-icinga2/manifests/object/timeperiod.pp_(IaC)_', 'puppet-icinga2/manifests/object/user.pp_(IaC)_', 'puppet-icinga2/manifests/object/usergroup.pp_(IaC)_', 'puppet-icinga2/manifests/object/zone.pp_(IaC)_', 'puppet-icinga2/manifests/pki/ca.pp_(IaC)_'], ['puppet-icinga2/manifests/object/apiuser.pp_(IaC)_', 'puppet-icinga2/manifests/object/checkcommand.pp_(IaC)_', 'puppet-icinga2/manifests/object/dependency.pp_(IaC)_', 'puppet-icinga2/manifests/object/endpoint.pp_(IaC)_', 'puppet-icinga2/manifests/object/eventcommand.pp_(IaC)_', 'puppet-icinga2/manifests/object/host.pp_(IaC)_', 'puppet-icinga2/manifests/object/hostgroup.pp_(IaC)_', 'puppet-icinga2/manifests/object/notification.pp_(IaC)_', 'puppet-icinga2/manifests/object/notificationcommand.pp_(IaC)_', 'puppet-icinga2/manifests/object/scheduleddowntime.pp_(IaC)_', 'puppet-icinga2/manifests/object/service.pp_(IaC)_', 'puppet-icinga2/manifests/object/servicegroup.pp_(IaC)_', 'puppet-icinga2/manifests/object/timeperiod.pp_(IaC)_', 'puppet-icinga2/manifests/object/user.pp_(IaC)_', 'puppet-icinga2/manifests/object/usergroup.pp_(IaC)_', 'puppet-icinga2/manifests/object/zone.pp_(IaC)_', 'puppet-icinga2/manifests/query_objects.pp_(IaC)_', 'puppet-icinga2/metadata.json_(Other)_', 'puppet-icinga2/spec/defines/objects_spec.rb_(Other)_', 'puppet-icinga2/templates/object.conf.epp_(Other)_', 'puppet-icinga2/templates/objects.epp_(Other)_']]","['e45aa8bc8d34646d4bc04024270810ba5af2cc80', '1a9648985cb25ea20f754c19db08385461238e9d', '63b3349774b18a4e1848954acc437fc2539953fc']","[0.0, 1.0, 1.0]","[0.0, 0.06976744186046512, 0.14285714285714285]","[0, 0.13043478260869565, 0.25]","[0, 1, 1]","[0, 1.0, 1.0]"
"[3, 3, 3]","[[115, 113, 121, 124, 108, 125, 117, 118, 11, 111, 112, 122, 110, 114, 119, 116, 123, 120, 109], [115, 113, 121, 124, 108, 125, 117, 118, 11, 111, 112, 122, 110, 114, 119, 116, 123, 120, 109], [115, 113, 121, 124, 108, 125, 117, 118, 11, 111, 112, 122, 110, 114, 119, 116, 123, 120, 109]]","[['puppet-icinga2/manifests/object/host.pp_(IaC)_', 'puppet-icinga2/manifests/object/eventcommand.pp_(IaC)_', 'puppet-icinga2/manifests/object/endpoint.pp_(IaC)_', 'puppet-icinga2/manifests/object/dependency.pp_(IaC)_', 'puppet-icinga2/manifests/object/apiuser.pp_(IaC)_', 'puppet-icinga2/manifests/object/checkcommand.pp_(IaC)_', 'puppet-icinga2/manifests/object/servicegroup.pp_(IaC)_', 'puppet-icinga2/manifests/object/hostgroup.pp_(IaC)_', 'puppet-icinga2/types/customattributes.pp_(IaC)_', 'puppet-icinga2/manifests/object/service.pp_(IaC)_', 'puppet-icinga2/manifests/object/usergroup.pp_(IaC)_', 'puppet-icinga2/manifests/object/notificationcommand.pp_(IaC)_', 'puppet-icinga2/manifests/object/user.pp_(IaC)_', 'puppet-icinga2/manifests/object/scheduleddowntime.pp_(IaC)_', 'puppet-icinga2/manifests/object/icingaapplication.pp_(IaC)_', 'puppet-icinga2/manifests/object/notification.pp_(IaC)_', 'puppet-icinga2/manifests/object/zone.pp_(IaC)_', 'puppet-icinga2/manifests/object/checkresultreader.pp_(IaC)_', 'puppet-icinga2/manifests/object/timeperiod.pp_(IaC)_'], ['puppet-icinga2/manifests/object/host.pp_(IaC)_', 'puppet-icinga2/manifests/object/eventcommand.pp_(IaC)_', 'puppet-icinga2/manifests/object/endpoint.pp_(IaC)_', 'puppet-icinga2/manifests/object/dependency.pp_(IaC)_', 'puppet-icinga2/manifests/object/apiuser.pp_(IaC)_', 'puppet-icinga2/manifests/object/checkcommand.pp_(IaC)_', 'puppet-icinga2/manifests/object/servicegroup.pp_(IaC)_', 'puppet-icinga2/manifests/object/hostgroup.pp_(IaC)_', 'puppet-icinga2/types/customattributes.pp_(IaC)_', 'puppet-icinga2/manifests/object/service.pp_(IaC)_', 'puppet-icinga2/manifests/object/usergroup.pp_(IaC)_', 'puppet-icinga2/manifests/object/notificationcommand.pp_(IaC)_', 'puppet-icinga2/manifests/object/user.pp_(IaC)_', 'puppet-icinga2/manifests/object/scheduleddowntime.pp_(IaC)_', 'puppet-icinga2/manifests/object/icingaapplication.pp_(IaC)_', 'puppet-icinga2/manifests/object/notification.pp_(IaC)_', 'puppet-icinga2/manifests/object/zone.pp_(IaC)_', 'puppet-icinga2/manifests/object/checkresultreader.pp_(IaC)_', 'puppet-icinga2/manifests/object/timeperiod.pp_(IaC)_'], ['puppet-icinga2/manifests/object/host.pp_(IaC)_', 'puppet-icinga2/manifests/object/eventcommand.pp_(IaC)_', 'puppet-icinga2/manifests/object/endpoint.pp_(IaC)_', 'puppet-icinga2/manifests/object/dependency.pp_(IaC)_', 'puppet-icinga2/manifests/object/apiuser.pp_(IaC)_', 'puppet-icinga2/manifests/object/checkcommand.pp_(IaC)_', 'puppet-icinga2/manifests/object/servicegroup.pp_(IaC)_', 'puppet-icinga2/manifests/object/hostgroup.pp_(IaC)_', 'puppet-icinga2/types/customattributes.pp_(IaC)_', 'puppet-icinga2/manifests/object/service.pp_(IaC)_', 'puppet-icinga2/manifests/object/usergroup.pp_(IaC)_', 'puppet-icinga2/manifests/object/notificationcommand.pp_(IaC)_', 'puppet-icinga2/manifests/object/user.pp_(IaC)_', 'puppet-icinga2/manifests/object/scheduleddowntime.pp_(IaC)_', 'puppet-icinga2/manifests/object/icingaapplication.pp_(IaC)_', 'puppet-icinga2/manifests/object/notification.pp_(IaC)_', 'puppet-icinga2/manifests/object/zone.pp_(IaC)_', 'puppet-icinga2/manifests/object/checkresultreader.pp_(IaC)_', 'puppet-icinga2/manifests/object/timeperiod.pp_(IaC)_']]","[['puppet-icinga2/manifests/feature/gelf.pp_(IaC)_', 'puppet-icinga2/spec/classes/influxdb2_spec.rb_(Other)_', 'puppet-icinga2/spec/classes/windowseventlog_spec.rb_(Other)_', 'puppet-icinga2/types/logfacility.pp_(IaC)_'], ['puppet-icinga2/manifests/config/fragment.pp_(IaC)_', 'puppet-icinga2/manifests/feature/api.pp_(IaC)_', 'puppet-icinga2/manifests/feature/checker.pp_(IaC)_', 'puppet-icinga2/manifests/feature/command.pp_(IaC)_', 'puppet-icinga2/manifests/feature/compatlog.pp_(IaC)_', 'puppet-icinga2/manifests/feature/debuglog.pp_(IaC)_', 'puppet-icinga2/manifests/feature/elasticsearch.pp_(IaC)_', 'puppet-icinga2/manifests/feature/gelf.pp_(IaC)_', 'puppet-icinga2/manifests/feature/graphite.pp_(IaC)_', 'puppet-icinga2/manifests/feature/icingadb.pp_(IaC)_', 'puppet-icinga2/manifests/feature/idomysql.pp_(IaC)_', 'puppet-icinga2/manifests/feature/idopgsql.pp_(IaC)_', 'puppet-icinga2/manifests/feature/influxdb.pp_(IaC)_', 'puppet-icinga2/manifests/feature/influxdb2.pp_(IaC)_', 'puppet-icinga2/manifests/feature/livestatus.pp_(IaC)_', 'puppet-icinga2/manifests/feature/mainlog.pp_(IaC)_', 'puppet-icinga2/manifests/feature/notification.pp_(IaC)_', 'puppet-icinga2/manifests/feature/opentsdb.pp_(IaC)_', 'puppet-icinga2/manifests/feature/perfdata.pp_(IaC)_', 'puppet-icinga2/manifests/feature/statusdata.pp_(IaC)_', 'puppet-icinga2/manifests/feature/syslog.pp_(IaC)_', 'puppet-icinga2/manifests/feature/windowseventlog.pp_(IaC)_', 'puppet-icinga2/manifests/globals.pp_(IaC)_', 'puppet-icinga2/manifests/init.pp_(IaC)_', 'puppet-icinga2/manifests/object.pp_(IaC)_', 'puppet-icinga2/manifests/object/apiuser.pp_(IaC)_', 'puppet-icinga2/manifests/object/checkcommand.pp_(IaC)_', 'puppet-icinga2/manifests/object/checkresultreader.pp_(IaC)_', 'puppet-icinga2/manifests/object/dependency.pp_(IaC)_', 'puppet-icinga2/manifests/object/endpoint.pp_(IaC)_', 'puppet-icinga2/manifests/object/eventcommand.pp_(IaC)_', 'puppet-icinga2/manifests/object/host.pp_(IaC)_', 'puppet-icinga2/manifests/object/hostgroup.pp_(IaC)_', 'puppet-icinga2/manifests/object/notification.pp_(IaC)_', 'puppet-icinga2/manifests/object/notificationcommand.pp_(IaC)_', 'puppet-icinga2/manifests/object/scheduleddowntime.pp_(IaC)_', 'puppet-icinga2/manifests/object/service.pp_(IaC)_', 'puppet-icinga2/manifests/object/servicegroup.pp_(IaC)_', 'puppet-icinga2/manifests/object/timeperiod.pp_(IaC)_', 'puppet-icinga2/manifests/object/user.pp_(IaC)_', 'puppet-icinga2/manifests/object/usergroup.pp_(IaC)_', 'puppet-icinga2/manifests/object/zone.pp_(IaC)_', 'puppet-icinga2/manifests/pki/ca.pp_(IaC)_'], ['puppet-icinga2/manifests/object/apiuser.pp_(IaC)_', 'puppet-icinga2/manifests/object/checkcommand.pp_(IaC)_', 'puppet-icinga2/manifests/object/dependency.pp_(IaC)_', 'puppet-icinga2/manifests/object/endpoint.pp_(IaC)_', 'puppet-icinga2/manifests/object/eventcommand.pp_(IaC)_', 'puppet-icinga2/manifests/object/host.pp_(IaC)_', 'puppet-icinga2/manifests/object/hostgroup.pp_(IaC)_', 'puppet-icinga2/manifests/object/notification.pp_(IaC)_', 'puppet-icinga2/manifests/object/notificationcommand.pp_(IaC)_', 'puppet-icinga2/manifests/object/scheduleddowntime.pp_(IaC)_', 'puppet-icinga2/manifests/object/service.pp_(IaC)_', 'puppet-icinga2/manifests/object/servicegroup.pp_(IaC)_', 'puppet-icinga2/manifests/object/timeperiod.pp_(IaC)_', 'puppet-icinga2/manifests/object/user.pp_(IaC)_', 'puppet-icinga2/manifests/object/usergroup.pp_(IaC)_', 'puppet-icinga2/manifests/object/zone.pp_(IaC)_', 'puppet-icinga2/manifests/query_objects.pp_(IaC)_', 'puppet-icinga2/metadata.json_(Other)_', 'puppet-icinga2/spec/defines/objects_spec.rb_(Other)_', 'puppet-icinga2/templates/object.conf.epp_(Other)_', 'puppet-icinga2/templates/objects.epp_(Other)_']]","['e45aa8bc8d34646d4bc04024270810ba5af2cc80', '1a9648985cb25ea20f754c19db08385461238e9d', '63b3349774b18a4e1848954acc437fc2539953fc']","[0.0, 1.0, 1.0]","[0.0, 0.06976744186046512, 0.14285714285714285]","[0, 0.13043478260869565, 0.25]","[0, 1, 1]","[0, 1.0, 1.0]"
"[3, 3, 3]","[[110, 122, 125, 113, 116, 111, 117, 121, 115, 119], [110, 122, 125, 113, 116, 111, 117, 121, 115, 119], [110, 122, 125, 113, 116, 111, 117, 121, 115, 119]]","[['puppet-icinga2/manifests/object/user.pp_(IaC)_', 'puppet-icinga2/manifests/object/notificationcommand.pp_(IaC)_', 'puppet-icinga2/manifests/object/checkcommand.pp_(IaC)_', 'puppet-icinga2/manifests/object/eventcommand.pp_(IaC)_', 'puppet-icinga2/manifests/object/notification.pp_(IaC)_', 'puppet-icinga2/manifests/object/service.pp_(IaC)_', 'puppet-icinga2/manifests/object/servicegroup.pp_(IaC)_', 'puppet-icinga2/manifests/object/endpoint.pp_(IaC)_', 'puppet-icinga2/manifests/object/host.pp_(IaC)_', 'puppet-icinga2/manifests/object/icingaapplication.pp_(IaC)_'], ['puppet-icinga2/manifests/object/user.pp_(IaC)_', 'puppet-icinga2/manifests/object/notificationcommand.pp_(IaC)_', 'puppet-icinga2/manifests/object/checkcommand.pp_(IaC)_', 'puppet-icinga2/manifests/object/eventcommand.pp_(IaC)_', 'puppet-icinga2/manifests/object/notification.pp_(IaC)_', 'puppet-icinga2/manifests/object/service.pp_(IaC)_', 'puppet-icinga2/manifests/object/servicegroup.pp_(IaC)_', 'puppet-icinga2/manifests/object/endpoint.pp_(IaC)_', 'puppet-icinga2/manifests/object/host.pp_(IaC)_', 'puppet-icinga2/manifests/object/icingaapplication.pp_(IaC)_'], ['puppet-icinga2/manifests/object/user.pp_(IaC)_', 'puppet-icinga2/manifests/object/notificationcommand.pp_(IaC)_', 'puppet-icinga2/manifests/object/checkcommand.pp_(IaC)_', 'puppet-icinga2/manifests/object/eventcommand.pp_(IaC)_', 'puppet-icinga2/manifests/object/notification.pp_(IaC)_', 'puppet-icinga2/manifests/object/service.pp_(IaC)_', 'puppet-icinga2/manifests/object/servicegroup.pp_(IaC)_', 'puppet-icinga2/manifests/object/endpoint.pp_(IaC)_', 'puppet-icinga2/manifests/object/host.pp_(IaC)_', 'puppet-icinga2/manifests/object/icingaapplication.pp_(IaC)_']]","[['puppet-icinga2/manifests/feature/gelf.pp_(IaC)_', 'puppet-icinga2/spec/classes/influxdb2_spec.rb_(Other)_', 'puppet-icinga2/spec/classes/windowseventlog_spec.rb_(Other)_', 'puppet-icinga2/types/logfacility.pp_(IaC)_'], ['puppet-icinga2/manifests/config/fragment.pp_(IaC)_', 'puppet-icinga2/manifests/feature/api.pp_(IaC)_', 'puppet-icinga2/manifests/feature/checker.pp_(IaC)_', 'puppet-icinga2/manifests/feature/command.pp_(IaC)_', 'puppet-icinga2/manifests/feature/compatlog.pp_(IaC)_', 'puppet-icinga2/manifests/feature/debuglog.pp_(IaC)_', 'puppet-icinga2/manifests/feature/elasticsearch.pp_(IaC)_', 'puppet-icinga2/manifests/feature/gelf.pp_(IaC)_', 'puppet-icinga2/manifests/feature/graphite.pp_(IaC)_', 'puppet-icinga2/manifests/feature/icingadb.pp_(IaC)_', 'puppet-icinga2/manifests/feature/idomysql.pp_(IaC)_', 'puppet-icinga2/manifests/feature/idopgsql.pp_(IaC)_', 'puppet-icinga2/manifests/feature/influxdb.pp_(IaC)_', 'puppet-icinga2/manifests/feature/influxdb2.pp_(IaC)_', 'puppet-icinga2/manifests/feature/livestatus.pp_(IaC)_', 'puppet-icinga2/manifests/feature/mainlog.pp_(IaC)_', 'puppet-icinga2/manifests/feature/notification.pp_(IaC)_', 'puppet-icinga2/manifests/feature/opentsdb.pp_(IaC)_', 'puppet-icinga2/manifests/feature/perfdata.pp_(IaC)_', 'puppet-icinga2/manifests/feature/statusdata.pp_(IaC)_', 'puppet-icinga2/manifests/feature/syslog.pp_(IaC)_', 'puppet-icinga2/manifests/feature/windowseventlog.pp_(IaC)_', 'puppet-icinga2/manifests/globals.pp_(IaC)_', 'puppet-icinga2/manifests/init.pp_(IaC)_', 'puppet-icinga2/manifests/object.pp_(IaC)_', 'puppet-icinga2/manifests/object/apiuser.pp_(IaC)_', 'puppet-icinga2/manifests/object/checkcommand.pp_(IaC)_', 'puppet-icinga2/manifests/object/checkresultreader.pp_(IaC)_', 'puppet-icinga2/manifests/object/dependency.pp_(IaC)_', 'puppet-icinga2/manifests/object/endpoint.pp_(IaC)_', 'puppet-icinga2/manifests/object/eventcommand.pp_(IaC)_', 'puppet-icinga2/manifests/object/host.pp_(IaC)_', 'puppet-icinga2/manifests/object/hostgroup.pp_(IaC)_', 'puppet-icinga2/manifests/object/notification.pp_(IaC)_', 'puppet-icinga2/manifests/object/notificationcommand.pp_(IaC)_', 'puppet-icinga2/manifests/object/scheduleddowntime.pp_(IaC)_', 'puppet-icinga2/manifests/object/service.pp_(IaC)_', 'puppet-icinga2/manifests/object/servicegroup.pp_(IaC)_', 'puppet-icinga2/manifests/object/timeperiod.pp_(IaC)_', 'puppet-icinga2/manifests/object/user.pp_(IaC)_', 'puppet-icinga2/manifests/object/usergroup.pp_(IaC)_', 'puppet-icinga2/manifests/object/zone.pp_(IaC)_', 'puppet-icinga2/manifests/pki/ca.pp_(IaC)_'], ['puppet-icinga2/manifests/object/apiuser.pp_(IaC)_', 'puppet-icinga2/manifests/object/checkcommand.pp_(IaC)_', 'puppet-icinga2/manifests/object/dependency.pp_(IaC)_', 'puppet-icinga2/manifests/object/endpoint.pp_(IaC)_', 'puppet-icinga2/manifests/object/eventcommand.pp_(IaC)_', 'puppet-icinga2/manifests/object/host.pp_(IaC)_', 'puppet-icinga2/manifests/object/hostgroup.pp_(IaC)_', 'puppet-icinga2/manifests/object/notification.pp_(IaC)_', 'puppet-icinga2/manifests/object/notificationcommand.pp_(IaC)_', 'puppet-icinga2/manifests/object/scheduleddowntime.pp_(IaC)_', 'puppet-icinga2/manifests/object/service.pp_(IaC)_', 'puppet-icinga2/manifests/object/servicegroup.pp_(IaC)_', 'puppet-icinga2/manifests/object/timeperiod.pp_(IaC)_', 'puppet-icinga2/manifests/object/user.pp_(IaC)_', 'puppet-icinga2/manifests/object/usergroup.pp_(IaC)_', 'puppet-icinga2/manifests/object/zone.pp_(IaC)_', 'puppet-icinga2/manifests/query_objects.pp_(IaC)_', 'puppet-icinga2/metadata.json_(Other)_', 'puppet-icinga2/spec/defines/objects_spec.rb_(Other)_', 'puppet-icinga2/templates/object.conf.epp_(Other)_', 'puppet-icinga2/templates/objects.epp_(Other)_']]","['e45aa8bc8d34646d4bc04024270810ba5af2cc80', '1a9648985cb25ea20f754c19db08385461238e9d', '63b3349774b18a4e1848954acc437fc2539953fc']","[0.0, 1.0, 1.0]","[0.0, 0.06976744186046512, 0.14285714285714285]","[0, 0.13043478260869565, 0.25]","[0, 1, 1]","[0, 1.0, 1.0]"
"[3, 3, 3]","[[121, 111, 110, 115, 125, 119, 122, 117, 11, 113, 116], [121, 111, 110, 115, 125, 119, 122, 117, 11, 113, 116], [121, 111, 110, 115, 125, 119, 122, 117, 11, 113, 116]]","[['puppet-icinga2/manifests/object/endpoint.pp_(IaC)_', 'puppet-icinga2/manifests/object/service.pp_(IaC)_', 'puppet-icinga2/manifests/object/user.pp_(IaC)_', 'puppet-icinga2/manifests/object/host.pp_(IaC)_', 'puppet-icinga2/manifests/object/checkcommand.pp_(IaC)_', 'puppet-icinga2/manifests/object/icingaapplication.pp_(IaC)_', 'puppet-icinga2/manifests/object/notificationcommand.pp_(IaC)_', 'puppet-icinga2/manifests/object/servicegroup.pp_(IaC)_', 'puppet-icinga2/types/customattributes.pp_(IaC)_', 'puppet-icinga2/manifests/object/eventcommand.pp_(IaC)_', 'puppet-icinga2/manifests/object/notification.pp_(IaC)_'], ['puppet-icinga2/manifests/object/endpoint.pp_(IaC)_', 'puppet-icinga2/manifests/object/service.pp_(IaC)_', 'puppet-icinga2/manifests/object/user.pp_(IaC)_', 'puppet-icinga2/manifests/object/host.pp_(IaC)_', 'puppet-icinga2/manifests/object/checkcommand.pp_(IaC)_', 'puppet-icinga2/manifests/object/icingaapplication.pp_(IaC)_', 'puppet-icinga2/manifests/object/notificationcommand.pp_(IaC)_', 'puppet-icinga2/manifests/object/servicegroup.pp_(IaC)_', 'puppet-icinga2/types/customattributes.pp_(IaC)_', 'puppet-icinga2/manifests/object/eventcommand.pp_(IaC)_', 'puppet-icinga2/manifests/object/notification.pp_(IaC)_'], ['puppet-icinga2/manifests/object/endpoint.pp_(IaC)_', 'puppet-icinga2/manifests/object/service.pp_(IaC)_', 'puppet-icinga2/manifests/object/user.pp_(IaC)_', 'puppet-icinga2/manifests/object/host.pp_(IaC)_', 'puppet-icinga2/manifests/object/checkcommand.pp_(IaC)_', 'puppet-icinga2/manifests/object/icingaapplication.pp_(IaC)_', 'puppet-icinga2/manifests/object/notificationcommand.pp_(IaC)_', 'puppet-icinga2/manifests/object/servicegroup.pp_(IaC)_', 'puppet-icinga2/types/customattributes.pp_(IaC)_', 'puppet-icinga2/manifests/object/eventcommand.pp_(IaC)_', 'puppet-icinga2/manifests/object/notification.pp_(IaC)_']]","[['puppet-icinga2/manifests/feature/gelf.pp_(IaC)_', 'puppet-icinga2/spec/classes/influxdb2_spec.rb_(Other)_', 'puppet-icinga2/spec/classes/windowseventlog_spec.rb_(Other)_', 'puppet-icinga2/types/logfacility.pp_(IaC)_'], ['puppet-icinga2/manifests/config/fragment.pp_(IaC)_', 'puppet-icinga2/manifests/feature/api.pp_(IaC)_', 'puppet-icinga2/manifests/feature/checker.pp_(IaC)_', 'puppet-icinga2/manifests/feature/command.pp_(IaC)_', 'puppet-icinga2/manifests/feature/compatlog.pp_(IaC)_', 'puppet-icinga2/manifests/feature/debuglog.pp_(IaC)_', 'puppet-icinga2/manifests/feature/elasticsearch.pp_(IaC)_', 'puppet-icinga2/manifests/feature/gelf.pp_(IaC)_', 'puppet-icinga2/manifests/feature/graphite.pp_(IaC)_', 'puppet-icinga2/manifests/feature/icingadb.pp_(IaC)_', 'puppet-icinga2/manifests/feature/idomysql.pp_(IaC)_', 'puppet-icinga2/manifests/feature/idopgsql.pp_(IaC)_', 'puppet-icinga2/manifests/feature/influxdb.pp_(IaC)_', 'puppet-icinga2/manifests/feature/influxdb2.pp_(IaC)_', 'puppet-icinga2/manifests/feature/livestatus.pp_(IaC)_', 'puppet-icinga2/manifests/feature/mainlog.pp_(IaC)_', 'puppet-icinga2/manifests/feature/notification.pp_(IaC)_', 'puppet-icinga2/manifests/feature/opentsdb.pp_(IaC)_', 'puppet-icinga2/manifests/feature/perfdata.pp_(IaC)_', 'puppet-icinga2/manifests/feature/statusdata.pp_(IaC)_', 'puppet-icinga2/manifests/feature/syslog.pp_(IaC)_', 'puppet-icinga2/manifests/feature/windowseventlog.pp_(IaC)_', 'puppet-icinga2/manifests/globals.pp_(IaC)_', 'puppet-icinga2/manifests/init.pp_(IaC)_', 'puppet-icinga2/manifests/object.pp_(IaC)_', 'puppet-icinga2/manifests/object/apiuser.pp_(IaC)_', 'puppet-icinga2/manifests/object/checkcommand.pp_(IaC)_', 'puppet-icinga2/manifests/object/checkresultreader.pp_(IaC)_', 'puppet-icinga2/manifests/object/dependency.pp_(IaC)_', 'puppet-icinga2/manifests/object/endpoint.pp_(IaC)_', 'puppet-icinga2/manifests/object/eventcommand.pp_(IaC)_', 'puppet-icinga2/manifests/object/host.pp_(IaC)_', 'puppet-icinga2/manifests/object/hostgroup.pp_(IaC)_', 'puppet-icinga2/manifests/object/notification.pp_(IaC)_', 'puppet-icinga2/manifests/object/notificationcommand.pp_(IaC)_', 'puppet-icinga2/manifests/object/scheduleddowntime.pp_(IaC)_', 'puppet-icinga2/manifests/object/service.pp_(IaC)_', 'puppet-icinga2/manifests/object/servicegroup.pp_(IaC)_', 'puppet-icinga2/manifests/object/timeperiod.pp_(IaC)_', 'puppet-icinga2/manifests/object/user.pp_(IaC)_', 'puppet-icinga2/manifests/object/usergroup.pp_(IaC)_', 'puppet-icinga2/manifests/object/zone.pp_(IaC)_', 'puppet-icinga2/manifests/pki/ca.pp_(IaC)_'], ['puppet-icinga2/manifests/object/apiuser.pp_(IaC)_', 'puppet-icinga2/manifests/object/checkcommand.pp_(IaC)_', 'puppet-icinga2/manifests/object/dependency.pp_(IaC)_', 'puppet-icinga2/manifests/object/endpoint.pp_(IaC)_', 'puppet-icinga2/manifests/object/eventcommand.pp_(IaC)_', 'puppet-icinga2/manifests/object/host.pp_(IaC)_', 'puppet-icinga2/manifests/object/hostgroup.pp_(IaC)_', 'puppet-icinga2/manifests/object/notification.pp_(IaC)_', 'puppet-icinga2/manifests/object/notificationcommand.pp_(IaC)_', 'puppet-icinga2/manifests/object/scheduleddowntime.pp_(IaC)_', 'puppet-icinga2/manifests/object/service.pp_(IaC)_', 'puppet-icinga2/manifests/object/servicegroup.pp_(IaC)_', 'puppet-icinga2/manifests/object/timeperiod.pp_(IaC)_', 'puppet-icinga2/manifests/object/user.pp_(IaC)_', 'puppet-icinga2/manifests/object/usergroup.pp_(IaC)_', 'puppet-icinga2/manifests/object/zone.pp_(IaC)_', 'puppet-icinga2/manifests/query_objects.pp_(IaC)_', 'puppet-icinga2/metadata.json_(Other)_', 'puppet-icinga2/spec/defines/objects_spec.rb_(Other)_', 'puppet-icinga2/templates/object.conf.epp_(Other)_', 'puppet-icinga2/templates/objects.epp_(Other)_']]","['e45aa8bc8d34646d4bc04024270810ba5af2cc80', '1a9648985cb25ea20f754c19db08385461238e9d', '63b3349774b18a4e1848954acc437fc2539953fc']","[0.0, 1.0, 1.0]","[0.0, 0.06976744186046512, 0.14285714285714285]","[0, 0.13043478260869565, 0.25]","[0, 1, 1]","[0, 1.0, 1.0]"
"[3, 3, 3]","[[109, 110, 111, 124, 125, 116, 11, 114, 115, 113, 119, 112, 123, 122, 117, 121], [109, 110, 111, 124, 125, 116, 11, 114, 115, 113, 119, 112, 123, 122, 117, 121], [109, 110, 111, 124, 125, 116, 11, 114, 115, 113, 119, 112, 123, 122, 117, 121]]","[['puppet-icinga2/manifests/object/timeperiod.pp_(IaC)_', 'puppet-icinga2/manifests/object/user.pp_(IaC)_', 'puppet-icinga2/manifests/object/service.pp_(IaC)_', 'puppet-icinga2/manifests/object/dependency.pp_(IaC)_', 'puppet-icinga2/manifests/object/checkcommand.pp_(IaC)_', 'puppet-icinga2/manifests/object/notification.pp_(IaC)_', 'puppet-icinga2/types/customattributes.pp_(IaC)_', 'puppet-icinga2/manifests/object/scheduleddowntime.pp_(IaC)_', 'puppet-icinga2/manifests/object/host.pp_(IaC)_', 'puppet-icinga2/manifests/object/eventcommand.pp_(IaC)_', 'puppet-icinga2/manifests/object/icingaapplication.pp_(IaC)_', 'puppet-icinga2/manifests/object/usergroup.pp_(IaC)_', 'puppet-icinga2/manifests/object/zone.pp_(IaC)_', 'puppet-icinga2/manifests/object/notificationcommand.pp_(IaC)_', 'puppet-icinga2/manifests/object/servicegroup.pp_(IaC)_', 'puppet-icinga2/manifests/object/endpoint.pp_(IaC)_'], ['puppet-icinga2/manifests/object/timeperiod.pp_(IaC)_', 'puppet-icinga2/manifests/object/user.pp_(IaC)_', 'puppet-icinga2/manifests/object/service.pp_(IaC)_', 'puppet-icinga2/manifests/object/dependency.pp_(IaC)_', 'puppet-icinga2/manifests/object/checkcommand.pp_(IaC)_', 'puppet-icinga2/manifests/object/notification.pp_(IaC)_', 'puppet-icinga2/types/customattributes.pp_(IaC)_', 'puppet-icinga2/manifests/object/scheduleddowntime.pp_(IaC)_', 'puppet-icinga2/manifests/object/host.pp_(IaC)_', 'puppet-icinga2/manifests/object/eventcommand.pp_(IaC)_', 'puppet-icinga2/manifests/object/icingaapplication.pp_(IaC)_', 'puppet-icinga2/manifests/object/usergroup.pp_(IaC)_', 'puppet-icinga2/manifests/object/zone.pp_(IaC)_', 'puppet-icinga2/manifests/object/notificationcommand.pp_(IaC)_', 'puppet-icinga2/manifests/object/servicegroup.pp_(IaC)_', 'puppet-icinga2/manifests/object/endpoint.pp_(IaC)_'], ['puppet-icinga2/manifests/object/timeperiod.pp_(IaC)_', 'puppet-icinga2/manifests/object/user.pp_(IaC)_', 'puppet-icinga2/manifests/object/service.pp_(IaC)_', 'puppet-icinga2/manifests/object/dependency.pp_(IaC)_', 'puppet-icinga2/manifests/object/checkcommand.pp_(IaC)_', 'puppet-icinga2/manifests/object/notification.pp_(IaC)_', 'puppet-icinga2/types/customattributes.pp_(IaC)_', 'puppet-icinga2/manifests/object/scheduleddowntime.pp_(IaC)_', 'puppet-icinga2/manifests/object/host.pp_(IaC)_', 'puppet-icinga2/manifests/object/eventcommand.pp_(IaC)_', 'puppet-icinga2/manifests/object/icingaapplication.pp_(IaC)_', 'puppet-icinga2/manifests/object/usergroup.pp_(IaC)_', 'puppet-icinga2/manifests/object/zone.pp_(IaC)_', 'puppet-icinga2/manifests/object/notificationcommand.pp_(IaC)_', 'puppet-icinga2/manifests/object/servicegroup.pp_(IaC)_', 'puppet-icinga2/manifests/object/endpoint.pp_(IaC)_']]","[['puppet-icinga2/manifests/feature/gelf.pp_(IaC)_', 'puppet-icinga2/spec/classes/influxdb2_spec.rb_(Other)_', 'puppet-icinga2/spec/classes/windowseventlog_spec.rb_(Other)_', 'puppet-icinga2/types/logfacility.pp_(IaC)_'], ['puppet-icinga2/manifests/config/fragment.pp_(IaC)_', 'puppet-icinga2/manifests/feature/api.pp_(IaC)_', 'puppet-icinga2/manifests/feature/checker.pp_(IaC)_', 'puppet-icinga2/manifests/feature/command.pp_(IaC)_', 'puppet-icinga2/manifests/feature/compatlog.pp_(IaC)_', 'puppet-icinga2/manifests/feature/debuglog.pp_(IaC)_', 'puppet-icinga2/manifests/feature/elasticsearch.pp_(IaC)_', 'puppet-icinga2/manifests/feature/gelf.pp_(IaC)_', 'puppet-icinga2/manifests/feature/graphite.pp_(IaC)_', 'puppet-icinga2/manifests/feature/icingadb.pp_(IaC)_', 'puppet-icinga2/manifests/feature/idomysql.pp_(IaC)_', 'puppet-icinga2/manifests/feature/idopgsql.pp_(IaC)_', 'puppet-icinga2/manifests/feature/influxdb.pp_(IaC)_', 'puppet-icinga2/manifests/feature/influxdb2.pp_(IaC)_', 'puppet-icinga2/manifests/feature/livestatus.pp_(IaC)_', 'puppet-icinga2/manifests/feature/mainlog.pp_(IaC)_', 'puppet-icinga2/manifests/feature/notification.pp_(IaC)_', 'puppet-icinga2/manifests/feature/opentsdb.pp_(IaC)_', 'puppet-icinga2/manifests/feature/perfdata.pp_(IaC)_', 'puppet-icinga2/manifests/feature/statusdata.pp_(IaC)_', 'puppet-icinga2/manifests/feature/syslog.pp_(IaC)_', 'puppet-icinga2/manifests/feature/windowseventlog.pp_(IaC)_', 'puppet-icinga2/manifests/globals.pp_(IaC)_', 'puppet-icinga2/manifests/init.pp_(IaC)_', 'puppet-icinga2/manifests/object.pp_(IaC)_', 'puppet-icinga2/manifests/object/apiuser.pp_(IaC)_', 'puppet-icinga2/manifests/object/checkcommand.pp_(IaC)_', 'puppet-icinga2/manifests/object/checkresultreader.pp_(IaC)_', 'puppet-icinga2/manifests/object/dependency.pp_(IaC)_', 'puppet-icinga2/manifests/object/endpoint.pp_(IaC)_', 'puppet-icinga2/manifests/object/eventcommand.pp_(IaC)_', 'puppet-icinga2/manifests/object/host.pp_(IaC)_', 'puppet-icinga2/manifests/object/hostgroup.pp_(IaC)_', 'puppet-icinga2/manifests/object/notification.pp_(IaC)_', 'puppet-icinga2/manifests/object/notificationcommand.pp_(IaC)_', 'puppet-icinga2/manifests/object/scheduleddowntime.pp_(IaC)_', 'puppet-icinga2/manifests/object/service.pp_(IaC)_', 'puppet-icinga2/manifests/object/servicegroup.pp_(IaC)_', 'puppet-icinga2/manifests/object/timeperiod.pp_(IaC)_', 'puppet-icinga2/manifests/object/user.pp_(IaC)_', 'puppet-icinga2/manifests/object/usergroup.pp_(IaC)_', 'puppet-icinga2/manifests/object/zone.pp_(IaC)_', 'puppet-icinga2/manifests/pki/ca.pp_(IaC)_'], ['puppet-icinga2/manifests/object/apiuser.pp_(IaC)_', 'puppet-icinga2/manifests/object/checkcommand.pp_(IaC)_', 'puppet-icinga2/manifests/object/dependency.pp_(IaC)_', 'puppet-icinga2/manifests/object/endpoint.pp_(IaC)_', 'puppet-icinga2/manifests/object/eventcommand.pp_(IaC)_', 'puppet-icinga2/manifests/object/host.pp_(IaC)_', 'puppet-icinga2/manifests/object/hostgroup.pp_(IaC)_', 'puppet-icinga2/manifests/object/notification.pp_(IaC)_', 'puppet-icinga2/manifests/object/notificationcommand.pp_(IaC)_', 'puppet-icinga2/manifests/object/scheduleddowntime.pp_(IaC)_', 'puppet-icinga2/manifests/object/service.pp_(IaC)_', 'puppet-icinga2/manifests/object/servicegroup.pp_(IaC)_', 'puppet-icinga2/manifests/object/timeperiod.pp_(IaC)_', 'puppet-icinga2/manifests/object/user.pp_(IaC)_', 'puppet-icinga2/manifests/object/usergroup.pp_(IaC)_', 'puppet-icinga2/manifests/object/zone.pp_(IaC)_', 'puppet-icinga2/manifests/query_objects.pp_(IaC)_', 'puppet-icinga2/metadata.json_(Other)_', 'puppet-icinga2/spec/defines/objects_spec.rb_(Other)_', 'puppet-icinga2/templates/object.conf.epp_(Other)_', 'puppet-icinga2/templates/objects.epp_(Other)_']]","['e45aa8bc8d34646d4bc04024270810ba5af2cc80', '1a9648985cb25ea20f754c19db08385461238e9d', '63b3349774b18a4e1848954acc437fc2539953fc']","[0.0, 1.0, 1.0]","[0.0, 0.06976744186046512, 0.14285714285714285]","[0, 0.13043478260869565, 0.25]","[0, 1, 1]","[0, 1.0, 1.0]"
"[3, 3, 3]","[[115, 119, 125, 117, 122, 124, 123, 113, 109, 110, 11, 15, 114, 116, 111, 121], [115, 119, 125, 117, 122, 124, 123, 113, 109, 110, 11, 15, 114, 116, 111, 121], [115, 119, 125, 117, 122, 124, 123, 113, 109, 110, 11, 15, 114, 116, 111, 121]]","[['puppet-icinga2/manifests/object/host.pp_(IaC)_', 'puppet-icinga2/manifests/object/icingaapplication.pp_(IaC)_', 'puppet-icinga2/manifests/object/checkcommand.pp_(IaC)_', 'puppet-icinga2/manifests/object/servicegroup.pp_(IaC)_', 'puppet-icinga2/manifests/object/notificationcommand.pp_(IaC)_', 'puppet-icinga2/manifests/object/dependency.pp_(IaC)_', 'puppet-icinga2/manifests/object/zone.pp_(IaC)_', 'puppet-icinga2/manifests/object/eventcommand.pp_(IaC)_', 'puppet-icinga2/manifests/object/timeperiod.pp_(IaC)_', 'puppet-icinga2/manifests/object/user.pp_(IaC)_', 'puppet-icinga2/types/customattributes.pp_(IaC)_', 'puppet-icinga2/types/basicauth.pp_(IaC)_', 'puppet-icinga2/manifests/object/scheduleddowntime.pp_(IaC)_', 'puppet-icinga2/manifests/object/notification.pp_(IaC)_', 'puppet-icinga2/manifests/object/service.pp_(IaC)_', 'puppet-icinga2/manifests/object/endpoint.pp_(IaC)_'], ['puppet-icinga2/manifests/object/host.pp_(IaC)_', 'puppet-icinga2/manifests/object/icingaapplication.pp_(IaC)_', 'puppet-icinga2/manifests/object/checkcommand.pp_(IaC)_', 'puppet-icinga2/manifests/object/servicegroup.pp_(IaC)_', 'puppet-icinga2/manifests/object/notificationcommand.pp_(IaC)_', 'puppet-icinga2/manifests/object/dependency.pp_(IaC)_', 'puppet-icinga2/manifests/object/zone.pp_(IaC)_', 'puppet-icinga2/manifests/object/eventcommand.pp_(IaC)_', 'puppet-icinga2/manifests/object/timeperiod.pp_(IaC)_', 'puppet-icinga2/manifests/object/user.pp_(IaC)_', 'puppet-icinga2/types/customattributes.pp_(IaC)_', 'puppet-icinga2/types/basicauth.pp_(IaC)_', 'puppet-icinga2/manifests/object/scheduleddowntime.pp_(IaC)_', 'puppet-icinga2/manifests/object/notification.pp_(IaC)_', 'puppet-icinga2/manifests/object/service.pp_(IaC)_', 'puppet-icinga2/manifests/object/endpoint.pp_(IaC)_'], ['puppet-icinga2/manifests/object/host.pp_(IaC)_', 'puppet-icinga2/manifests/object/icingaapplication.pp_(IaC)_', 'puppet-icinga2/manifests/object/checkcommand.pp_(IaC)_', 'puppet-icinga2/manifests/object/servicegroup.pp_(IaC)_', 'puppet-icinga2/manifests/object/notificationcommand.pp_(IaC)_', 'puppet-icinga2/manifests/object/dependency.pp_(IaC)_', 'puppet-icinga2/manifests/object/zone.pp_(IaC)_', 'puppet-icinga2/manifests/object/eventcommand.pp_(IaC)_', 'puppet-icinga2/manifests/object/timeperiod.pp_(IaC)_', 'puppet-icinga2/manifests/object/user.pp_(IaC)_', 'puppet-icinga2/types/customattributes.pp_(IaC)_', 'puppet-icinga2/types/basicauth.pp_(IaC)_', 'puppet-icinga2/manifests/object/scheduleddowntime.pp_(IaC)_', 'puppet-icinga2/manifests/object/notification.pp_(IaC)_', 'puppet-icinga2/manifests/object/service.pp_(IaC)_', 'puppet-icinga2/manifests/object/endpoint.pp_(IaC)_']]","[['puppet-icinga2/manifests/feature/gelf.pp_(IaC)_', 'puppet-icinga2/spec/classes/influxdb2_spec.rb_(Other)_', 'puppet-icinga2/spec/classes/windowseventlog_spec.rb_(Other)_', 'puppet-icinga2/types/logfacility.pp_(IaC)_'], ['puppet-icinga2/manifests/config/fragment.pp_(IaC)_', 'puppet-icinga2/manifests/feature/api.pp_(IaC)_', 'puppet-icinga2/manifests/feature/checker.pp_(IaC)_', 'puppet-icinga2/manifests/feature/command.pp_(IaC)_', 'puppet-icinga2/manifests/feature/compatlog.pp_(IaC)_', 'puppet-icinga2/manifests/feature/debuglog.pp_(IaC)_', 'puppet-icinga2/manifests/feature/elasticsearch.pp_(IaC)_', 'puppet-icinga2/manifests/feature/gelf.pp_(IaC)_', 'puppet-icinga2/manifests/feature/graphite.pp_(IaC)_', 'puppet-icinga2/manifests/feature/icingadb.pp_(IaC)_', 'puppet-icinga2/manifests/feature/idomysql.pp_(IaC)_', 'puppet-icinga2/manifests/feature/idopgsql.pp_(IaC)_', 'puppet-icinga2/manifests/feature/influxdb.pp_(IaC)_', 'puppet-icinga2/manifests/feature/influxdb2.pp_(IaC)_', 'puppet-icinga2/manifests/feature/livestatus.pp_(IaC)_', 'puppet-icinga2/manifests/feature/mainlog.pp_(IaC)_', 'puppet-icinga2/manifests/feature/notification.pp_(IaC)_', 'puppet-icinga2/manifests/feature/opentsdb.pp_(IaC)_', 'puppet-icinga2/manifests/feature/perfdata.pp_(IaC)_', 'puppet-icinga2/manifests/feature/statusdata.pp_(IaC)_', 'puppet-icinga2/manifests/feature/syslog.pp_(IaC)_', 'puppet-icinga2/manifests/feature/windowseventlog.pp_(IaC)_', 'puppet-icinga2/manifests/globals.pp_(IaC)_', 'puppet-icinga2/manifests/init.pp_(IaC)_', 'puppet-icinga2/manifests/object.pp_(IaC)_', 'puppet-icinga2/manifests/object/apiuser.pp_(IaC)_', 'puppet-icinga2/manifests/object/checkcommand.pp_(IaC)_', 'puppet-icinga2/manifests/object/checkresultreader.pp_(IaC)_', 'puppet-icinga2/manifests/object/dependency.pp_(IaC)_', 'puppet-icinga2/manifests/object/endpoint.pp_(IaC)_', 'puppet-icinga2/manifests/object/eventcommand.pp_(IaC)_', 'puppet-icinga2/manifests/object/host.pp_(IaC)_', 'puppet-icinga2/manifests/object/hostgroup.pp_(IaC)_', 'puppet-icinga2/manifests/object/notification.pp_(IaC)_', 'puppet-icinga2/manifests/object/notificationcommand.pp_(IaC)_', 'puppet-icinga2/manifests/object/scheduleddowntime.pp_(IaC)_', 'puppet-icinga2/manifests/object/service.pp_(IaC)_', 'puppet-icinga2/manifests/object/servicegroup.pp_(IaC)_', 'puppet-icinga2/manifests/object/timeperiod.pp_(IaC)_', 'puppet-icinga2/manifests/object/user.pp_(IaC)_', 'puppet-icinga2/manifests/object/usergroup.pp_(IaC)_', 'puppet-icinga2/manifests/object/zone.pp_(IaC)_', 'puppet-icinga2/manifests/pki/ca.pp_(IaC)_'], ['puppet-icinga2/manifests/object/apiuser.pp_(IaC)_', 'puppet-icinga2/manifests/object/checkcommand.pp_(IaC)_', 'puppet-icinga2/manifests/object/dependency.pp_(IaC)_', 'puppet-icinga2/manifests/object/endpoint.pp_(IaC)_', 'puppet-icinga2/manifests/object/eventcommand.pp_(IaC)_', 'puppet-icinga2/manifests/object/host.pp_(IaC)_', 'puppet-icinga2/manifests/object/hostgroup.pp_(IaC)_', 'puppet-icinga2/manifests/object/notification.pp_(IaC)_', 'puppet-icinga2/manifests/object/notificationcommand.pp_(IaC)_', 'puppet-icinga2/manifests/object/scheduleddowntime.pp_(IaC)_', 'puppet-icinga2/manifests/object/service.pp_(IaC)_', 'puppet-icinga2/manifests/object/servicegroup.pp_(IaC)_', 'puppet-icinga2/manifests/object/timeperiod.pp_(IaC)_', 'puppet-icinga2/manifests/object/user.pp_(IaC)_', 'puppet-icinga2/manifests/object/usergroup.pp_(IaC)_', 'puppet-icinga2/manifests/object/zone.pp_(IaC)_', 'puppet-icinga2/manifests/query_objects.pp_(IaC)_', 'puppet-icinga2/metadata.json_(Other)_', 'puppet-icinga2/spec/defines/objects_spec.rb_(Other)_', 'puppet-icinga2/templates/object.conf.epp_(Other)_', 'puppet-icinga2/templates/objects.epp_(Other)_']]","['e45aa8bc8d34646d4bc04024270810ba5af2cc80', '1a9648985cb25ea20f754c19db08385461238e9d', '63b3349774b18a4e1848954acc437fc2539953fc']","[0.0, 0.6666666666666666, 0.6666666666666666]","[0.0, 0.046511627906976744, 0.09523809523809523]","[0, 0.08695652173913045, 0.16666666666666666]","[0, 1, 1]","[0, 1.0, 1.0]"
"[3, 3, 3]","[[111, 122, 115, 119, 125, 110, 121, 113, 11, 15], [111, 122, 115, 119, 125, 110, 121, 113, 11, 15], [111, 122, 115, 119, 125, 110, 121, 113, 11, 15]]","[['puppet-icinga2/manifests/object/service.pp_(IaC)_', 'puppet-icinga2/manifests/object/notificationcommand.pp_(IaC)_', 'puppet-icinga2/manifests/object/host.pp_(IaC)_', 'puppet-icinga2/manifests/object/icingaapplication.pp_(IaC)_', 'puppet-icinga2/manifests/object/checkcommand.pp_(IaC)_', 'puppet-icinga2/manifests/object/user.pp_(IaC)_', 'puppet-icinga2/manifests/object/endpoint.pp_(IaC)_', 'puppet-icinga2/manifests/object/eventcommand.pp_(IaC)_', 'puppet-icinga2/types/customattributes.pp_(IaC)_', 'puppet-icinga2/types/basicauth.pp_(IaC)_'], ['puppet-icinga2/manifests/object/service.pp_(IaC)_', 'puppet-icinga2/manifests/object/notificationcommand.pp_(IaC)_', 'puppet-icinga2/manifests/object/host.pp_(IaC)_', 'puppet-icinga2/manifests/object/icingaapplication.pp_(IaC)_', 'puppet-icinga2/manifests/object/checkcommand.pp_(IaC)_', 'puppet-icinga2/manifests/object/user.pp_(IaC)_', 'puppet-icinga2/manifests/object/endpoint.pp_(IaC)_', 'puppet-icinga2/manifests/object/eventcommand.pp_(IaC)_', 'puppet-icinga2/types/customattributes.pp_(IaC)_', 'puppet-icinga2/types/basicauth.pp_(IaC)_'], ['puppet-icinga2/manifests/object/service.pp_(IaC)_', 'puppet-icinga2/manifests/object/notificationcommand.pp_(IaC)_', 'puppet-icinga2/manifests/object/host.pp_(IaC)_', 'puppet-icinga2/manifests/object/icingaapplication.pp_(IaC)_', 'puppet-icinga2/manifests/object/checkcommand.pp_(IaC)_', 'puppet-icinga2/manifests/object/user.pp_(IaC)_', 'puppet-icinga2/manifests/object/endpoint.pp_(IaC)_', 'puppet-icinga2/manifests/object/eventcommand.pp_(IaC)_', 'puppet-icinga2/types/customattributes.pp_(IaC)_', 'puppet-icinga2/types/basicauth.pp_(IaC)_']]","[['puppet-icinga2/manifests/feature/gelf.pp_(IaC)_', 'puppet-icinga2/spec/classes/influxdb2_spec.rb_(Other)_', 'puppet-icinga2/spec/classes/windowseventlog_spec.rb_(Other)_', 'puppet-icinga2/types/logfacility.pp_(IaC)_'], ['puppet-icinga2/manifests/config/fragment.pp_(IaC)_', 'puppet-icinga2/manifests/feature/api.pp_(IaC)_', 'puppet-icinga2/manifests/feature/checker.pp_(IaC)_', 'puppet-icinga2/manifests/feature/command.pp_(IaC)_', 'puppet-icinga2/manifests/feature/compatlog.pp_(IaC)_', 'puppet-icinga2/manifests/feature/debuglog.pp_(IaC)_', 'puppet-icinga2/manifests/feature/elasticsearch.pp_(IaC)_', 'puppet-icinga2/manifests/feature/gelf.pp_(IaC)_', 'puppet-icinga2/manifests/feature/graphite.pp_(IaC)_', 'puppet-icinga2/manifests/feature/icingadb.pp_(IaC)_', 'puppet-icinga2/manifests/feature/idomysql.pp_(IaC)_', 'puppet-icinga2/manifests/feature/idopgsql.pp_(IaC)_', 'puppet-icinga2/manifests/feature/influxdb.pp_(IaC)_', 'puppet-icinga2/manifests/feature/influxdb2.pp_(IaC)_', 'puppet-icinga2/manifests/feature/livestatus.pp_(IaC)_', 'puppet-icinga2/manifests/feature/mainlog.pp_(IaC)_', 'puppet-icinga2/manifests/feature/notification.pp_(IaC)_', 'puppet-icinga2/manifests/feature/opentsdb.pp_(IaC)_', 'puppet-icinga2/manifests/feature/perfdata.pp_(IaC)_', 'puppet-icinga2/manifests/feature/statusdata.pp_(IaC)_', 'puppet-icinga2/manifests/feature/syslog.pp_(IaC)_', 'puppet-icinga2/manifests/feature/windowseventlog.pp_(IaC)_', 'puppet-icinga2/manifests/globals.pp_(IaC)_', 'puppet-icinga2/manifests/init.pp_(IaC)_', 'puppet-icinga2/manifests/object.pp_(IaC)_', 'puppet-icinga2/manifests/object/apiuser.pp_(IaC)_', 'puppet-icinga2/manifests/object/checkcommand.pp_(IaC)_', 'puppet-icinga2/manifests/object/checkresultreader.pp_(IaC)_', 'puppet-icinga2/manifests/object/dependency.pp_(IaC)_', 'puppet-icinga2/manifests/object/endpoint.pp_(IaC)_', 'puppet-icinga2/manifests/object/eventcommand.pp_(IaC)_', 'puppet-icinga2/manifests/object/host.pp_(IaC)_', 'puppet-icinga2/manifests/object/hostgroup.pp_(IaC)_', 'puppet-icinga2/manifests/object/notification.pp_(IaC)_', 'puppet-icinga2/manifests/object/notificationcommand.pp_(IaC)_', 'puppet-icinga2/manifests/object/scheduleddowntime.pp_(IaC)_', 'puppet-icinga2/manifests/object/service.pp_(IaC)_', 'puppet-icinga2/manifests/object/servicegroup.pp_(IaC)_', 'puppet-icinga2/manifests/object/timeperiod.pp_(IaC)_', 'puppet-icinga2/manifests/object/user.pp_(IaC)_', 'puppet-icinga2/manifests/object/usergroup.pp_(IaC)_', 'puppet-icinga2/manifests/object/zone.pp_(IaC)_', 'puppet-icinga2/manifests/pki/ca.pp_(IaC)_'], ['puppet-icinga2/manifests/object/apiuser.pp_(IaC)_', 'puppet-icinga2/manifests/object/checkcommand.pp_(IaC)_', 'puppet-icinga2/manifests/object/dependency.pp_(IaC)_', 'puppet-icinga2/manifests/object/endpoint.pp_(IaC)_', 'puppet-icinga2/manifests/object/eventcommand.pp_(IaC)_', 'puppet-icinga2/manifests/object/host.pp_(IaC)_', 'puppet-icinga2/manifests/object/hostgroup.pp_(IaC)_', 'puppet-icinga2/manifests/object/notification.pp_(IaC)_', 'puppet-icinga2/manifests/object/notificationcommand.pp_(IaC)_', 'puppet-icinga2/manifests/object/scheduleddowntime.pp_(IaC)_', 'puppet-icinga2/manifests/object/service.pp_(IaC)_', 'puppet-icinga2/manifests/object/servicegroup.pp_(IaC)_', 'puppet-icinga2/manifests/object/timeperiod.pp_(IaC)_', 'puppet-icinga2/manifests/object/user.pp_(IaC)_', 'puppet-icinga2/manifests/object/usergroup.pp_(IaC)_', 'puppet-icinga2/manifests/object/zone.pp_(IaC)_', 'puppet-icinga2/manifests/query_objects.pp_(IaC)_', 'puppet-icinga2/metadata.json_(Other)_', 'puppet-icinga2/spec/defines/objects_spec.rb_(Other)_', 'puppet-icinga2/templates/object.conf.epp_(Other)_', 'puppet-icinga2/templates/objects.epp_(Other)_']]","['e45aa8bc8d34646d4bc04024270810ba5af2cc80', '1a9648985cb25ea20f754c19db08385461238e9d', '63b3349774b18a4e1848954acc437fc2539953fc']","[0.0, 1.0, 1.0]","[0.0, 0.06976744186046512, 0.14285714285714285]","[0, 0.13043478260869565, 0.25]","[0, 1, 1]","[0, 1.0, 1.0]"
"[3, 3, 3]","[[111, 110, 123, 125, 121, 119, 124, 122, 109, 116, 117, 113, 114, 11, 118, 115, 112], [111, 110, 123, 125, 121, 119, 124, 122, 109, 116, 117, 113, 114, 11, 118, 115, 112], [111, 110, 123, 125, 121, 119, 124, 122, 109, 116, 117, 113, 114, 11, 118, 115, 112]]","[['puppet-icinga2/manifests/object/service.pp_(IaC)_', 'puppet-icinga2/manifests/object/user.pp_(IaC)_', 'puppet-icinga2/manifests/object/zone.pp_(IaC)_', 'puppet-icinga2/manifests/object/checkcommand.pp_(IaC)_', 'puppet-icinga2/manifests/object/endpoint.pp_(IaC)_', 'puppet-icinga2/manifests/object/icingaapplication.pp_(IaC)_', 'puppet-icinga2/manifests/object/dependency.pp_(IaC)_', 'puppet-icinga2/manifests/object/notificationcommand.pp_(IaC)_', 'puppet-icinga2/manifests/object/timeperiod.pp_(IaC)_', 'puppet-icinga2/manifests/object/notification.pp_(IaC)_', 'puppet-icinga2/manifests/object/servicegroup.pp_(IaC)_', 'puppet-icinga2/manifests/object/eventcommand.pp_(IaC)_', 'puppet-icinga2/manifests/object/scheduleddowntime.pp_(IaC)_', 'puppet-icinga2/types/customattributes.pp_(IaC)_', 'puppet-icinga2/manifests/object/hostgroup.pp_(IaC)_', 'puppet-icinga2/manifests/object/host.pp_(IaC)_', 'puppet-icinga2/manifests/object/usergroup.pp_(IaC)_'], ['puppet-icinga2/manifests/object/service.pp_(IaC)_', 'puppet-icinga2/manifests/object/user.pp_(IaC)_', 'puppet-icinga2/manifests/object/zone.pp_(IaC)_', 'puppet-icinga2/manifests/object/checkcommand.pp_(IaC)_', 'puppet-icinga2/manifests/object/endpoint.pp_(IaC)_', 'puppet-icinga2/manifests/object/icingaapplication.pp_(IaC)_', 'puppet-icinga2/manifests/object/dependency.pp_(IaC)_', 'puppet-icinga2/manifests/object/notificationcommand.pp_(IaC)_', 'puppet-icinga2/manifests/object/timeperiod.pp_(IaC)_', 'puppet-icinga2/manifests/object/notification.pp_(IaC)_', 'puppet-icinga2/manifests/object/servicegroup.pp_(IaC)_', 'puppet-icinga2/manifests/object/eventcommand.pp_(IaC)_', 'puppet-icinga2/manifests/object/scheduleddowntime.pp_(IaC)_', 'puppet-icinga2/types/customattributes.pp_(IaC)_', 'puppet-icinga2/manifests/object/hostgroup.pp_(IaC)_', 'puppet-icinga2/manifests/object/host.pp_(IaC)_', 'puppet-icinga2/manifests/object/usergroup.pp_(IaC)_'], ['puppet-icinga2/manifests/object/service.pp_(IaC)_', 'puppet-icinga2/manifests/object/user.pp_(IaC)_', 'puppet-icinga2/manifests/object/zone.pp_(IaC)_', 'puppet-icinga2/manifests/object/checkcommand.pp_(IaC)_', 'puppet-icinga2/manifests/object/endpoint.pp_(IaC)_', 'puppet-icinga2/manifests/object/icingaapplication.pp_(IaC)_', 'puppet-icinga2/manifests/object/dependency.pp_(IaC)_', 'puppet-icinga2/manifests/object/notificationcommand.pp_(IaC)_', 'puppet-icinga2/manifests/object/timeperiod.pp_(IaC)_', 'puppet-icinga2/manifests/object/notification.pp_(IaC)_', 'puppet-icinga2/manifests/object/servicegroup.pp_(IaC)_', 'puppet-icinga2/manifests/object/eventcommand.pp_(IaC)_', 'puppet-icinga2/manifests/object/scheduleddowntime.pp_(IaC)_', 'puppet-icinga2/types/customattributes.pp_(IaC)_', 'puppet-icinga2/manifests/object/hostgroup.pp_(IaC)_', 'puppet-icinga2/manifests/object/host.pp_(IaC)_', 'puppet-icinga2/manifests/object/usergroup.pp_(IaC)_']]","[['puppet-icinga2/manifests/feature/gelf.pp_(IaC)_', 'puppet-icinga2/spec/classes/influxdb2_spec.rb_(Other)_', 'puppet-icinga2/spec/classes/windowseventlog_spec.rb_(Other)_', 'puppet-icinga2/types/logfacility.pp_(IaC)_'], ['puppet-icinga2/manifests/config/fragment.pp_(IaC)_', 'puppet-icinga2/manifests/feature/api.pp_(IaC)_', 'puppet-icinga2/manifests/feature/checker.pp_(IaC)_', 'puppet-icinga2/manifests/feature/command.pp_(IaC)_', 'puppet-icinga2/manifests/feature/compatlog.pp_(IaC)_', 'puppet-icinga2/manifests/feature/debuglog.pp_(IaC)_', 'puppet-icinga2/manifests/feature/elasticsearch.pp_(IaC)_', 'puppet-icinga2/manifests/feature/gelf.pp_(IaC)_', 'puppet-icinga2/manifests/feature/graphite.pp_(IaC)_', 'puppet-icinga2/manifests/feature/icingadb.pp_(IaC)_', 'puppet-icinga2/manifests/feature/idomysql.pp_(IaC)_', 'puppet-icinga2/manifests/feature/idopgsql.pp_(IaC)_', 'puppet-icinga2/manifests/feature/influxdb.pp_(IaC)_', 'puppet-icinga2/manifests/feature/influxdb2.pp_(IaC)_', 'puppet-icinga2/manifests/feature/livestatus.pp_(IaC)_', 'puppet-icinga2/manifests/feature/mainlog.pp_(IaC)_', 'puppet-icinga2/manifests/feature/notification.pp_(IaC)_', 'puppet-icinga2/manifests/feature/opentsdb.pp_(IaC)_', 'puppet-icinga2/manifests/feature/perfdata.pp_(IaC)_', 'puppet-icinga2/manifests/feature/statusdata.pp_(IaC)_', 'puppet-icinga2/manifests/feature/syslog.pp_(IaC)_', 'puppet-icinga2/manifests/feature/windowseventlog.pp_(IaC)_', 'puppet-icinga2/manifests/globals.pp_(IaC)_', 'puppet-icinga2/manifests/init.pp_(IaC)_', 'puppet-icinga2/manifests/object.pp_(IaC)_', 'puppet-icinga2/manifests/object/apiuser.pp_(IaC)_', 'puppet-icinga2/manifests/object/checkcommand.pp_(IaC)_', 'puppet-icinga2/manifests/object/checkresultreader.pp_(IaC)_', 'puppet-icinga2/manifests/object/dependency.pp_(IaC)_', 'puppet-icinga2/manifests/object/endpoint.pp_(IaC)_', 'puppet-icinga2/manifests/object/eventcommand.pp_(IaC)_', 'puppet-icinga2/manifests/object/host.pp_(IaC)_', 'puppet-icinga2/manifests/object/hostgroup.pp_(IaC)_', 'puppet-icinga2/manifests/object/notification.pp_(IaC)_', 'puppet-icinga2/manifests/object/notificationcommand.pp_(IaC)_', 'puppet-icinga2/manifests/object/scheduleddowntime.pp_(IaC)_', 'puppet-icinga2/manifests/object/service.pp_(IaC)_', 'puppet-icinga2/manifests/object/servicegroup.pp_(IaC)_', 'puppet-icinga2/manifests/object/timeperiod.pp_(IaC)_', 'puppet-icinga2/manifests/object/user.pp_(IaC)_', 'puppet-icinga2/manifests/object/usergroup.pp_(IaC)_', 'puppet-icinga2/manifests/object/zone.pp_(IaC)_', 'puppet-icinga2/manifests/pki/ca.pp_(IaC)_'], ['puppet-icinga2/manifests/object/apiuser.pp_(IaC)_', 'puppet-icinga2/manifests/object/checkcommand.pp_(IaC)_', 'puppet-icinga2/manifests/object/dependency.pp_(IaC)_', 'puppet-icinga2/manifests/object/endpoint.pp_(IaC)_', 'puppet-icinga2/manifests/object/eventcommand.pp_(IaC)_', 'puppet-icinga2/manifests/object/host.pp_(IaC)_', 'puppet-icinga2/manifests/object/hostgroup.pp_(IaC)_', 'puppet-icinga2/manifests/object/notification.pp_(IaC)_', 'puppet-icinga2/manifests/object/notificationcommand.pp_(IaC)_', 'puppet-icinga2/manifests/object/scheduleddowntime.pp_(IaC)_', 'puppet-icinga2/manifests/object/service.pp_(IaC)_', 'puppet-icinga2/manifests/object/servicegroup.pp_(IaC)_', 'puppet-icinga2/manifests/object/timeperiod.pp_(IaC)_', 'puppet-icinga2/manifests/object/user.pp_(IaC)_', 'puppet-icinga2/manifests/object/usergroup.pp_(IaC)_', 'puppet-icinga2/manifests/object/zone.pp_(IaC)_', 'puppet-icinga2/manifests/query_objects.pp_(IaC)_', 'puppet-icinga2/metadata.json_(Other)_', 'puppet-icinga2/spec/defines/objects_spec.rb_(Other)_', 'puppet-icinga2/templates/object.conf.epp_(Other)_', 'puppet-icinga2/templates/objects.epp_(Other)_']]","['e45aa8bc8d34646d4bc04024270810ba5af2cc80', '1a9648985cb25ea20f754c19db08385461238e9d', '63b3349774b18a4e1848954acc437fc2539953fc']","[0.0, 1.0, 1.0]","[0.0, 0.06976744186046512, 0.14285714285714285]","[0, 0.13043478260869565, 0.25]","[0, 1, 1]","[0, 1.0, 1.0]"
"[3, 3, 3]","[[121, 116, 111, 125, 118, 109, 115, 123, 110, 122, 113, 117, 119, 124, 11, 112, 120, 15, 114], [121, 116, 111, 125, 118, 109, 115, 123, 110, 122, 113, 117, 119, 124, 11, 112, 120, 15, 114], [121, 116, 111, 125, 118, 109, 115, 123, 110, 122, 113, 117, 119, 124, 11, 112, 120, 15, 114]]","[['puppet-icinga2/manifests/object/endpoint.pp_(IaC)_', 'puppet-icinga2/manifests/object/notification.pp_(IaC)_', 'puppet-icinga2/manifests/object/service.pp_(IaC)_', 'puppet-icinga2/manifests/object/checkcommand.pp_(IaC)_', 'puppet-icinga2/manifests/object/hostgroup.pp_(IaC)_', 'puppet-icinga2/manifests/object/timeperiod.pp_(IaC)_', 'puppet-icinga2/manifests/object/host.pp_(IaC)_', 'puppet-icinga2/manifests/object/zone.pp_(IaC)_', 'puppet-icinga2/manifests/object/user.pp_(IaC)_', 'puppet-icinga2/manifests/object/notificationcommand.pp_(IaC)_', 'puppet-icinga2/manifests/object/eventcommand.pp_(IaC)_', 'puppet-icinga2/manifests/object/servicegroup.pp_(IaC)_', 'puppet-icinga2/manifests/object/icingaapplication.pp_(IaC)_', 'puppet-icinga2/manifests/object/dependency.pp_(IaC)_', 'puppet-icinga2/types/customattributes.pp_(IaC)_', 'puppet-icinga2/manifests/object/usergroup.pp_(IaC)_', 'puppet-icinga2/manifests/object/checkresultreader.pp_(IaC)_', 'puppet-icinga2/types/basicauth.pp_(IaC)_', 'puppet-icinga2/manifests/object/scheduleddowntime.pp_(IaC)_'], ['puppet-icinga2/manifests/object/endpoint.pp_(IaC)_', 'puppet-icinga2/manifests/object/notification.pp_(IaC)_', 'puppet-icinga2/manifests/object/service.pp_(IaC)_', 'puppet-icinga2/manifests/object/checkcommand.pp_(IaC)_', 'puppet-icinga2/manifests/object/hostgroup.pp_(IaC)_', 'puppet-icinga2/manifests/object/timeperiod.pp_(IaC)_', 'puppet-icinga2/manifests/object/host.pp_(IaC)_', 'puppet-icinga2/manifests/object/zone.pp_(IaC)_', 'puppet-icinga2/manifests/object/user.pp_(IaC)_', 'puppet-icinga2/manifests/object/notificationcommand.pp_(IaC)_', 'puppet-icinga2/manifests/object/eventcommand.pp_(IaC)_', 'puppet-icinga2/manifests/object/servicegroup.pp_(IaC)_', 'puppet-icinga2/manifests/object/icingaapplication.pp_(IaC)_', 'puppet-icinga2/manifests/object/dependency.pp_(IaC)_', 'puppet-icinga2/types/customattributes.pp_(IaC)_', 'puppet-icinga2/manifests/object/usergroup.pp_(IaC)_', 'puppet-icinga2/manifests/object/checkresultreader.pp_(IaC)_', 'puppet-icinga2/types/basicauth.pp_(IaC)_', 'puppet-icinga2/manifests/object/scheduleddowntime.pp_(IaC)_'], ['puppet-icinga2/manifests/object/endpoint.pp_(IaC)_', 'puppet-icinga2/manifests/object/notification.pp_(IaC)_', 'puppet-icinga2/manifests/object/service.pp_(IaC)_', 'puppet-icinga2/manifests/object/checkcommand.pp_(IaC)_', 'puppet-icinga2/manifests/object/hostgroup.pp_(IaC)_', 'puppet-icinga2/manifests/object/timeperiod.pp_(IaC)_', 'puppet-icinga2/manifests/object/host.pp_(IaC)_', 'puppet-icinga2/manifests/object/zone.pp_(IaC)_', 'puppet-icinga2/manifests/object/user.pp_(IaC)_', 'puppet-icinga2/manifests/object/notificationcommand.pp_(IaC)_', 'puppet-icinga2/manifests/object/eventcommand.pp_(IaC)_', 'puppet-icinga2/manifests/object/servicegroup.pp_(IaC)_', 'puppet-icinga2/manifests/object/icingaapplication.pp_(IaC)_', 'puppet-icinga2/manifests/object/dependency.pp_(IaC)_', 'puppet-icinga2/types/customattributes.pp_(IaC)_', 'puppet-icinga2/manifests/object/usergroup.pp_(IaC)_', 'puppet-icinga2/manifests/object/checkresultreader.pp_(IaC)_', 'puppet-icinga2/types/basicauth.pp_(IaC)_', 'puppet-icinga2/manifests/object/scheduleddowntime.pp_(IaC)_']]","[['puppet-icinga2/manifests/feature/gelf.pp_(IaC)_', 'puppet-icinga2/spec/classes/influxdb2_spec.rb_(Other)_', 'puppet-icinga2/spec/classes/windowseventlog_spec.rb_(Other)_', 'puppet-icinga2/types/logfacility.pp_(IaC)_'], ['puppet-icinga2/manifests/config/fragment.pp_(IaC)_', 'puppet-icinga2/manifests/feature/api.pp_(IaC)_', 'puppet-icinga2/manifests/feature/checker.pp_(IaC)_', 'puppet-icinga2/manifests/feature/command.pp_(IaC)_', 'puppet-icinga2/manifests/feature/compatlog.pp_(IaC)_', 'puppet-icinga2/manifests/feature/debuglog.pp_(IaC)_', 'puppet-icinga2/manifests/feature/elasticsearch.pp_(IaC)_', 'puppet-icinga2/manifests/feature/gelf.pp_(IaC)_', 'puppet-icinga2/manifests/feature/graphite.pp_(IaC)_', 'puppet-icinga2/manifests/feature/icingadb.pp_(IaC)_', 'puppet-icinga2/manifests/feature/idomysql.pp_(IaC)_', 'puppet-icinga2/manifests/feature/idopgsql.pp_(IaC)_', 'puppet-icinga2/manifests/feature/influxdb.pp_(IaC)_', 'puppet-icinga2/manifests/feature/influxdb2.pp_(IaC)_', 'puppet-icinga2/manifests/feature/livestatus.pp_(IaC)_', 'puppet-icinga2/manifests/feature/mainlog.pp_(IaC)_', 'puppet-icinga2/manifests/feature/notification.pp_(IaC)_', 'puppet-icinga2/manifests/feature/opentsdb.pp_(IaC)_', 'puppet-icinga2/manifests/feature/perfdata.pp_(IaC)_', 'puppet-icinga2/manifests/feature/statusdata.pp_(IaC)_', 'puppet-icinga2/manifests/feature/syslog.pp_(IaC)_', 'puppet-icinga2/manifests/feature/windowseventlog.pp_(IaC)_', 'puppet-icinga2/manifests/globals.pp_(IaC)_', 'puppet-icinga2/manifests/init.pp_(IaC)_', 'puppet-icinga2/manifests/object.pp_(IaC)_', 'puppet-icinga2/manifests/object/apiuser.pp_(IaC)_', 'puppet-icinga2/manifests/object/checkcommand.pp_(IaC)_', 'puppet-icinga2/manifests/object/checkresultreader.pp_(IaC)_', 'puppet-icinga2/manifests/object/dependency.pp_(IaC)_', 'puppet-icinga2/manifests/object/endpoint.pp_(IaC)_', 'puppet-icinga2/manifests/object/eventcommand.pp_(IaC)_', 'puppet-icinga2/manifests/object/host.pp_(IaC)_', 'puppet-icinga2/manifests/object/hostgroup.pp_(IaC)_', 'puppet-icinga2/manifests/object/notification.pp_(IaC)_', 'puppet-icinga2/manifests/object/notificationcommand.pp_(IaC)_', 'puppet-icinga2/manifests/object/scheduleddowntime.pp_(IaC)_', 'puppet-icinga2/manifests/object/service.pp_(IaC)_', 'puppet-icinga2/manifests/object/servicegroup.pp_(IaC)_', 'puppet-icinga2/manifests/object/timeperiod.pp_(IaC)_', 'puppet-icinga2/manifests/object/user.pp_(IaC)_', 'puppet-icinga2/manifests/object/usergroup.pp_(IaC)_', 'puppet-icinga2/manifests/object/zone.pp_(IaC)_', 'puppet-icinga2/manifests/pki/ca.pp_(IaC)_'], ['puppet-icinga2/manifests/object/apiuser.pp_(IaC)_', 'puppet-icinga2/manifests/object/checkcommand.pp_(IaC)_', 'puppet-icinga2/manifests/object/dependency.pp_(IaC)_', 'puppet-icinga2/manifests/object/endpoint.pp_(IaC)_', 'puppet-icinga2/manifests/object/eventcommand.pp_(IaC)_', 'puppet-icinga2/manifests/object/host.pp_(IaC)_', 'puppet-icinga2/manifests/object/hostgroup.pp_(IaC)_', 'puppet-icinga2/manifests/object/notification.pp_(IaC)_', 'puppet-icinga2/manifests/object/notificationcommand.pp_(IaC)_', 'puppet-icinga2/manifests/object/scheduleddowntime.pp_(IaC)_', 'puppet-icinga2/manifests/object/service.pp_(IaC)_', 'puppet-icinga2/manifests/object/servicegroup.pp_(IaC)_', 'puppet-icinga2/manifests/object/timeperiod.pp_(IaC)_', 'puppet-icinga2/manifests/object/user.pp_(IaC)_', 'puppet-icinga2/manifests/object/usergroup.pp_(IaC)_', 'puppet-icinga2/manifests/object/zone.pp_(IaC)_', 'puppet-icinga2/manifests/query_objects.pp_(IaC)_', 'puppet-icinga2/metadata.json_(Other)_', 'puppet-icinga2/spec/defines/objects_spec.rb_(Other)_', 'puppet-icinga2/templates/object.conf.epp_(Other)_', 'puppet-icinga2/templates/objects.epp_(Other)_']]","['e45aa8bc8d34646d4bc04024270810ba5af2cc80', '1a9648985cb25ea20f754c19db08385461238e9d', '63b3349774b18a4e1848954acc437fc2539953fc']","[0.0, 1.0, 1.0]","[0.0, 0.06976744186046512, 0.14285714285714285]","[0, 0.13043478260869565, 0.25]","[0, 1, 1]","[0, 1.0, 1.0]"
"[3, 3, 3]","[[125, 110, 119, 122, 111, 116, 121, 115, 113, 109, 117, 11, 123, 124, 15], [125, 110, 119, 122, 111, 116, 121, 115, 113, 109, 117, 11, 123, 124, 15], [125, 110, 119, 122, 111, 116, 121, 115, 113, 109, 117, 11, 123, 124, 15]]","[['puppet-icinga2/manifests/object/checkcommand.pp_(IaC)_', 'puppet-icinga2/manifests/object/user.pp_(IaC)_', 'puppet-icinga2/manifests/object/icingaapplication.pp_(IaC)_', 'puppet-icinga2/manifests/object/notificationcommand.pp_(IaC)_', 'puppet-icinga2/manifests/object/service.pp_(IaC)_', 'puppet-icinga2/manifests/object/notification.pp_(IaC)_', 'puppet-icinga2/manifests/object/endpoint.pp_(IaC)_', 'puppet-icinga2/manifests/object/host.pp_(IaC)_', 'puppet-icinga2/manifests/object/eventcommand.pp_(IaC)_', 'puppet-icinga2/manifests/object/timeperiod.pp_(IaC)_', 'puppet-icinga2/manifests/object/servicegroup.pp_(IaC)_', 'puppet-icinga2/types/customattributes.pp_(IaC)_', 'puppet-icinga2/manifests/object/zone.pp_(IaC)_', 'puppet-icinga2/manifests/object/dependency.pp_(IaC)_', 'puppet-icinga2/types/basicauth.pp_(IaC)_'], ['puppet-icinga2/manifests/object/checkcommand.pp_(IaC)_', 'puppet-icinga2/manifests/object/user.pp_(IaC)_', 'puppet-icinga2/manifests/object/icingaapplication.pp_(IaC)_', 'puppet-icinga2/manifests/object/notificationcommand.pp_(IaC)_', 'puppet-icinga2/manifests/object/service.pp_(IaC)_', 'puppet-icinga2/manifests/object/notification.pp_(IaC)_', 'puppet-icinga2/manifests/object/endpoint.pp_(IaC)_', 'puppet-icinga2/manifests/object/host.pp_(IaC)_', 'puppet-icinga2/manifests/object/eventcommand.pp_(IaC)_', 'puppet-icinga2/manifests/object/timeperiod.pp_(IaC)_', 'puppet-icinga2/manifests/object/servicegroup.pp_(IaC)_', 'puppet-icinga2/types/customattributes.pp_(IaC)_', 'puppet-icinga2/manifests/object/zone.pp_(IaC)_', 'puppet-icinga2/manifests/object/dependency.pp_(IaC)_', 'puppet-icinga2/types/basicauth.pp_(IaC)_'], ['puppet-icinga2/manifests/object/checkcommand.pp_(IaC)_', 'puppet-icinga2/manifests/object/user.pp_(IaC)_', 'puppet-icinga2/manifests/object/icingaapplication.pp_(IaC)_', 'puppet-icinga2/manifests/object/notificationcommand.pp_(IaC)_', 'puppet-icinga2/manifests/object/service.pp_(IaC)_', 'puppet-icinga2/manifests/object/notification.pp_(IaC)_', 'puppet-icinga2/manifests/object/endpoint.pp_(IaC)_', 'puppet-icinga2/manifests/object/host.pp_(IaC)_', 'puppet-icinga2/manifests/object/eventcommand.pp_(IaC)_', 'puppet-icinga2/manifests/object/timeperiod.pp_(IaC)_', 'puppet-icinga2/manifests/object/servicegroup.pp_(IaC)_', 'puppet-icinga2/types/customattributes.pp_(IaC)_', 'puppet-icinga2/manifests/object/zone.pp_(IaC)_', 'puppet-icinga2/manifests/object/dependency.pp_(IaC)_', 'puppet-icinga2/types/basicauth.pp_(IaC)_']]","[['puppet-icinga2/manifests/feature/gelf.pp_(IaC)_', 'puppet-icinga2/spec/classes/influxdb2_spec.rb_(Other)_', 'puppet-icinga2/spec/classes/windowseventlog_spec.rb_(Other)_', 'puppet-icinga2/types/logfacility.pp_(IaC)_'], ['puppet-icinga2/manifests/config/fragment.pp_(IaC)_', 'puppet-icinga2/manifests/feature/api.pp_(IaC)_', 'puppet-icinga2/manifests/feature/checker.pp_(IaC)_', 'puppet-icinga2/manifests/feature/command.pp_(IaC)_', 'puppet-icinga2/manifests/feature/compatlog.pp_(IaC)_', 'puppet-icinga2/manifests/feature/debuglog.pp_(IaC)_', 'puppet-icinga2/manifests/feature/elasticsearch.pp_(IaC)_', 'puppet-icinga2/manifests/feature/gelf.pp_(IaC)_', 'puppet-icinga2/manifests/feature/graphite.pp_(IaC)_', 'puppet-icinga2/manifests/feature/icingadb.pp_(IaC)_', 'puppet-icinga2/manifests/feature/idomysql.pp_(IaC)_', 'puppet-icinga2/manifests/feature/idopgsql.pp_(IaC)_', 'puppet-icinga2/manifests/feature/influxdb.pp_(IaC)_', 'puppet-icinga2/manifests/feature/influxdb2.pp_(IaC)_', 'puppet-icinga2/manifests/feature/livestatus.pp_(IaC)_', 'puppet-icinga2/manifests/feature/mainlog.pp_(IaC)_', 'puppet-icinga2/manifests/feature/notification.pp_(IaC)_', 'puppet-icinga2/manifests/feature/opentsdb.pp_(IaC)_', 'puppet-icinga2/manifests/feature/perfdata.pp_(IaC)_', 'puppet-icinga2/manifests/feature/statusdata.pp_(IaC)_', 'puppet-icinga2/manifests/feature/syslog.pp_(IaC)_', 'puppet-icinga2/manifests/feature/windowseventlog.pp_(IaC)_', 'puppet-icinga2/manifests/globals.pp_(IaC)_', 'puppet-icinga2/manifests/init.pp_(IaC)_', 'puppet-icinga2/manifests/object.pp_(IaC)_', 'puppet-icinga2/manifests/object/apiuser.pp_(IaC)_', 'puppet-icinga2/manifests/object/checkcommand.pp_(IaC)_', 'puppet-icinga2/manifests/object/checkresultreader.pp_(IaC)_', 'puppet-icinga2/manifests/object/dependency.pp_(IaC)_', 'puppet-icinga2/manifests/object/endpoint.pp_(IaC)_', 'puppet-icinga2/manifests/object/eventcommand.pp_(IaC)_', 'puppet-icinga2/manifests/object/host.pp_(IaC)_', 'puppet-icinga2/manifests/object/hostgroup.pp_(IaC)_', 'puppet-icinga2/manifests/object/notification.pp_(IaC)_', 'puppet-icinga2/manifests/object/notificationcommand.pp_(IaC)_', 'puppet-icinga2/manifests/object/scheduleddowntime.pp_(IaC)_', 'puppet-icinga2/manifests/object/service.pp_(IaC)_', 'puppet-icinga2/manifests/object/servicegroup.pp_(IaC)_', 'puppet-icinga2/manifests/object/timeperiod.pp_(IaC)_', 'puppet-icinga2/manifests/object/user.pp_(IaC)_', 'puppet-icinga2/manifests/object/usergroup.pp_(IaC)_', 'puppet-icinga2/manifests/object/zone.pp_(IaC)_', 'puppet-icinga2/manifests/pki/ca.pp_(IaC)_'], ['puppet-icinga2/manifests/object/apiuser.pp_(IaC)_', 'puppet-icinga2/manifests/object/checkcommand.pp_(IaC)_', 'puppet-icinga2/manifests/object/dependency.pp_(IaC)_', 'puppet-icinga2/manifests/object/endpoint.pp_(IaC)_', 'puppet-icinga2/manifests/object/eventcommand.pp_(IaC)_', 'puppet-icinga2/manifests/object/host.pp_(IaC)_', 'puppet-icinga2/manifests/object/hostgroup.pp_(IaC)_', 'puppet-icinga2/manifests/object/notification.pp_(IaC)_', 'puppet-icinga2/manifests/object/notificationcommand.pp_(IaC)_', 'puppet-icinga2/manifests/object/scheduleddowntime.pp_(IaC)_', 'puppet-icinga2/manifests/object/service.pp_(IaC)_', 'puppet-icinga2/manifests/object/servicegroup.pp_(IaC)_', 'puppet-icinga2/manifests/object/timeperiod.pp_(IaC)_', 'puppet-icinga2/manifests/object/user.pp_(IaC)_', 'puppet-icinga2/manifests/object/usergroup.pp_(IaC)_', 'puppet-icinga2/manifests/object/zone.pp_(IaC)_', 'puppet-icinga2/manifests/query_objects.pp_(IaC)_', 'puppet-icinga2/metadata.json_(Other)_', 'puppet-icinga2/spec/defines/objects_spec.rb_(Other)_', 'puppet-icinga2/templates/object.conf.epp_(Other)_', 'puppet-icinga2/templates/objects.epp_(Other)_']]","['e45aa8bc8d34646d4bc04024270810ba5af2cc80', '1a9648985cb25ea20f754c19db08385461238e9d', '63b3349774b18a4e1848954acc437fc2539953fc']","[0.0, 0.6666666666666666, 0.6666666666666666]","[0.0, 0.046511627906976744, 0.09523809523809523]","[0, 0.08695652173913045, 0.16666666666666666]","[0, 1, 1]","[0, 1.0, 1.0]"
"[3, 3, 3]","[[115, 123, 122, 119, 113, 117, 116, 121, 112, 110, 125, 111, 11, 114, 108, 109, 120, 124, 118], [115, 123, 122, 119, 113, 117, 116, 121, 112, 110, 125, 111, 11, 114, 108, 109, 120, 124, 118], [115, 123, 122, 119, 113, 117, 116, 121, 112, 110, 125, 111, 11, 114, 108, 109, 120, 124, 118]]","[['puppet-icinga2/manifests/object/host.pp_(IaC)_', 'puppet-icinga2/manifests/object/zone.pp_(IaC)_', 'puppet-icinga2/manifests/object/notificationcommand.pp_(IaC)_', 'puppet-icinga2/manifests/object/icingaapplication.pp_(IaC)_', 'puppet-icinga2/manifests/object/eventcommand.pp_(IaC)_', 'puppet-icinga2/manifests/object/servicegroup.pp_(IaC)_', 'puppet-icinga2/manifests/object/notification.pp_(IaC)_', 'puppet-icinga2/manifests/object/endpoint.pp_(IaC)_', 'puppet-icinga2/manifests/object/usergroup.pp_(IaC)_', 'puppet-icinga2/manifests/object/user.pp_(IaC)_', 'puppet-icinga2/manifests/object/checkcommand.pp_(IaC)_', 'puppet-icinga2/manifests/object/service.pp_(IaC)_', 'puppet-icinga2/types/customattributes.pp_(IaC)_', 'puppet-icinga2/manifests/object/scheduleddowntime.pp_(IaC)_', 'puppet-icinga2/manifests/object/apiuser.pp_(IaC)_', 'puppet-icinga2/manifests/object/timeperiod.pp_(IaC)_', 'puppet-icinga2/manifests/object/checkresultreader.pp_(IaC)_', 'puppet-icinga2/manifests/object/dependency.pp_(IaC)_', 'puppet-icinga2/manifests/object/hostgroup.pp_(IaC)_'], ['puppet-icinga2/manifests/object/host.pp_(IaC)_', 'puppet-icinga2/manifests/object/zone.pp_(IaC)_', 'puppet-icinga2/manifests/object/notificationcommand.pp_(IaC)_', 'puppet-icinga2/manifests/object/icingaapplication.pp_(IaC)_', 'puppet-icinga2/manifests/object/eventcommand.pp_(IaC)_', 'puppet-icinga2/manifests/object/servicegroup.pp_(IaC)_', 'puppet-icinga2/manifests/object/notification.pp_(IaC)_', 'puppet-icinga2/manifests/object/endpoint.pp_(IaC)_', 'puppet-icinga2/manifests/object/usergroup.pp_(IaC)_', 'puppet-icinga2/manifests/object/user.pp_(IaC)_', 'puppet-icinga2/manifests/object/checkcommand.pp_(IaC)_', 'puppet-icinga2/manifests/object/service.pp_(IaC)_', 'puppet-icinga2/types/customattributes.pp_(IaC)_', 'puppet-icinga2/manifests/object/scheduleddowntime.pp_(IaC)_', 'puppet-icinga2/manifests/object/apiuser.pp_(IaC)_', 'puppet-icinga2/manifests/object/timeperiod.pp_(IaC)_', 'puppet-icinga2/manifests/object/checkresultreader.pp_(IaC)_', 'puppet-icinga2/manifests/object/dependency.pp_(IaC)_', 'puppet-icinga2/manifests/object/hostgroup.pp_(IaC)_'], ['puppet-icinga2/manifests/object/host.pp_(IaC)_', 'puppet-icinga2/manifests/object/zone.pp_(IaC)_', 'puppet-icinga2/manifests/object/notificationcommand.pp_(IaC)_', 'puppet-icinga2/manifests/object/icingaapplication.pp_(IaC)_', 'puppet-icinga2/manifests/object/eventcommand.pp_(IaC)_', 'puppet-icinga2/manifests/object/servicegroup.pp_(IaC)_', 'puppet-icinga2/manifests/object/notification.pp_(IaC)_', 'puppet-icinga2/manifests/object/endpoint.pp_(IaC)_', 'puppet-icinga2/manifests/object/usergroup.pp_(IaC)_', 'puppet-icinga2/manifests/object/user.pp_(IaC)_', 'puppet-icinga2/manifests/object/checkcommand.pp_(IaC)_', 'puppet-icinga2/manifests/object/service.pp_(IaC)_', 'puppet-icinga2/types/customattributes.pp_(IaC)_', 'puppet-icinga2/manifests/object/scheduleddowntime.pp_(IaC)_', 'puppet-icinga2/manifests/object/apiuser.pp_(IaC)_', 'puppet-icinga2/manifests/object/timeperiod.pp_(IaC)_', 'puppet-icinga2/manifests/object/checkresultreader.pp_(IaC)_', 'puppet-icinga2/manifests/object/dependency.pp_(IaC)_', 'puppet-icinga2/manifests/object/hostgroup.pp_(IaC)_']]","[['puppet-icinga2/manifests/feature/gelf.pp_(IaC)_', 'puppet-icinga2/spec/classes/influxdb2_spec.rb_(Other)_', 'puppet-icinga2/spec/classes/windowseventlog_spec.rb_(Other)_', 'puppet-icinga2/types/logfacility.pp_(IaC)_'], ['puppet-icinga2/manifests/config/fragment.pp_(IaC)_', 'puppet-icinga2/manifests/feature/api.pp_(IaC)_', 'puppet-icinga2/manifests/feature/checker.pp_(IaC)_', 'puppet-icinga2/manifests/feature/command.pp_(IaC)_', 'puppet-icinga2/manifests/feature/compatlog.pp_(IaC)_', 'puppet-icinga2/manifests/feature/debuglog.pp_(IaC)_', 'puppet-icinga2/manifests/feature/elasticsearch.pp_(IaC)_', 'puppet-icinga2/manifests/feature/gelf.pp_(IaC)_', 'puppet-icinga2/manifests/feature/graphite.pp_(IaC)_', 'puppet-icinga2/manifests/feature/icingadb.pp_(IaC)_', 'puppet-icinga2/manifests/feature/idomysql.pp_(IaC)_', 'puppet-icinga2/manifests/feature/idopgsql.pp_(IaC)_', 'puppet-icinga2/manifests/feature/influxdb.pp_(IaC)_', 'puppet-icinga2/manifests/feature/influxdb2.pp_(IaC)_', 'puppet-icinga2/manifests/feature/livestatus.pp_(IaC)_', 'puppet-icinga2/manifests/feature/mainlog.pp_(IaC)_', 'puppet-icinga2/manifests/feature/notification.pp_(IaC)_', 'puppet-icinga2/manifests/feature/opentsdb.pp_(IaC)_', 'puppet-icinga2/manifests/feature/perfdata.pp_(IaC)_', 'puppet-icinga2/manifests/feature/statusdata.pp_(IaC)_', 'puppet-icinga2/manifests/feature/syslog.pp_(IaC)_', 'puppet-icinga2/manifests/feature/windowseventlog.pp_(IaC)_', 'puppet-icinga2/manifests/globals.pp_(IaC)_', 'puppet-icinga2/manifests/init.pp_(IaC)_', 'puppet-icinga2/manifests/object.pp_(IaC)_', 'puppet-icinga2/manifests/object/apiuser.pp_(IaC)_', 'puppet-icinga2/manifests/object/checkcommand.pp_(IaC)_', 'puppet-icinga2/manifests/object/checkresultreader.pp_(IaC)_', 'puppet-icinga2/manifests/object/dependency.pp_(IaC)_', 'puppet-icinga2/manifests/object/endpoint.pp_(IaC)_', 'puppet-icinga2/manifests/object/eventcommand.pp_(IaC)_', 'puppet-icinga2/manifests/object/host.pp_(IaC)_', 'puppet-icinga2/manifests/object/hostgroup.pp_(IaC)_', 'puppet-icinga2/manifests/object/notification.pp_(IaC)_', 'puppet-icinga2/manifests/object/notificationcommand.pp_(IaC)_', 'puppet-icinga2/manifests/object/scheduleddowntime.pp_(IaC)_', 'puppet-icinga2/manifests/object/service.pp_(IaC)_', 'puppet-icinga2/manifests/object/servicegroup.pp_(IaC)_', 'puppet-icinga2/manifests/object/timeperiod.pp_(IaC)_', 'puppet-icinga2/manifests/object/user.pp_(IaC)_', 'puppet-icinga2/manifests/object/usergroup.pp_(IaC)_', 'puppet-icinga2/manifests/object/zone.pp_(IaC)_', 'puppet-icinga2/manifests/pki/ca.pp_(IaC)_'], ['puppet-icinga2/manifests/object/apiuser.pp_(IaC)_', 'puppet-icinga2/manifests/object/checkcommand.pp_(IaC)_', 'puppet-icinga2/manifests/object/dependency.pp_(IaC)_', 'puppet-icinga2/manifests/object/endpoint.pp_(IaC)_', 'puppet-icinga2/manifests/object/eventcommand.pp_(IaC)_', 'puppet-icinga2/manifests/object/host.pp_(IaC)_', 'puppet-icinga2/manifests/object/hostgroup.pp_(IaC)_', 'puppet-icinga2/manifests/object/notification.pp_(IaC)_', 'puppet-icinga2/manifests/object/notificationcommand.pp_(IaC)_', 'puppet-icinga2/manifests/object/scheduleddowntime.pp_(IaC)_', 'puppet-icinga2/manifests/object/service.pp_(IaC)_', 'puppet-icinga2/manifests/object/servicegroup.pp_(IaC)_', 'puppet-icinga2/manifests/object/timeperiod.pp_(IaC)_', 'puppet-icinga2/manifests/object/user.pp_(IaC)_', 'puppet-icinga2/manifests/object/usergroup.pp_(IaC)_', 'puppet-icinga2/manifests/object/zone.pp_(IaC)_', 'puppet-icinga2/manifests/query_objects.pp_(IaC)_', 'puppet-icinga2/metadata.json_(Other)_', 'puppet-icinga2/spec/defines/objects_spec.rb_(Other)_', 'puppet-icinga2/templates/object.conf.epp_(Other)_', 'puppet-icinga2/templates/objects.epp_(Other)_']]","['e45aa8bc8d34646d4bc04024270810ba5af2cc80', '1a9648985cb25ea20f754c19db08385461238e9d', '63b3349774b18a4e1848954acc437fc2539953fc']","[0.0, 1.0, 1.0]","[0.0, 0.06976744186046512, 0.14285714285714285]","[0, 0.13043478260869565, 0.25]","[0, 1, 1]","[0, 1.0, 1.0]"
"[3, 3, 3]","[[125, 115, 114, 109, 121, 117, 123, 124, 15, 111, 122, 11, 119, 113, 116, 110], [125, 115, 114, 109, 121, 117, 123, 124, 15, 111, 122, 11, 119, 113, 116, 110], [125, 115, 114, 109, 121, 117, 123, 124, 15, 111, 122, 11, 119, 113, 116, 110]]","[['puppet-icinga2/manifests/object/checkcommand.pp_(IaC)_', 'puppet-icinga2/manifests/object/host.pp_(IaC)_', 'puppet-icinga2/manifests/object/scheduleddowntime.pp_(IaC)_', 'puppet-icinga2/manifests/object/timeperiod.pp_(IaC)_', 'puppet-icinga2/manifests/object/endpoint.pp_(IaC)_', 'puppet-icinga2/manifests/object/servicegroup.pp_(IaC)_', 'puppet-icinga2/manifests/object/zone.pp_(IaC)_', 'puppet-icinga2/manifests/object/dependency.pp_(IaC)_', 'puppet-icinga2/types/basicauth.pp_(IaC)_', 'puppet-icinga2/manifests/object/service.pp_(IaC)_', 'puppet-icinga2/manifests/object/notificationcommand.pp_(IaC)_', 'puppet-icinga2/types/customattributes.pp_(IaC)_', 'puppet-icinga2/manifests/object/icingaapplication.pp_(IaC)_', 'puppet-icinga2/manifests/object/eventcommand.pp_(IaC)_', 'puppet-icinga2/manifests/object/notification.pp_(IaC)_', 'puppet-icinga2/manifests/object/user.pp_(IaC)_'], ['puppet-icinga2/manifests/object/checkcommand.pp_(IaC)_', 'puppet-icinga2/manifests/object/host.pp_(IaC)_', 'puppet-icinga2/manifests/object/scheduleddowntime.pp_(IaC)_', 'puppet-icinga2/manifests/object/timeperiod.pp_(IaC)_', 'puppet-icinga2/manifests/object/endpoint.pp_(IaC)_', 'puppet-icinga2/manifests/object/servicegroup.pp_(IaC)_', 'puppet-icinga2/manifests/object/zone.pp_(IaC)_', 'puppet-icinga2/manifests/object/dependency.pp_(IaC)_', 'puppet-icinga2/types/basicauth.pp_(IaC)_', 'puppet-icinga2/manifests/object/service.pp_(IaC)_', 'puppet-icinga2/manifests/object/notificationcommand.pp_(IaC)_', 'puppet-icinga2/types/customattributes.pp_(IaC)_', 'puppet-icinga2/manifests/object/icingaapplication.pp_(IaC)_', 'puppet-icinga2/manifests/object/eventcommand.pp_(IaC)_', 'puppet-icinga2/manifests/object/notification.pp_(IaC)_', 'puppet-icinga2/manifests/object/user.pp_(IaC)_'], ['puppet-icinga2/manifests/object/checkcommand.pp_(IaC)_', 'puppet-icinga2/manifests/object/host.pp_(IaC)_', 'puppet-icinga2/manifests/object/scheduleddowntime.pp_(IaC)_', 'puppet-icinga2/manifests/object/timeperiod.pp_(IaC)_', 'puppet-icinga2/manifests/object/endpoint.pp_(IaC)_', 'puppet-icinga2/manifests/object/servicegroup.pp_(IaC)_', 'puppet-icinga2/manifests/object/zone.pp_(IaC)_', 'puppet-icinga2/manifests/object/dependency.pp_(IaC)_', 'puppet-icinga2/types/basicauth.pp_(IaC)_', 'puppet-icinga2/manifests/object/service.pp_(IaC)_', 'puppet-icinga2/manifests/object/notificationcommand.pp_(IaC)_', 'puppet-icinga2/types/customattributes.pp_(IaC)_', 'puppet-icinga2/manifests/object/icingaapplication.pp_(IaC)_', 'puppet-icinga2/manifests/object/eventcommand.pp_(IaC)_', 'puppet-icinga2/manifests/object/notification.pp_(IaC)_', 'puppet-icinga2/manifests/object/user.pp_(IaC)_']]","[['puppet-icinga2/manifests/feature/gelf.pp_(IaC)_', 'puppet-icinga2/spec/classes/influxdb2_spec.rb_(Other)_', 'puppet-icinga2/spec/classes/windowseventlog_spec.rb_(Other)_', 'puppet-icinga2/types/logfacility.pp_(IaC)_'], ['puppet-icinga2/manifests/config/fragment.pp_(IaC)_', 'puppet-icinga2/manifests/feature/api.pp_(IaC)_', 'puppet-icinga2/manifests/feature/checker.pp_(IaC)_', 'puppet-icinga2/manifests/feature/command.pp_(IaC)_', 'puppet-icinga2/manifests/feature/compatlog.pp_(IaC)_', 'puppet-icinga2/manifests/feature/debuglog.pp_(IaC)_', 'puppet-icinga2/manifests/feature/elasticsearch.pp_(IaC)_', 'puppet-icinga2/manifests/feature/gelf.pp_(IaC)_', 'puppet-icinga2/manifests/feature/graphite.pp_(IaC)_', 'puppet-icinga2/manifests/feature/icingadb.pp_(IaC)_', 'puppet-icinga2/manifests/feature/idomysql.pp_(IaC)_', 'puppet-icinga2/manifests/feature/idopgsql.pp_(IaC)_', 'puppet-icinga2/manifests/feature/influxdb.pp_(IaC)_', 'puppet-icinga2/manifests/feature/influxdb2.pp_(IaC)_', 'puppet-icinga2/manifests/feature/livestatus.pp_(IaC)_', 'puppet-icinga2/manifests/feature/mainlog.pp_(IaC)_', 'puppet-icinga2/manifests/feature/notification.pp_(IaC)_', 'puppet-icinga2/manifests/feature/opentsdb.pp_(IaC)_', 'puppet-icinga2/manifests/feature/perfdata.pp_(IaC)_', 'puppet-icinga2/manifests/feature/statusdata.pp_(IaC)_', 'puppet-icinga2/manifests/feature/syslog.pp_(IaC)_', 'puppet-icinga2/manifests/feature/windowseventlog.pp_(IaC)_', 'puppet-icinga2/manifests/globals.pp_(IaC)_', 'puppet-icinga2/manifests/init.pp_(IaC)_', 'puppet-icinga2/manifests/object.pp_(IaC)_', 'puppet-icinga2/manifests/object/apiuser.pp_(IaC)_', 'puppet-icinga2/manifests/object/checkcommand.pp_(IaC)_', 'puppet-icinga2/manifests/object/checkresultreader.pp_(IaC)_', 'puppet-icinga2/manifests/object/dependency.pp_(IaC)_', 'puppet-icinga2/manifests/object/endpoint.pp_(IaC)_', 'puppet-icinga2/manifests/object/eventcommand.pp_(IaC)_', 'puppet-icinga2/manifests/object/host.pp_(IaC)_', 'puppet-icinga2/manifests/object/hostgroup.pp_(IaC)_', 'puppet-icinga2/manifests/object/notification.pp_(IaC)_', 'puppet-icinga2/manifests/object/notificationcommand.pp_(IaC)_', 'puppet-icinga2/manifests/object/scheduleddowntime.pp_(IaC)_', 'puppet-icinga2/manifests/object/service.pp_(IaC)_', 'puppet-icinga2/manifests/object/servicegroup.pp_(IaC)_', 'puppet-icinga2/manifests/object/timeperiod.pp_(IaC)_', 'puppet-icinga2/manifests/object/user.pp_(IaC)_', 'puppet-icinga2/manifests/object/usergroup.pp_(IaC)_', 'puppet-icinga2/manifests/object/zone.pp_(IaC)_', 'puppet-icinga2/manifests/pki/ca.pp_(IaC)_'], ['puppet-icinga2/manifests/object/apiuser.pp_(IaC)_', 'puppet-icinga2/manifests/object/checkcommand.pp_(IaC)_', 'puppet-icinga2/manifests/object/dependency.pp_(IaC)_', 'puppet-icinga2/manifests/object/endpoint.pp_(IaC)_', 'puppet-icinga2/manifests/object/eventcommand.pp_(IaC)_', 'puppet-icinga2/manifests/object/host.pp_(IaC)_', 'puppet-icinga2/manifests/object/hostgroup.pp_(IaC)_', 'puppet-icinga2/manifests/object/notification.pp_(IaC)_', 'puppet-icinga2/manifests/object/notificationcommand.pp_(IaC)_', 'puppet-icinga2/manifests/object/scheduleddowntime.pp_(IaC)_', 'puppet-icinga2/manifests/object/service.pp_(IaC)_', 'puppet-icinga2/manifests/object/servicegroup.pp_(IaC)_', 'puppet-icinga2/manifests/object/timeperiod.pp_(IaC)_', 'puppet-icinga2/manifests/object/user.pp_(IaC)_', 'puppet-icinga2/manifests/object/usergroup.pp_(IaC)_', 'puppet-icinga2/manifests/object/zone.pp_(IaC)_', 'puppet-icinga2/manifests/query_objects.pp_(IaC)_', 'puppet-icinga2/metadata.json_(Other)_', 'puppet-icinga2/spec/defines/objects_spec.rb_(Other)_', 'puppet-icinga2/templates/object.conf.epp_(Other)_', 'puppet-icinga2/templates/objects.epp_(Other)_']]","['e45aa8bc8d34646d4bc04024270810ba5af2cc80', '1a9648985cb25ea20f754c19db08385461238e9d', '63b3349774b18a4e1848954acc437fc2539953fc']","[0.0, 1.0, 1.0]","[0.0, 0.06976744186046512, 0.14285714285714285]","[0, 0.13043478260869565, 0.25]","[0, 1, 1]","[0, 1.0, 1.0]"
"[3, 3, 3]","[[110, 115, 116, 117, 113, 119, 111, 109, 121, 114, 123, 122, 125, 15, 124, 11], [110, 115, 116, 117, 113, 119, 111, 109, 121, 114, 123, 122, 125, 15, 124, 11], [110, 115, 116, 117, 113, 119, 111, 109, 121, 114, 123, 122, 125, 15, 124, 11]]","[['puppet-icinga2/manifests/object/user.pp_(IaC)_', 'puppet-icinga2/manifests/object/host.pp_(IaC)_', 'puppet-icinga2/manifests/object/notification.pp_(IaC)_', 'puppet-icinga2/manifests/object/servicegroup.pp_(IaC)_', 'puppet-icinga2/manifests/object/eventcommand.pp_(IaC)_', 'puppet-icinga2/manifests/object/icingaapplication.pp_(IaC)_', 'puppet-icinga2/manifests/object/service.pp_(IaC)_', 'puppet-icinga2/manifests/object/timeperiod.pp_(IaC)_', 'puppet-icinga2/manifests/object/endpoint.pp_(IaC)_', 'puppet-icinga2/manifests/object/scheduleddowntime.pp_(IaC)_', 'puppet-icinga2/manifests/object/zone.pp_(IaC)_', 'puppet-icinga2/manifests/object/notificationcommand.pp_(IaC)_', 'puppet-icinga2/manifests/object/checkcommand.pp_(IaC)_', 'puppet-icinga2/types/basicauth.pp_(IaC)_', 'puppet-icinga2/manifests/object/dependency.pp_(IaC)_', 'puppet-icinga2/types/customattributes.pp_(IaC)_'], ['puppet-icinga2/manifests/object/user.pp_(IaC)_', 'puppet-icinga2/manifests/object/host.pp_(IaC)_', 'puppet-icinga2/manifests/object/notification.pp_(IaC)_', 'puppet-icinga2/manifests/object/servicegroup.pp_(IaC)_', 'puppet-icinga2/manifests/object/eventcommand.pp_(IaC)_', 'puppet-icinga2/manifests/object/icingaapplication.pp_(IaC)_', 'puppet-icinga2/manifests/object/service.pp_(IaC)_', 'puppet-icinga2/manifests/object/timeperiod.pp_(IaC)_', 'puppet-icinga2/manifests/object/endpoint.pp_(IaC)_', 'puppet-icinga2/manifests/object/scheduleddowntime.pp_(IaC)_', 'puppet-icinga2/manifests/object/zone.pp_(IaC)_', 'puppet-icinga2/manifests/object/notificationcommand.pp_(IaC)_', 'puppet-icinga2/manifests/object/checkcommand.pp_(IaC)_', 'puppet-icinga2/types/basicauth.pp_(IaC)_', 'puppet-icinga2/manifests/object/dependency.pp_(IaC)_', 'puppet-icinga2/types/customattributes.pp_(IaC)_'], ['puppet-icinga2/manifests/object/user.pp_(IaC)_', 'puppet-icinga2/manifests/object/host.pp_(IaC)_', 'puppet-icinga2/manifests/object/notification.pp_(IaC)_', 'puppet-icinga2/manifests/object/servicegroup.pp_(IaC)_', 'puppet-icinga2/manifests/object/eventcommand.pp_(IaC)_', 'puppet-icinga2/manifests/object/icingaapplication.pp_(IaC)_', 'puppet-icinga2/manifests/object/service.pp_(IaC)_', 'puppet-icinga2/manifests/object/timeperiod.pp_(IaC)_', 'puppet-icinga2/manifests/object/endpoint.pp_(IaC)_', 'puppet-icinga2/manifests/object/scheduleddowntime.pp_(IaC)_', 'puppet-icinga2/manifests/object/zone.pp_(IaC)_', 'puppet-icinga2/manifests/object/notificationcommand.pp_(IaC)_', 'puppet-icinga2/manifests/object/checkcommand.pp_(IaC)_', 'puppet-icinga2/types/basicauth.pp_(IaC)_', 'puppet-icinga2/manifests/object/dependency.pp_(IaC)_', 'puppet-icinga2/types/customattributes.pp_(IaC)_']]","[['puppet-icinga2/manifests/feature/gelf.pp_(IaC)_', 'puppet-icinga2/spec/classes/influxdb2_spec.rb_(Other)_', 'puppet-icinga2/spec/classes/windowseventlog_spec.rb_(Other)_', 'puppet-icinga2/types/logfacility.pp_(IaC)_'], ['puppet-icinga2/manifests/config/fragment.pp_(IaC)_', 'puppet-icinga2/manifests/feature/api.pp_(IaC)_', 'puppet-icinga2/manifests/feature/checker.pp_(IaC)_', 'puppet-icinga2/manifests/feature/command.pp_(IaC)_', 'puppet-icinga2/manifests/feature/compatlog.pp_(IaC)_', 'puppet-icinga2/manifests/feature/debuglog.pp_(IaC)_', 'puppet-icinga2/manifests/feature/elasticsearch.pp_(IaC)_', 'puppet-icinga2/manifests/feature/gelf.pp_(IaC)_', 'puppet-icinga2/manifests/feature/graphite.pp_(IaC)_', 'puppet-icinga2/manifests/feature/icingadb.pp_(IaC)_', 'puppet-icinga2/manifests/feature/idomysql.pp_(IaC)_', 'puppet-icinga2/manifests/feature/idopgsql.pp_(IaC)_', 'puppet-icinga2/manifests/feature/influxdb.pp_(IaC)_', 'puppet-icinga2/manifests/feature/influxdb2.pp_(IaC)_', 'puppet-icinga2/manifests/feature/livestatus.pp_(IaC)_', 'puppet-icinga2/manifests/feature/mainlog.pp_(IaC)_', 'puppet-icinga2/manifests/feature/notification.pp_(IaC)_', 'puppet-icinga2/manifests/feature/opentsdb.pp_(IaC)_', 'puppet-icinga2/manifests/feature/perfdata.pp_(IaC)_', 'puppet-icinga2/manifests/feature/statusdata.pp_(IaC)_', 'puppet-icinga2/manifests/feature/syslog.pp_(IaC)_', 'puppet-icinga2/manifests/feature/windowseventlog.pp_(IaC)_', 'puppet-icinga2/manifests/globals.pp_(IaC)_', 'puppet-icinga2/manifests/init.pp_(IaC)_', 'puppet-icinga2/manifests/object.pp_(IaC)_', 'puppet-icinga2/manifests/object/apiuser.pp_(IaC)_', 'puppet-icinga2/manifests/object/checkcommand.pp_(IaC)_', 'puppet-icinga2/manifests/object/checkresultreader.pp_(IaC)_', 'puppet-icinga2/manifests/object/dependency.pp_(IaC)_', 'puppet-icinga2/manifests/object/endpoint.pp_(IaC)_', 'puppet-icinga2/manifests/object/eventcommand.pp_(IaC)_', 'puppet-icinga2/manifests/object/host.pp_(IaC)_', 'puppet-icinga2/manifests/object/hostgroup.pp_(IaC)_', 'puppet-icinga2/manifests/object/notification.pp_(IaC)_', 'puppet-icinga2/manifests/object/notificationcommand.pp_(IaC)_', 'puppet-icinga2/manifests/object/scheduleddowntime.pp_(IaC)_', 'puppet-icinga2/manifests/object/service.pp_(IaC)_', 'puppet-icinga2/manifests/object/servicegroup.pp_(IaC)_', 'puppet-icinga2/manifests/object/timeperiod.pp_(IaC)_', 'puppet-icinga2/manifests/object/user.pp_(IaC)_', 'puppet-icinga2/manifests/object/usergroup.pp_(IaC)_', 'puppet-icinga2/manifests/object/zone.pp_(IaC)_', 'puppet-icinga2/manifests/pki/ca.pp_(IaC)_'], ['puppet-icinga2/manifests/object/apiuser.pp_(IaC)_', 'puppet-icinga2/manifests/object/checkcommand.pp_(IaC)_', 'puppet-icinga2/manifests/object/dependency.pp_(IaC)_', 'puppet-icinga2/manifests/object/endpoint.pp_(IaC)_', 'puppet-icinga2/manifests/object/eventcommand.pp_(IaC)_', 'puppet-icinga2/manifests/object/host.pp_(IaC)_', 'puppet-icinga2/manifests/object/hostgroup.pp_(IaC)_', 'puppet-icinga2/manifests/object/notification.pp_(IaC)_', 'puppet-icinga2/manifests/object/notificationcommand.pp_(IaC)_', 'puppet-icinga2/manifests/object/scheduleddowntime.pp_(IaC)_', 'puppet-icinga2/manifests/object/service.pp_(IaC)_', 'puppet-icinga2/manifests/object/servicegroup.pp_(IaC)_', 'puppet-icinga2/manifests/object/timeperiod.pp_(IaC)_', 'puppet-icinga2/manifests/object/user.pp_(IaC)_', 'puppet-icinga2/manifests/object/usergroup.pp_(IaC)_', 'puppet-icinga2/manifests/object/zone.pp_(IaC)_', 'puppet-icinga2/manifests/query_objects.pp_(IaC)_', 'puppet-icinga2/metadata.json_(Other)_', 'puppet-icinga2/spec/defines/objects_spec.rb_(Other)_', 'puppet-icinga2/templates/object.conf.epp_(Other)_', 'puppet-icinga2/templates/objects.epp_(Other)_']]","['e45aa8bc8d34646d4bc04024270810ba5af2cc80', '1a9648985cb25ea20f754c19db08385461238e9d', '63b3349774b18a4e1848954acc437fc2539953fc']","[0.0, 1.0, 1.0]","[0.0, 0.06976744186046512, 0.14285714285714285]","[0, 0.13043478260869565, 0.25]","[0, 1, 1]","[0, 1.0, 1.0]"
"[3, 3, 3]","[[125, 115, 119, 121, 111, 116, 122, 15, 109, 113, 117, 123, 11, 110], [125, 115, 119, 121, 111, 116, 122, 15, 109, 113, 117, 123, 11, 110], [125, 115, 119, 121, 111, 116, 122, 15, 109, 113, 117, 123, 11, 110]]","[['puppet-icinga2/manifests/object/checkcommand.pp_(IaC)_', 'puppet-icinga2/manifests/object/host.pp_(IaC)_', 'puppet-icinga2/manifests/object/icingaapplication.pp_(IaC)_', 'puppet-icinga2/manifests/object/endpoint.pp_(IaC)_', 'puppet-icinga2/manifests/object/service.pp_(IaC)_', 'puppet-icinga2/manifests/object/notification.pp_(IaC)_', 'puppet-icinga2/manifests/object/notificationcommand.pp_(IaC)_', 'puppet-icinga2/types/basicauth.pp_(IaC)_', 'puppet-icinga2/manifests/object/timeperiod.pp_(IaC)_', 'puppet-icinga2/manifests/object/eventcommand.pp_(IaC)_', 'puppet-icinga2/manifests/object/servicegroup.pp_(IaC)_', 'puppet-icinga2/manifests/object/zone.pp_(IaC)_', 'puppet-icinga2/types/customattributes.pp_(IaC)_', 'puppet-icinga2/manifests/object/user.pp_(IaC)_'], ['puppet-icinga2/manifests/object/checkcommand.pp_(IaC)_', 'puppet-icinga2/manifests/object/host.pp_(IaC)_', 'puppet-icinga2/manifests/object/icingaapplication.pp_(IaC)_', 'puppet-icinga2/manifests/object/endpoint.pp_(IaC)_', 'puppet-icinga2/manifests/object/service.pp_(IaC)_', 'puppet-icinga2/manifests/object/notification.pp_(IaC)_', 'puppet-icinga2/manifests/object/notificationcommand.pp_(IaC)_', 'puppet-icinga2/types/basicauth.pp_(IaC)_', 'puppet-icinga2/manifests/object/timeperiod.pp_(IaC)_', 'puppet-icinga2/manifests/object/eventcommand.pp_(IaC)_', 'puppet-icinga2/manifests/object/servicegroup.pp_(IaC)_', 'puppet-icinga2/manifests/object/zone.pp_(IaC)_', 'puppet-icinga2/types/customattributes.pp_(IaC)_', 'puppet-icinga2/manifests/object/user.pp_(IaC)_'], ['puppet-icinga2/manifests/object/checkcommand.pp_(IaC)_', 'puppet-icinga2/manifests/object/host.pp_(IaC)_', 'puppet-icinga2/manifests/object/icingaapplication.pp_(IaC)_', 'puppet-icinga2/manifests/object/endpoint.pp_(IaC)_', 'puppet-icinga2/manifests/object/service.pp_(IaC)_', 'puppet-icinga2/manifests/object/notification.pp_(IaC)_', 'puppet-icinga2/manifests/object/notificationcommand.pp_(IaC)_', 'puppet-icinga2/types/basicauth.pp_(IaC)_', 'puppet-icinga2/manifests/object/timeperiod.pp_(IaC)_', 'puppet-icinga2/manifests/object/eventcommand.pp_(IaC)_', 'puppet-icinga2/manifests/object/servicegroup.pp_(IaC)_', 'puppet-icinga2/manifests/object/zone.pp_(IaC)_', 'puppet-icinga2/types/customattributes.pp_(IaC)_', 'puppet-icinga2/manifests/object/user.pp_(IaC)_']]","[['puppet-icinga2/manifests/feature/gelf.pp_(IaC)_', 'puppet-icinga2/spec/classes/influxdb2_spec.rb_(Other)_', 'puppet-icinga2/spec/classes/windowseventlog_spec.rb_(Other)_', 'puppet-icinga2/types/logfacility.pp_(IaC)_'], ['puppet-icinga2/manifests/config/fragment.pp_(IaC)_', 'puppet-icinga2/manifests/feature/api.pp_(IaC)_', 'puppet-icinga2/manifests/feature/checker.pp_(IaC)_', 'puppet-icinga2/manifests/feature/command.pp_(IaC)_', 'puppet-icinga2/manifests/feature/compatlog.pp_(IaC)_', 'puppet-icinga2/manifests/feature/debuglog.pp_(IaC)_', 'puppet-icinga2/manifests/feature/elasticsearch.pp_(IaC)_', 'puppet-icinga2/manifests/feature/gelf.pp_(IaC)_', 'puppet-icinga2/manifests/feature/graphite.pp_(IaC)_', 'puppet-icinga2/manifests/feature/icingadb.pp_(IaC)_', 'puppet-icinga2/manifests/feature/idomysql.pp_(IaC)_', 'puppet-icinga2/manifests/feature/idopgsql.pp_(IaC)_', 'puppet-icinga2/manifests/feature/influxdb.pp_(IaC)_', 'puppet-icinga2/manifests/feature/influxdb2.pp_(IaC)_', 'puppet-icinga2/manifests/feature/livestatus.pp_(IaC)_', 'puppet-icinga2/manifests/feature/mainlog.pp_(IaC)_', 'puppet-icinga2/manifests/feature/notification.pp_(IaC)_', 'puppet-icinga2/manifests/feature/opentsdb.pp_(IaC)_', 'puppet-icinga2/manifests/feature/perfdata.pp_(IaC)_', 'puppet-icinga2/manifests/feature/statusdata.pp_(IaC)_', 'puppet-icinga2/manifests/feature/syslog.pp_(IaC)_', 'puppet-icinga2/manifests/feature/windowseventlog.pp_(IaC)_', 'puppet-icinga2/manifests/globals.pp_(IaC)_', 'puppet-icinga2/manifests/init.pp_(IaC)_', 'puppet-icinga2/manifests/object.pp_(IaC)_', 'puppet-icinga2/manifests/object/apiuser.pp_(IaC)_', 'puppet-icinga2/manifests/object/checkcommand.pp_(IaC)_', 'puppet-icinga2/manifests/object/checkresultreader.pp_(IaC)_', 'puppet-icinga2/manifests/object/dependency.pp_(IaC)_', 'puppet-icinga2/manifests/object/endpoint.pp_(IaC)_', 'puppet-icinga2/manifests/object/eventcommand.pp_(IaC)_', 'puppet-icinga2/manifests/object/host.pp_(IaC)_', 'puppet-icinga2/manifests/object/hostgroup.pp_(IaC)_', 'puppet-icinga2/manifests/object/notification.pp_(IaC)_', 'puppet-icinga2/manifests/object/notificationcommand.pp_(IaC)_', 'puppet-icinga2/manifests/object/scheduleddowntime.pp_(IaC)_', 'puppet-icinga2/manifests/object/service.pp_(IaC)_', 'puppet-icinga2/manifests/object/servicegroup.pp_(IaC)_', 'puppet-icinga2/manifests/object/timeperiod.pp_(IaC)_', 'puppet-icinga2/manifests/object/user.pp_(IaC)_', 'puppet-icinga2/manifests/object/usergroup.pp_(IaC)_', 'puppet-icinga2/manifests/object/zone.pp_(IaC)_', 'puppet-icinga2/manifests/pki/ca.pp_(IaC)_'], ['puppet-icinga2/manifests/object/apiuser.pp_(IaC)_', 'puppet-icinga2/manifests/object/checkcommand.pp_(IaC)_', 'puppet-icinga2/manifests/object/dependency.pp_(IaC)_', 'puppet-icinga2/manifests/object/endpoint.pp_(IaC)_', 'puppet-icinga2/manifests/object/eventcommand.pp_(IaC)_', 'puppet-icinga2/manifests/object/host.pp_(IaC)_', 'puppet-icinga2/manifests/object/hostgroup.pp_(IaC)_', 'puppet-icinga2/manifests/object/notification.pp_(IaC)_', 'puppet-icinga2/manifests/object/notificationcommand.pp_(IaC)_', 'puppet-icinga2/manifests/object/scheduleddowntime.pp_(IaC)_', 'puppet-icinga2/manifests/object/service.pp_(IaC)_', 'puppet-icinga2/manifests/object/servicegroup.pp_(IaC)_', 'puppet-icinga2/manifests/object/timeperiod.pp_(IaC)_', 'puppet-icinga2/manifests/object/user.pp_(IaC)_', 'puppet-icinga2/manifests/object/usergroup.pp_(IaC)_', 'puppet-icinga2/manifests/object/zone.pp_(IaC)_', 'puppet-icinga2/manifests/query_objects.pp_(IaC)_', 'puppet-icinga2/metadata.json_(Other)_', 'puppet-icinga2/spec/defines/objects_spec.rb_(Other)_', 'puppet-icinga2/templates/object.conf.epp_(Other)_', 'puppet-icinga2/templates/objects.epp_(Other)_']]","['e45aa8bc8d34646d4bc04024270810ba5af2cc80', '1a9648985cb25ea20f754c19db08385461238e9d', '63b3349774b18a4e1848954acc437fc2539953fc']","[0.0, 0.6666666666666666, 0.6666666666666666]","[0.0, 0.046511627906976744, 0.09523809523809523]","[0, 0.08695652173913045, 0.16666666666666666]","[0, 1, 1]","[0, 1.0, 1.0]"
"[3, 3, 3]","[[110, 125, 109, 119, 111, 113, 122, 123, 116, 117, 115, 121, 124], [110, 125, 109, 119, 111, 113, 122, 123, 116, 117, 115, 121, 124], [110, 125, 109, 119, 111, 113, 122, 123, 116, 117, 115, 121, 124]]","[['puppet-icinga2/manifests/object/user.pp_(IaC)_', 'puppet-icinga2/manifests/object/checkcommand.pp_(IaC)_', 'puppet-icinga2/manifests/object/timeperiod.pp_(IaC)_', 'puppet-icinga2/manifests/object/icingaapplication.pp_(IaC)_', 'puppet-icinga2/manifests/object/service.pp_(IaC)_', 'puppet-icinga2/manifests/object/eventcommand.pp_(IaC)_', 'puppet-icinga2/manifests/object/notificationcommand.pp_(IaC)_', 'puppet-icinga2/manifests/object/zone.pp_(IaC)_', 'puppet-icinga2/manifests/object/notification.pp_(IaC)_', 'puppet-icinga2/manifests/object/servicegroup.pp_(IaC)_', 'puppet-icinga2/manifests/object/host.pp_(IaC)_', 'puppet-icinga2/manifests/object/endpoint.pp_(IaC)_', 'puppet-icinga2/manifests/object/dependency.pp_(IaC)_'], ['puppet-icinga2/manifests/object/user.pp_(IaC)_', 'puppet-icinga2/manifests/object/checkcommand.pp_(IaC)_', 'puppet-icinga2/manifests/object/timeperiod.pp_(IaC)_', 'puppet-icinga2/manifests/object/icingaapplication.pp_(IaC)_', 'puppet-icinga2/manifests/object/service.pp_(IaC)_', 'puppet-icinga2/manifests/object/eventcommand.pp_(IaC)_', 'puppet-icinga2/manifests/object/notificationcommand.pp_(IaC)_', 'puppet-icinga2/manifests/object/zone.pp_(IaC)_', 'puppet-icinga2/manifests/object/notification.pp_(IaC)_', 'puppet-icinga2/manifests/object/servicegroup.pp_(IaC)_', 'puppet-icinga2/manifests/object/host.pp_(IaC)_', 'puppet-icinga2/manifests/object/endpoint.pp_(IaC)_', 'puppet-icinga2/manifests/object/dependency.pp_(IaC)_'], ['puppet-icinga2/manifests/object/user.pp_(IaC)_', 'puppet-icinga2/manifests/object/checkcommand.pp_(IaC)_', 'puppet-icinga2/manifests/object/timeperiod.pp_(IaC)_', 'puppet-icinga2/manifests/object/icingaapplication.pp_(IaC)_', 'puppet-icinga2/manifests/object/service.pp_(IaC)_', 'puppet-icinga2/manifests/object/eventcommand.pp_(IaC)_', 'puppet-icinga2/manifests/object/notificationcommand.pp_(IaC)_', 'puppet-icinga2/manifests/object/zone.pp_(IaC)_', 'puppet-icinga2/manifests/object/notification.pp_(IaC)_', 'puppet-icinga2/manifests/object/servicegroup.pp_(IaC)_', 'puppet-icinga2/manifests/object/host.pp_(IaC)_', 'puppet-icinga2/manifests/object/endpoint.pp_(IaC)_', 'puppet-icinga2/manifests/object/dependency.pp_(IaC)_']]","[['puppet-icinga2/manifests/feature/gelf.pp_(IaC)_', 'puppet-icinga2/spec/classes/influxdb2_spec.rb_(Other)_', 'puppet-icinga2/spec/classes/windowseventlog_spec.rb_(Other)_', 'puppet-icinga2/types/logfacility.pp_(IaC)_'], ['puppet-icinga2/manifests/config/fragment.pp_(IaC)_', 'puppet-icinga2/manifests/feature/api.pp_(IaC)_', 'puppet-icinga2/manifests/feature/checker.pp_(IaC)_', 'puppet-icinga2/manifests/feature/command.pp_(IaC)_', 'puppet-icinga2/manifests/feature/compatlog.pp_(IaC)_', 'puppet-icinga2/manifests/feature/debuglog.pp_(IaC)_', 'puppet-icinga2/manifests/feature/elasticsearch.pp_(IaC)_', 'puppet-icinga2/manifests/feature/gelf.pp_(IaC)_', 'puppet-icinga2/manifests/feature/graphite.pp_(IaC)_', 'puppet-icinga2/manifests/feature/icingadb.pp_(IaC)_', 'puppet-icinga2/manifests/feature/idomysql.pp_(IaC)_', 'puppet-icinga2/manifests/feature/idopgsql.pp_(IaC)_', 'puppet-icinga2/manifests/feature/influxdb.pp_(IaC)_', 'puppet-icinga2/manifests/feature/influxdb2.pp_(IaC)_', 'puppet-icinga2/manifests/feature/livestatus.pp_(IaC)_', 'puppet-icinga2/manifests/feature/mainlog.pp_(IaC)_', 'puppet-icinga2/manifests/feature/notification.pp_(IaC)_', 'puppet-icinga2/manifests/feature/opentsdb.pp_(IaC)_', 'puppet-icinga2/manifests/feature/perfdata.pp_(IaC)_', 'puppet-icinga2/manifests/feature/statusdata.pp_(IaC)_', 'puppet-icinga2/manifests/feature/syslog.pp_(IaC)_', 'puppet-icinga2/manifests/feature/windowseventlog.pp_(IaC)_', 'puppet-icinga2/manifests/globals.pp_(IaC)_', 'puppet-icinga2/manifests/init.pp_(IaC)_', 'puppet-icinga2/manifests/object.pp_(IaC)_', 'puppet-icinga2/manifests/object/apiuser.pp_(IaC)_', 'puppet-icinga2/manifests/object/checkcommand.pp_(IaC)_', 'puppet-icinga2/manifests/object/checkresultreader.pp_(IaC)_', 'puppet-icinga2/manifests/object/dependency.pp_(IaC)_', 'puppet-icinga2/manifests/object/endpoint.pp_(IaC)_', 'puppet-icinga2/manifests/object/eventcommand.pp_(IaC)_', 'puppet-icinga2/manifests/object/host.pp_(IaC)_', 'puppet-icinga2/manifests/object/hostgroup.pp_(IaC)_', 'puppet-icinga2/manifests/object/notification.pp_(IaC)_', 'puppet-icinga2/manifests/object/notificationcommand.pp_(IaC)_', 'puppet-icinga2/manifests/object/scheduleddowntime.pp_(IaC)_', 'puppet-icinga2/manifests/object/service.pp_(IaC)_', 'puppet-icinga2/manifests/object/servicegroup.pp_(IaC)_', 'puppet-icinga2/manifests/object/timeperiod.pp_(IaC)_', 'puppet-icinga2/manifests/object/user.pp_(IaC)_', 'puppet-icinga2/manifests/object/usergroup.pp_(IaC)_', 'puppet-icinga2/manifests/object/zone.pp_(IaC)_', 'puppet-icinga2/manifests/pki/ca.pp_(IaC)_'], ['puppet-icinga2/manifests/object/apiuser.pp_(IaC)_', 'puppet-icinga2/manifests/object/checkcommand.pp_(IaC)_', 'puppet-icinga2/manifests/object/dependency.pp_(IaC)_', 'puppet-icinga2/manifests/object/endpoint.pp_(IaC)_', 'puppet-icinga2/manifests/object/eventcommand.pp_(IaC)_', 'puppet-icinga2/manifests/object/host.pp_(IaC)_', 'puppet-icinga2/manifests/object/hostgroup.pp_(IaC)_', 'puppet-icinga2/manifests/object/notification.pp_(IaC)_', 'puppet-icinga2/manifests/object/notificationcommand.pp_(IaC)_', 'puppet-icinga2/manifests/object/scheduleddowntime.pp_(IaC)_', 'puppet-icinga2/manifests/object/service.pp_(IaC)_', 'puppet-icinga2/manifests/object/servicegroup.pp_(IaC)_', 'puppet-icinga2/manifests/object/timeperiod.pp_(IaC)_', 'puppet-icinga2/manifests/object/user.pp_(IaC)_', 'puppet-icinga2/manifests/object/usergroup.pp_(IaC)_', 'puppet-icinga2/manifests/object/zone.pp_(IaC)_', 'puppet-icinga2/manifests/query_objects.pp_(IaC)_', 'puppet-icinga2/metadata.json_(Other)_', 'puppet-icinga2/spec/defines/objects_spec.rb_(Other)_', 'puppet-icinga2/templates/object.conf.epp_(Other)_', 'puppet-icinga2/templates/objects.epp_(Other)_']]","['e45aa8bc8d34646d4bc04024270810ba5af2cc80', '1a9648985cb25ea20f754c19db08385461238e9d', '63b3349774b18a4e1848954acc437fc2539953fc']","[0.0, 1.0, 1.0]","[0.0, 0.06976744186046512, 0.14285714285714285]","[0, 0.13043478260869565, 0.25]","[0, 1, 1]","[0, 1.0, 1.0]"
"[3, 3, 3]","[[121, 122, 113, 125, 111, 109, 119, 110, 117, 115, 116, 11, 123, 15], [121, 122, 113, 125, 111, 109, 119, 110, 117, 115, 116, 11, 123, 15], [121, 122, 113, 125, 111, 109, 119, 110, 117, 115, 116, 11, 123, 15]]","[['puppet-icinga2/manifests/object/endpoint.pp_(IaC)_', 'puppet-icinga2/manifests/object/notificationcommand.pp_(IaC)_', 'puppet-icinga2/manifests/object/eventcommand.pp_(IaC)_', 'puppet-icinga2/manifests/object/checkcommand.pp_(IaC)_', 'puppet-icinga2/manifests/object/service.pp_(IaC)_', 'puppet-icinga2/manifests/object/timeperiod.pp_(IaC)_', 'puppet-icinga2/manifests/object/icingaapplication.pp_(IaC)_', 'puppet-icinga2/manifests/object/user.pp_(IaC)_', 'puppet-icinga2/manifests/object/servicegroup.pp_(IaC)_', 'puppet-icinga2/manifests/object/host.pp_(IaC)_', 'puppet-icinga2/manifests/object/notification.pp_(IaC)_', 'puppet-icinga2/types/customattributes.pp_(IaC)_', 'puppet-icinga2/manifests/object/zone.pp_(IaC)_', 'puppet-icinga2/types/basicauth.pp_(IaC)_'], ['puppet-icinga2/manifests/object/endpoint.pp_(IaC)_', 'puppet-icinga2/manifests/object/notificationcommand.pp_(IaC)_', 'puppet-icinga2/manifests/object/eventcommand.pp_(IaC)_', 'puppet-icinga2/manifests/object/checkcommand.pp_(IaC)_', 'puppet-icinga2/manifests/object/service.pp_(IaC)_', 'puppet-icinga2/manifests/object/timeperiod.pp_(IaC)_', 'puppet-icinga2/manifests/object/icingaapplication.pp_(IaC)_', 'puppet-icinga2/manifests/object/user.pp_(IaC)_', 'puppet-icinga2/manifests/object/servicegroup.pp_(IaC)_', 'puppet-icinga2/manifests/object/host.pp_(IaC)_', 'puppet-icinga2/manifests/object/notification.pp_(IaC)_', 'puppet-icinga2/types/customattributes.pp_(IaC)_', 'puppet-icinga2/manifests/object/zone.pp_(IaC)_', 'puppet-icinga2/types/basicauth.pp_(IaC)_'], ['puppet-icinga2/manifests/object/endpoint.pp_(IaC)_', 'puppet-icinga2/manifests/object/notificationcommand.pp_(IaC)_', 'puppet-icinga2/manifests/object/eventcommand.pp_(IaC)_', 'puppet-icinga2/manifests/object/checkcommand.pp_(IaC)_', 'puppet-icinga2/manifests/object/service.pp_(IaC)_', 'puppet-icinga2/manifests/object/timeperiod.pp_(IaC)_', 'puppet-icinga2/manifests/object/icingaapplication.pp_(IaC)_', 'puppet-icinga2/manifests/object/user.pp_(IaC)_', 'puppet-icinga2/manifests/object/servicegroup.pp_(IaC)_', 'puppet-icinga2/manifests/object/host.pp_(IaC)_', 'puppet-icinga2/manifests/object/notification.pp_(IaC)_', 'puppet-icinga2/types/customattributes.pp_(IaC)_', 'puppet-icinga2/manifests/object/zone.pp_(IaC)_', 'puppet-icinga2/types/basicauth.pp_(IaC)_']]","[['puppet-icinga2/manifests/feature/gelf.pp_(IaC)_', 'puppet-icinga2/spec/classes/influxdb2_spec.rb_(Other)_', 'puppet-icinga2/spec/classes/windowseventlog_spec.rb_(Other)_', 'puppet-icinga2/types/logfacility.pp_(IaC)_'], ['puppet-icinga2/manifests/config/fragment.pp_(IaC)_', 'puppet-icinga2/manifests/feature/api.pp_(IaC)_', 'puppet-icinga2/manifests/feature/checker.pp_(IaC)_', 'puppet-icinga2/manifests/feature/command.pp_(IaC)_', 'puppet-icinga2/manifests/feature/compatlog.pp_(IaC)_', 'puppet-icinga2/manifests/feature/debuglog.pp_(IaC)_', 'puppet-icinga2/manifests/feature/elasticsearch.pp_(IaC)_', 'puppet-icinga2/manifests/feature/gelf.pp_(IaC)_', 'puppet-icinga2/manifests/feature/graphite.pp_(IaC)_', 'puppet-icinga2/manifests/feature/icingadb.pp_(IaC)_', 'puppet-icinga2/manifests/feature/idomysql.pp_(IaC)_', 'puppet-icinga2/manifests/feature/idopgsql.pp_(IaC)_', 'puppet-icinga2/manifests/feature/influxdb.pp_(IaC)_', 'puppet-icinga2/manifests/feature/influxdb2.pp_(IaC)_', 'puppet-icinga2/manifests/feature/livestatus.pp_(IaC)_', 'puppet-icinga2/manifests/feature/mainlog.pp_(IaC)_', 'puppet-icinga2/manifests/feature/notification.pp_(IaC)_', 'puppet-icinga2/manifests/feature/opentsdb.pp_(IaC)_', 'puppet-icinga2/manifests/feature/perfdata.pp_(IaC)_', 'puppet-icinga2/manifests/feature/statusdata.pp_(IaC)_', 'puppet-icinga2/manifests/feature/syslog.pp_(IaC)_', 'puppet-icinga2/manifests/feature/windowseventlog.pp_(IaC)_', 'puppet-icinga2/manifests/globals.pp_(IaC)_', 'puppet-icinga2/manifests/init.pp_(IaC)_', 'puppet-icinga2/manifests/object.pp_(IaC)_', 'puppet-icinga2/manifests/object/apiuser.pp_(IaC)_', 'puppet-icinga2/manifests/object/checkcommand.pp_(IaC)_', 'puppet-icinga2/manifests/object/checkresultreader.pp_(IaC)_', 'puppet-icinga2/manifests/object/dependency.pp_(IaC)_', 'puppet-icinga2/manifests/object/endpoint.pp_(IaC)_', 'puppet-icinga2/manifests/object/eventcommand.pp_(IaC)_', 'puppet-icinga2/manifests/object/host.pp_(IaC)_', 'puppet-icinga2/manifests/object/hostgroup.pp_(IaC)_', 'puppet-icinga2/manifests/object/notification.pp_(IaC)_', 'puppet-icinga2/manifests/object/notificationcommand.pp_(IaC)_', 'puppet-icinga2/manifests/object/scheduleddowntime.pp_(IaC)_', 'puppet-icinga2/manifests/object/service.pp_(IaC)_', 'puppet-icinga2/manifests/object/servicegroup.pp_(IaC)_', 'puppet-icinga2/manifests/object/timeperiod.pp_(IaC)_', 'puppet-icinga2/manifests/object/user.pp_(IaC)_', 'puppet-icinga2/manifests/object/usergroup.pp_(IaC)_', 'puppet-icinga2/manifests/object/zone.pp_(IaC)_', 'puppet-icinga2/manifests/pki/ca.pp_(IaC)_'], ['puppet-icinga2/manifests/object/apiuser.pp_(IaC)_', 'puppet-icinga2/manifests/object/checkcommand.pp_(IaC)_', 'puppet-icinga2/manifests/object/dependency.pp_(IaC)_', 'puppet-icinga2/manifests/object/endpoint.pp_(IaC)_', 'puppet-icinga2/manifests/object/eventcommand.pp_(IaC)_', 'puppet-icinga2/manifests/object/host.pp_(IaC)_', 'puppet-icinga2/manifests/object/hostgroup.pp_(IaC)_', 'puppet-icinga2/manifests/object/notification.pp_(IaC)_', 'puppet-icinga2/manifests/object/notificationcommand.pp_(IaC)_', 'puppet-icinga2/manifests/object/scheduleddowntime.pp_(IaC)_', 'puppet-icinga2/manifests/object/service.pp_(IaC)_', 'puppet-icinga2/manifests/object/servicegroup.pp_(IaC)_', 'puppet-icinga2/manifests/object/timeperiod.pp_(IaC)_', 'puppet-icinga2/manifests/object/user.pp_(IaC)_', 'puppet-icinga2/manifests/object/usergroup.pp_(IaC)_', 'puppet-icinga2/manifests/object/zone.pp_(IaC)_', 'puppet-icinga2/manifests/query_objects.pp_(IaC)_', 'puppet-icinga2/metadata.json_(Other)_', 'puppet-icinga2/spec/defines/objects_spec.rb_(Other)_', 'puppet-icinga2/templates/object.conf.epp_(Other)_', 'puppet-icinga2/templates/objects.epp_(Other)_']]","['e45aa8bc8d34646d4bc04024270810ba5af2cc80', '1a9648985cb25ea20f754c19db08385461238e9d', '63b3349774b18a4e1848954acc437fc2539953fc']","[0.0, 1.0, 1.0]","[0.0, 0.06976744186046512, 0.14285714285714285]","[0, 0.13043478260869565, 0.25]","[0, 1, 1]","[0, 1.0, 1.0]"
"[3, 3, 3]","[[115, 121, 110, 109, 111, 119, 114, 125, 116, 122, 120, 117, 112, 11, 124, 108, 118, 113, 123], [115, 121, 110, 109, 111, 119, 114, 125, 116, 122, 120, 117, 112, 11, 124, 108, 118, 113, 123], [115, 121, 110, 109, 111, 119, 114, 125, 116, 122, 120, 117, 112, 11, 124, 108, 118, 113, 123]]","[['puppet-icinga2/manifests/object/host.pp_(IaC)_', 'puppet-icinga2/manifests/object/endpoint.pp_(IaC)_', 'puppet-icinga2/manifests/object/user.pp_(IaC)_', 'puppet-icinga2/manifests/object/timeperiod.pp_(IaC)_', 'puppet-icinga2/manifests/object/service.pp_(IaC)_', 'puppet-icinga2/manifests/object/icingaapplication.pp_(IaC)_', 'puppet-icinga2/manifests/object/scheduleddowntime.pp_(IaC)_', 'puppet-icinga2/manifests/object/checkcommand.pp_(IaC)_', 'puppet-icinga2/manifests/object/notification.pp_(IaC)_', 'puppet-icinga2/manifests/object/notificationcommand.pp_(IaC)_', 'puppet-icinga2/manifests/object/checkresultreader.pp_(IaC)_', 'puppet-icinga2/manifests/object/servicegroup.pp_(IaC)_', 'puppet-icinga2/manifests/object/usergroup.pp_(IaC)_', 'puppet-icinga2/types/customattributes.pp_(IaC)_', 'puppet-icinga2/manifests/object/dependency.pp_(IaC)_', 'puppet-icinga2/manifests/object/apiuser.pp_(IaC)_', 'puppet-icinga2/manifests/object/hostgroup.pp_(IaC)_', 'puppet-icinga2/manifests/object/eventcommand.pp_(IaC)_', 'puppet-icinga2/manifests/object/zone.pp_(IaC)_'], ['puppet-icinga2/manifests/object/host.pp_(IaC)_', 'puppet-icinga2/manifests/object/endpoint.pp_(IaC)_', 'puppet-icinga2/manifests/object/user.pp_(IaC)_', 'puppet-icinga2/manifests/object/timeperiod.pp_(IaC)_', 'puppet-icinga2/manifests/object/service.pp_(IaC)_', 'puppet-icinga2/manifests/object/icingaapplication.pp_(IaC)_', 'puppet-icinga2/manifests/object/scheduleddowntime.pp_(IaC)_', 'puppet-icinga2/manifests/object/checkcommand.pp_(IaC)_', 'puppet-icinga2/manifests/object/notification.pp_(IaC)_', 'puppet-icinga2/manifests/object/notificationcommand.pp_(IaC)_', 'puppet-icinga2/manifests/object/checkresultreader.pp_(IaC)_', 'puppet-icinga2/manifests/object/servicegroup.pp_(IaC)_', 'puppet-icinga2/manifests/object/usergroup.pp_(IaC)_', 'puppet-icinga2/types/customattributes.pp_(IaC)_', 'puppet-icinga2/manifests/object/dependency.pp_(IaC)_', 'puppet-icinga2/manifests/object/apiuser.pp_(IaC)_', 'puppet-icinga2/manifests/object/hostgroup.pp_(IaC)_', 'puppet-icinga2/manifests/object/eventcommand.pp_(IaC)_', 'puppet-icinga2/manifests/object/zone.pp_(IaC)_'], ['puppet-icinga2/manifests/object/host.pp_(IaC)_', 'puppet-icinga2/manifests/object/endpoint.pp_(IaC)_', 'puppet-icinga2/manifests/object/user.pp_(IaC)_', 'puppet-icinga2/manifests/object/timeperiod.pp_(IaC)_', 'puppet-icinga2/manifests/object/service.pp_(IaC)_', 'puppet-icinga2/manifests/object/icingaapplication.pp_(IaC)_', 'puppet-icinga2/manifests/object/scheduleddowntime.pp_(IaC)_', 'puppet-icinga2/manifests/object/checkcommand.pp_(IaC)_', 'puppet-icinga2/manifests/object/notification.pp_(IaC)_', 'puppet-icinga2/manifests/object/notificationcommand.pp_(IaC)_', 'puppet-icinga2/manifests/object/checkresultreader.pp_(IaC)_', 'puppet-icinga2/manifests/object/servicegroup.pp_(IaC)_', 'puppet-icinga2/manifests/object/usergroup.pp_(IaC)_', 'puppet-icinga2/types/customattributes.pp_(IaC)_', 'puppet-icinga2/manifests/object/dependency.pp_(IaC)_', 'puppet-icinga2/manifests/object/apiuser.pp_(IaC)_', 'puppet-icinga2/manifests/object/hostgroup.pp_(IaC)_', 'puppet-icinga2/manifests/object/eventcommand.pp_(IaC)_', 'puppet-icinga2/manifests/object/zone.pp_(IaC)_']]","[['puppet-icinga2/manifests/feature/gelf.pp_(IaC)_', 'puppet-icinga2/spec/classes/influxdb2_spec.rb_(Other)_', 'puppet-icinga2/spec/classes/windowseventlog_spec.rb_(Other)_', 'puppet-icinga2/types/logfacility.pp_(IaC)_'], ['puppet-icinga2/manifests/config/fragment.pp_(IaC)_', 'puppet-icinga2/manifests/feature/api.pp_(IaC)_', 'puppet-icinga2/manifests/feature/checker.pp_(IaC)_', 'puppet-icinga2/manifests/feature/command.pp_(IaC)_', 'puppet-icinga2/manifests/feature/compatlog.pp_(IaC)_', 'puppet-icinga2/manifests/feature/debuglog.pp_(IaC)_', 'puppet-icinga2/manifests/feature/elasticsearch.pp_(IaC)_', 'puppet-icinga2/manifests/feature/gelf.pp_(IaC)_', 'puppet-icinga2/manifests/feature/graphite.pp_(IaC)_', 'puppet-icinga2/manifests/feature/icingadb.pp_(IaC)_', 'puppet-icinga2/manifests/feature/idomysql.pp_(IaC)_', 'puppet-icinga2/manifests/feature/idopgsql.pp_(IaC)_', 'puppet-icinga2/manifests/feature/influxdb.pp_(IaC)_', 'puppet-icinga2/manifests/feature/influxdb2.pp_(IaC)_', 'puppet-icinga2/manifests/feature/livestatus.pp_(IaC)_', 'puppet-icinga2/manifests/feature/mainlog.pp_(IaC)_', 'puppet-icinga2/manifests/feature/notification.pp_(IaC)_', 'puppet-icinga2/manifests/feature/opentsdb.pp_(IaC)_', 'puppet-icinga2/manifests/feature/perfdata.pp_(IaC)_', 'puppet-icinga2/manifests/feature/statusdata.pp_(IaC)_', 'puppet-icinga2/manifests/feature/syslog.pp_(IaC)_', 'puppet-icinga2/manifests/feature/windowseventlog.pp_(IaC)_', 'puppet-icinga2/manifests/globals.pp_(IaC)_', 'puppet-icinga2/manifests/init.pp_(IaC)_', 'puppet-icinga2/manifests/object.pp_(IaC)_', 'puppet-icinga2/manifests/object/apiuser.pp_(IaC)_', 'puppet-icinga2/manifests/object/checkcommand.pp_(IaC)_', 'puppet-icinga2/manifests/object/checkresultreader.pp_(IaC)_', 'puppet-icinga2/manifests/object/dependency.pp_(IaC)_', 'puppet-icinga2/manifests/object/endpoint.pp_(IaC)_', 'puppet-icinga2/manifests/object/eventcommand.pp_(IaC)_', 'puppet-icinga2/manifests/object/host.pp_(IaC)_', 'puppet-icinga2/manifests/object/hostgroup.pp_(IaC)_', 'puppet-icinga2/manifests/object/notification.pp_(IaC)_', 'puppet-icinga2/manifests/object/notificationcommand.pp_(IaC)_', 'puppet-icinga2/manifests/object/scheduleddowntime.pp_(IaC)_', 'puppet-icinga2/manifests/object/service.pp_(IaC)_', 'puppet-icinga2/manifests/object/servicegroup.pp_(IaC)_', 'puppet-icinga2/manifests/object/timeperiod.pp_(IaC)_', 'puppet-icinga2/manifests/object/user.pp_(IaC)_', 'puppet-icinga2/manifests/object/usergroup.pp_(IaC)_', 'puppet-icinga2/manifests/object/zone.pp_(IaC)_', 'puppet-icinga2/manifests/pki/ca.pp_(IaC)_'], ['puppet-icinga2/manifests/object/apiuser.pp_(IaC)_', 'puppet-icinga2/manifests/object/checkcommand.pp_(IaC)_', 'puppet-icinga2/manifests/object/dependency.pp_(IaC)_', 'puppet-icinga2/manifests/object/endpoint.pp_(IaC)_', 'puppet-icinga2/manifests/object/eventcommand.pp_(IaC)_', 'puppet-icinga2/manifests/object/host.pp_(IaC)_', 'puppet-icinga2/manifests/object/hostgroup.pp_(IaC)_', 'puppet-icinga2/manifests/object/notification.pp_(IaC)_', 'puppet-icinga2/manifests/object/notificationcommand.pp_(IaC)_', 'puppet-icinga2/manifests/object/scheduleddowntime.pp_(IaC)_', 'puppet-icinga2/manifests/object/service.pp_(IaC)_', 'puppet-icinga2/manifests/object/servicegroup.pp_(IaC)_', 'puppet-icinga2/manifests/object/timeperiod.pp_(IaC)_', 'puppet-icinga2/manifests/object/user.pp_(IaC)_', 'puppet-icinga2/manifests/object/usergroup.pp_(IaC)_', 'puppet-icinga2/manifests/object/zone.pp_(IaC)_', 'puppet-icinga2/manifests/query_objects.pp_(IaC)_', 'puppet-icinga2/metadata.json_(Other)_', 'puppet-icinga2/spec/defines/objects_spec.rb_(Other)_', 'puppet-icinga2/templates/object.conf.epp_(Other)_', 'puppet-icinga2/templates/objects.epp_(Other)_']]","['e45aa8bc8d34646d4bc04024270810ba5af2cc80', '1a9648985cb25ea20f754c19db08385461238e9d', '63b3349774b18a4e1848954acc437fc2539953fc']","[0.0, 1.0, 1.0]","[0.0, 0.06976744186046512, 0.14285714285714285]","[0, 0.13043478260869565, 0.25]","[0, 1, 1]","[0, 1.0, 1.0]"
"[3, 3, 3]","[[111, 122, 110, 121, 117, 116, 11, 15, 109, 113, 125, 119, 115], [111, 122, 110, 121, 117, 116, 11, 15, 109, 113, 125, 119, 115], [111, 122, 110, 121, 117, 116, 11, 15, 109, 113, 125, 119, 115]]","[['puppet-icinga2/manifests/object/service.pp_(IaC)_', 'puppet-icinga2/manifests/object/notificationcommand.pp_(IaC)_', 'puppet-icinga2/manifests/object/user.pp_(IaC)_', 'puppet-icinga2/manifests/object/endpoint.pp_(IaC)_', 'puppet-icinga2/manifests/object/servicegroup.pp_(IaC)_', 'puppet-icinga2/manifests/object/notification.pp_(IaC)_', 'puppet-icinga2/types/customattributes.pp_(IaC)_', 'puppet-icinga2/types/basicauth.pp_(IaC)_', 'puppet-icinga2/manifests/object/timeperiod.pp_(IaC)_', 'puppet-icinga2/manifests/object/eventcommand.pp_(IaC)_', 'puppet-icinga2/manifests/object/checkcommand.pp_(IaC)_', 'puppet-icinga2/manifests/object/icingaapplication.pp_(IaC)_', 'puppet-icinga2/manifests/object/host.pp_(IaC)_'], ['puppet-icinga2/manifests/object/service.pp_(IaC)_', 'puppet-icinga2/manifests/object/notificationcommand.pp_(IaC)_', 'puppet-icinga2/manifests/object/user.pp_(IaC)_', 'puppet-icinga2/manifests/object/endpoint.pp_(IaC)_', 'puppet-icinga2/manifests/object/servicegroup.pp_(IaC)_', 'puppet-icinga2/manifests/object/notification.pp_(IaC)_', 'puppet-icinga2/types/customattributes.pp_(IaC)_', 'puppet-icinga2/types/basicauth.pp_(IaC)_', 'puppet-icinga2/manifests/object/timeperiod.pp_(IaC)_', 'puppet-icinga2/manifests/object/eventcommand.pp_(IaC)_', 'puppet-icinga2/manifests/object/checkcommand.pp_(IaC)_', 'puppet-icinga2/manifests/object/icingaapplication.pp_(IaC)_', 'puppet-icinga2/manifests/object/host.pp_(IaC)_'], ['puppet-icinga2/manifests/object/service.pp_(IaC)_', 'puppet-icinga2/manifests/object/notificationcommand.pp_(IaC)_', 'puppet-icinga2/manifests/object/user.pp_(IaC)_', 'puppet-icinga2/manifests/object/endpoint.pp_(IaC)_', 'puppet-icinga2/manifests/object/servicegroup.pp_(IaC)_', 'puppet-icinga2/manifests/object/notification.pp_(IaC)_', 'puppet-icinga2/types/customattributes.pp_(IaC)_', 'puppet-icinga2/types/basicauth.pp_(IaC)_', 'puppet-icinga2/manifests/object/timeperiod.pp_(IaC)_', 'puppet-icinga2/manifests/object/eventcommand.pp_(IaC)_', 'puppet-icinga2/manifests/object/checkcommand.pp_(IaC)_', 'puppet-icinga2/manifests/object/icingaapplication.pp_(IaC)_', 'puppet-icinga2/manifests/object/host.pp_(IaC)_']]","[['puppet-icinga2/manifests/feature/gelf.pp_(IaC)_', 'puppet-icinga2/spec/classes/influxdb2_spec.rb_(Other)_', 'puppet-icinga2/spec/classes/windowseventlog_spec.rb_(Other)_', 'puppet-icinga2/types/logfacility.pp_(IaC)_'], ['puppet-icinga2/manifests/config/fragment.pp_(IaC)_', 'puppet-icinga2/manifests/feature/api.pp_(IaC)_', 'puppet-icinga2/manifests/feature/checker.pp_(IaC)_', 'puppet-icinga2/manifests/feature/command.pp_(IaC)_', 'puppet-icinga2/manifests/feature/compatlog.pp_(IaC)_', 'puppet-icinga2/manifests/feature/debuglog.pp_(IaC)_', 'puppet-icinga2/manifests/feature/elasticsearch.pp_(IaC)_', 'puppet-icinga2/manifests/feature/gelf.pp_(IaC)_', 'puppet-icinga2/manifests/feature/graphite.pp_(IaC)_', 'puppet-icinga2/manifests/feature/icingadb.pp_(IaC)_', 'puppet-icinga2/manifests/feature/idomysql.pp_(IaC)_', 'puppet-icinga2/manifests/feature/idopgsql.pp_(IaC)_', 'puppet-icinga2/manifests/feature/influxdb.pp_(IaC)_', 'puppet-icinga2/manifests/feature/influxdb2.pp_(IaC)_', 'puppet-icinga2/manifests/feature/livestatus.pp_(IaC)_', 'puppet-icinga2/manifests/feature/mainlog.pp_(IaC)_', 'puppet-icinga2/manifests/feature/notification.pp_(IaC)_', 'puppet-icinga2/manifests/feature/opentsdb.pp_(IaC)_', 'puppet-icinga2/manifests/feature/perfdata.pp_(IaC)_', 'puppet-icinga2/manifests/feature/statusdata.pp_(IaC)_', 'puppet-icinga2/manifests/feature/syslog.pp_(IaC)_', 'puppet-icinga2/manifests/feature/windowseventlog.pp_(IaC)_', 'puppet-icinga2/manifests/globals.pp_(IaC)_', 'puppet-icinga2/manifests/init.pp_(IaC)_', 'puppet-icinga2/manifests/object.pp_(IaC)_', 'puppet-icinga2/manifests/object/apiuser.pp_(IaC)_', 'puppet-icinga2/manifests/object/checkcommand.pp_(IaC)_', 'puppet-icinga2/manifests/object/checkresultreader.pp_(IaC)_', 'puppet-icinga2/manifests/object/dependency.pp_(IaC)_', 'puppet-icinga2/manifests/object/endpoint.pp_(IaC)_', 'puppet-icinga2/manifests/object/eventcommand.pp_(IaC)_', 'puppet-icinga2/manifests/object/host.pp_(IaC)_', 'puppet-icinga2/manifests/object/hostgroup.pp_(IaC)_', 'puppet-icinga2/manifests/object/notification.pp_(IaC)_', 'puppet-icinga2/manifests/object/notificationcommand.pp_(IaC)_', 'puppet-icinga2/manifests/object/scheduleddowntime.pp_(IaC)_', 'puppet-icinga2/manifests/object/service.pp_(IaC)_', 'puppet-icinga2/manifests/object/servicegroup.pp_(IaC)_', 'puppet-icinga2/manifests/object/timeperiod.pp_(IaC)_', 'puppet-icinga2/manifests/object/user.pp_(IaC)_', 'puppet-icinga2/manifests/object/usergroup.pp_(IaC)_', 'puppet-icinga2/manifests/object/zone.pp_(IaC)_', 'puppet-icinga2/manifests/pki/ca.pp_(IaC)_'], ['puppet-icinga2/manifests/object/apiuser.pp_(IaC)_', 'puppet-icinga2/manifests/object/checkcommand.pp_(IaC)_', 'puppet-icinga2/manifests/object/dependency.pp_(IaC)_', 'puppet-icinga2/manifests/object/endpoint.pp_(IaC)_', 'puppet-icinga2/manifests/object/eventcommand.pp_(IaC)_', 'puppet-icinga2/manifests/object/host.pp_(IaC)_', 'puppet-icinga2/manifests/object/hostgroup.pp_(IaC)_', 'puppet-icinga2/manifests/object/notification.pp_(IaC)_', 'puppet-icinga2/manifests/object/notificationcommand.pp_(IaC)_', 'puppet-icinga2/manifests/object/scheduleddowntime.pp_(IaC)_', 'puppet-icinga2/manifests/object/service.pp_(IaC)_', 'puppet-icinga2/manifests/object/servicegroup.pp_(IaC)_', 'puppet-icinga2/manifests/object/timeperiod.pp_(IaC)_', 'puppet-icinga2/manifests/object/user.pp_(IaC)_', 'puppet-icinga2/manifests/object/usergroup.pp_(IaC)_', 'puppet-icinga2/manifests/object/zone.pp_(IaC)_', 'puppet-icinga2/manifests/query_objects.pp_(IaC)_', 'puppet-icinga2/metadata.json_(Other)_', 'puppet-icinga2/spec/defines/objects_spec.rb_(Other)_', 'puppet-icinga2/templates/object.conf.epp_(Other)_', 'puppet-icinga2/templates/objects.epp_(Other)_']]","['e45aa8bc8d34646d4bc04024270810ba5af2cc80', '1a9648985cb25ea20f754c19db08385461238e9d', '63b3349774b18a4e1848954acc437fc2539953fc']","[0.0, 1.0, 1.0]","[0.0, 0.06976744186046512, 0.14285714285714285]","[0, 0.13043478260869565, 0.25]","[0, 1, 1]","[0, 1.0, 1.0]"
"[3, 3, 3]","[[110, 122, 125, 111, 117, 121, 109, 11, 124, 115, 123, 116, 119, 15, 114, 113], [110, 122, 125, 111, 117, 121, 109, 11, 124, 115, 123, 116, 119, 15, 114, 113], [110, 122, 125, 111, 117, 121, 109, 11, 124, 115, 123, 116, 119, 15, 114, 113]]","[['puppet-icinga2/manifests/object/user.pp_(IaC)_', 'puppet-icinga2/manifests/object/notificationcommand.pp_(IaC)_', 'puppet-icinga2/manifests/object/checkcommand.pp_(IaC)_', 'puppet-icinga2/manifests/object/service.pp_(IaC)_', 'puppet-icinga2/manifests/object/servicegroup.pp_(IaC)_', 'puppet-icinga2/manifests/object/endpoint.pp_(IaC)_', 'puppet-icinga2/manifests/object/timeperiod.pp_(IaC)_', 'puppet-icinga2/types/customattributes.pp_(IaC)_', 'puppet-icinga2/manifests/object/dependency.pp_(IaC)_', 'puppet-icinga2/manifests/object/host.pp_(IaC)_', 'puppet-icinga2/manifests/object/zone.pp_(IaC)_', 'puppet-icinga2/manifests/object/notification.pp_(IaC)_', 'puppet-icinga2/manifests/object/icingaapplication.pp_(IaC)_', 'puppet-icinga2/types/basicauth.pp_(IaC)_', 'puppet-icinga2/manifests/object/scheduleddowntime.pp_(IaC)_', 'puppet-icinga2/manifests/object/eventcommand.pp_(IaC)_'], ['puppet-icinga2/manifests/object/user.pp_(IaC)_', 'puppet-icinga2/manifests/object/notificationcommand.pp_(IaC)_', 'puppet-icinga2/manifests/object/checkcommand.pp_(IaC)_', 'puppet-icinga2/manifests/object/service.pp_(IaC)_', 'puppet-icinga2/manifests/object/servicegroup.pp_(IaC)_', 'puppet-icinga2/manifests/object/endpoint.pp_(IaC)_', 'puppet-icinga2/manifests/object/timeperiod.pp_(IaC)_', 'puppet-icinga2/types/customattributes.pp_(IaC)_', 'puppet-icinga2/manifests/object/dependency.pp_(IaC)_', 'puppet-icinga2/manifests/object/host.pp_(IaC)_', 'puppet-icinga2/manifests/object/zone.pp_(IaC)_', 'puppet-icinga2/manifests/object/notification.pp_(IaC)_', 'puppet-icinga2/manifests/object/icingaapplication.pp_(IaC)_', 'puppet-icinga2/types/basicauth.pp_(IaC)_', 'puppet-icinga2/manifests/object/scheduleddowntime.pp_(IaC)_', 'puppet-icinga2/manifests/object/eventcommand.pp_(IaC)_'], ['puppet-icinga2/manifests/object/user.pp_(IaC)_', 'puppet-icinga2/manifests/object/notificationcommand.pp_(IaC)_', 'puppet-icinga2/manifests/object/checkcommand.pp_(IaC)_', 'puppet-icinga2/manifests/object/service.pp_(IaC)_', 'puppet-icinga2/manifests/object/servicegroup.pp_(IaC)_', 'puppet-icinga2/manifests/object/endpoint.pp_(IaC)_', 'puppet-icinga2/manifests/object/timeperiod.pp_(IaC)_', 'puppet-icinga2/types/customattributes.pp_(IaC)_', 'puppet-icinga2/manifests/object/dependency.pp_(IaC)_', 'puppet-icinga2/manifests/object/host.pp_(IaC)_', 'puppet-icinga2/manifests/object/zone.pp_(IaC)_', 'puppet-icinga2/manifests/object/notification.pp_(IaC)_', 'puppet-icinga2/manifests/object/icingaapplication.pp_(IaC)_', 'puppet-icinga2/types/basicauth.pp_(IaC)_', 'puppet-icinga2/manifests/object/scheduleddowntime.pp_(IaC)_', 'puppet-icinga2/manifests/object/eventcommand.pp_(IaC)_']]","[['puppet-icinga2/manifests/feature/gelf.pp_(IaC)_', 'puppet-icinga2/spec/classes/influxdb2_spec.rb_(Other)_', 'puppet-icinga2/spec/classes/windowseventlog_spec.rb_(Other)_', 'puppet-icinga2/types/logfacility.pp_(IaC)_'], ['puppet-icinga2/manifests/config/fragment.pp_(IaC)_', 'puppet-icinga2/manifests/feature/api.pp_(IaC)_', 'puppet-icinga2/manifests/feature/checker.pp_(IaC)_', 'puppet-icinga2/manifests/feature/command.pp_(IaC)_', 'puppet-icinga2/manifests/feature/compatlog.pp_(IaC)_', 'puppet-icinga2/manifests/feature/debuglog.pp_(IaC)_', 'puppet-icinga2/manifests/feature/elasticsearch.pp_(IaC)_', 'puppet-icinga2/manifests/feature/gelf.pp_(IaC)_', 'puppet-icinga2/manifests/feature/graphite.pp_(IaC)_', 'puppet-icinga2/manifests/feature/icingadb.pp_(IaC)_', 'puppet-icinga2/manifests/feature/idomysql.pp_(IaC)_', 'puppet-icinga2/manifests/feature/idopgsql.pp_(IaC)_', 'puppet-icinga2/manifests/feature/influxdb.pp_(IaC)_', 'puppet-icinga2/manifests/feature/influxdb2.pp_(IaC)_', 'puppet-icinga2/manifests/feature/livestatus.pp_(IaC)_', 'puppet-icinga2/manifests/feature/mainlog.pp_(IaC)_', 'puppet-icinga2/manifests/feature/notification.pp_(IaC)_', 'puppet-icinga2/manifests/feature/opentsdb.pp_(IaC)_', 'puppet-icinga2/manifests/feature/perfdata.pp_(IaC)_', 'puppet-icinga2/manifests/feature/statusdata.pp_(IaC)_', 'puppet-icinga2/manifests/feature/syslog.pp_(IaC)_', 'puppet-icinga2/manifests/feature/windowseventlog.pp_(IaC)_', 'puppet-icinga2/manifests/globals.pp_(IaC)_', 'puppet-icinga2/manifests/init.pp_(IaC)_', 'puppet-icinga2/manifests/object.pp_(IaC)_', 'puppet-icinga2/manifests/object/apiuser.pp_(IaC)_', 'puppet-icinga2/manifests/object/checkcommand.pp_(IaC)_', 'puppet-icinga2/manifests/object/checkresultreader.pp_(IaC)_', 'puppet-icinga2/manifests/object/dependency.pp_(IaC)_', 'puppet-icinga2/manifests/object/endpoint.pp_(IaC)_', 'puppet-icinga2/manifests/object/eventcommand.pp_(IaC)_', 'puppet-icinga2/manifests/object/host.pp_(IaC)_', 'puppet-icinga2/manifests/object/hostgroup.pp_(IaC)_', 'puppet-icinga2/manifests/object/notification.pp_(IaC)_', 'puppet-icinga2/manifests/object/notificationcommand.pp_(IaC)_', 'puppet-icinga2/manifests/object/scheduleddowntime.pp_(IaC)_', 'puppet-icinga2/manifests/object/service.pp_(IaC)_', 'puppet-icinga2/manifests/object/servicegroup.pp_(IaC)_', 'puppet-icinga2/manifests/object/timeperiod.pp_(IaC)_', 'puppet-icinga2/manifests/object/user.pp_(IaC)_', 'puppet-icinga2/manifests/object/usergroup.pp_(IaC)_', 'puppet-icinga2/manifests/object/zone.pp_(IaC)_', 'puppet-icinga2/manifests/pki/ca.pp_(IaC)_'], ['puppet-icinga2/manifests/object/apiuser.pp_(IaC)_', 'puppet-icinga2/manifests/object/checkcommand.pp_(IaC)_', 'puppet-icinga2/manifests/object/dependency.pp_(IaC)_', 'puppet-icinga2/manifests/object/endpoint.pp_(IaC)_', 'puppet-icinga2/manifests/object/eventcommand.pp_(IaC)_', 'puppet-icinga2/manifests/object/host.pp_(IaC)_', 'puppet-icinga2/manifests/object/hostgroup.pp_(IaC)_', 'puppet-icinga2/manifests/object/notification.pp_(IaC)_', 'puppet-icinga2/manifests/object/notificationcommand.pp_(IaC)_', 'puppet-icinga2/manifests/object/scheduleddowntime.pp_(IaC)_', 'puppet-icinga2/manifests/object/service.pp_(IaC)_', 'puppet-icinga2/manifests/object/servicegroup.pp_(IaC)_', 'puppet-icinga2/manifests/object/timeperiod.pp_(IaC)_', 'puppet-icinga2/manifests/object/user.pp_(IaC)_', 'puppet-icinga2/manifests/object/usergroup.pp_(IaC)_', 'puppet-icinga2/manifests/object/zone.pp_(IaC)_', 'puppet-icinga2/manifests/query_objects.pp_(IaC)_', 'puppet-icinga2/metadata.json_(Other)_', 'puppet-icinga2/spec/defines/objects_spec.rb_(Other)_', 'puppet-icinga2/templates/object.conf.epp_(Other)_', 'puppet-icinga2/templates/objects.epp_(Other)_']]","['e45aa8bc8d34646d4bc04024270810ba5af2cc80', '1a9648985cb25ea20f754c19db08385461238e9d', '63b3349774b18a4e1848954acc437fc2539953fc']","[0.0, 1.0, 1.0]","[0.0, 0.06976744186046512, 0.14285714285714285]","[0, 0.13043478260869565, 0.25]","[0, 1, 1]","[0, 1.0, 1.0]"
"[3, 3, 3]","[[110, 113, 125, 111, 119, 121, 115, 11, 116, 117, 122], [110, 113, 125, 111, 119, 121, 115, 11, 116, 117, 122], [110, 113, 125, 111, 119, 121, 115, 11, 116, 117, 122]]","[['puppet-icinga2/manifests/object/user.pp_(IaC)_', 'puppet-icinga2/manifests/object/eventcommand.pp_(IaC)_', 'puppet-icinga2/manifests/object/checkcommand.pp_(IaC)_', 'puppet-icinga2/manifests/object/service.pp_(IaC)_', 'puppet-icinga2/manifests/object/icingaapplication.pp_(IaC)_', 'puppet-icinga2/manifests/object/endpoint.pp_(IaC)_', 'puppet-icinga2/manifests/object/host.pp_(IaC)_', 'puppet-icinga2/types/customattributes.pp_(IaC)_', 'puppet-icinga2/manifests/object/notification.pp_(IaC)_', 'puppet-icinga2/manifests/object/servicegroup.pp_(IaC)_', 'puppet-icinga2/manifests/object/notificationcommand.pp_(IaC)_'], ['puppet-icinga2/manifests/object/user.pp_(IaC)_', 'puppet-icinga2/manifests/object/eventcommand.pp_(IaC)_', 'puppet-icinga2/manifests/object/checkcommand.pp_(IaC)_', 'puppet-icinga2/manifests/object/service.pp_(IaC)_', 'puppet-icinga2/manifests/object/icingaapplication.pp_(IaC)_', 'puppet-icinga2/manifests/object/endpoint.pp_(IaC)_', 'puppet-icinga2/manifests/object/host.pp_(IaC)_', 'puppet-icinga2/types/customattributes.pp_(IaC)_', 'puppet-icinga2/manifests/object/notification.pp_(IaC)_', 'puppet-icinga2/manifests/object/servicegroup.pp_(IaC)_', 'puppet-icinga2/manifests/object/notificationcommand.pp_(IaC)_'], ['puppet-icinga2/manifests/object/user.pp_(IaC)_', 'puppet-icinga2/manifests/object/eventcommand.pp_(IaC)_', 'puppet-icinga2/manifests/object/checkcommand.pp_(IaC)_', 'puppet-icinga2/manifests/object/service.pp_(IaC)_', 'puppet-icinga2/manifests/object/icingaapplication.pp_(IaC)_', 'puppet-icinga2/manifests/object/endpoint.pp_(IaC)_', 'puppet-icinga2/manifests/object/host.pp_(IaC)_', 'puppet-icinga2/types/customattributes.pp_(IaC)_', 'puppet-icinga2/manifests/object/notification.pp_(IaC)_', 'puppet-icinga2/manifests/object/servicegroup.pp_(IaC)_', 'puppet-icinga2/manifests/object/notificationcommand.pp_(IaC)_']]","[['puppet-icinga2/manifests/feature/gelf.pp_(IaC)_', 'puppet-icinga2/spec/classes/influxdb2_spec.rb_(Other)_', 'puppet-icinga2/spec/classes/windowseventlog_spec.rb_(Other)_', 'puppet-icinga2/types/logfacility.pp_(IaC)_'], ['puppet-icinga2/manifests/config/fragment.pp_(IaC)_', 'puppet-icinga2/manifests/feature/api.pp_(IaC)_', 'puppet-icinga2/manifests/feature/checker.pp_(IaC)_', 'puppet-icinga2/manifests/feature/command.pp_(IaC)_', 'puppet-icinga2/manifests/feature/compatlog.pp_(IaC)_', 'puppet-icinga2/manifests/feature/debuglog.pp_(IaC)_', 'puppet-icinga2/manifests/feature/elasticsearch.pp_(IaC)_', 'puppet-icinga2/manifests/feature/gelf.pp_(IaC)_', 'puppet-icinga2/manifests/feature/graphite.pp_(IaC)_', 'puppet-icinga2/manifests/feature/icingadb.pp_(IaC)_', 'puppet-icinga2/manifests/feature/idomysql.pp_(IaC)_', 'puppet-icinga2/manifests/feature/idopgsql.pp_(IaC)_', 'puppet-icinga2/manifests/feature/influxdb.pp_(IaC)_', 'puppet-icinga2/manifests/feature/influxdb2.pp_(IaC)_', 'puppet-icinga2/manifests/feature/livestatus.pp_(IaC)_', 'puppet-icinga2/manifests/feature/mainlog.pp_(IaC)_', 'puppet-icinga2/manifests/feature/notification.pp_(IaC)_', 'puppet-icinga2/manifests/feature/opentsdb.pp_(IaC)_', 'puppet-icinga2/manifests/feature/perfdata.pp_(IaC)_', 'puppet-icinga2/manifests/feature/statusdata.pp_(IaC)_', 'puppet-icinga2/manifests/feature/syslog.pp_(IaC)_', 'puppet-icinga2/manifests/feature/windowseventlog.pp_(IaC)_', 'puppet-icinga2/manifests/globals.pp_(IaC)_', 'puppet-icinga2/manifests/init.pp_(IaC)_', 'puppet-icinga2/manifests/object.pp_(IaC)_', 'puppet-icinga2/manifests/object/apiuser.pp_(IaC)_', 'puppet-icinga2/manifests/object/checkcommand.pp_(IaC)_', 'puppet-icinga2/manifests/object/checkresultreader.pp_(IaC)_', 'puppet-icinga2/manifests/object/dependency.pp_(IaC)_', 'puppet-icinga2/manifests/object/endpoint.pp_(IaC)_', 'puppet-icinga2/manifests/object/eventcommand.pp_(IaC)_', 'puppet-icinga2/manifests/object/host.pp_(IaC)_', 'puppet-icinga2/manifests/object/hostgroup.pp_(IaC)_', 'puppet-icinga2/manifests/object/notification.pp_(IaC)_', 'puppet-icinga2/manifests/object/notificationcommand.pp_(IaC)_', 'puppet-icinga2/manifests/object/scheduleddowntime.pp_(IaC)_', 'puppet-icinga2/manifests/object/service.pp_(IaC)_', 'puppet-icinga2/manifests/object/servicegroup.pp_(IaC)_', 'puppet-icinga2/manifests/object/timeperiod.pp_(IaC)_', 'puppet-icinga2/manifests/object/user.pp_(IaC)_', 'puppet-icinga2/manifests/object/usergroup.pp_(IaC)_', 'puppet-icinga2/manifests/object/zone.pp_(IaC)_', 'puppet-icinga2/manifests/pki/ca.pp_(IaC)_'], ['puppet-icinga2/manifests/object/apiuser.pp_(IaC)_', 'puppet-icinga2/manifests/object/checkcommand.pp_(IaC)_', 'puppet-icinga2/manifests/object/dependency.pp_(IaC)_', 'puppet-icinga2/manifests/object/endpoint.pp_(IaC)_', 'puppet-icinga2/manifests/object/eventcommand.pp_(IaC)_', 'puppet-icinga2/manifests/object/host.pp_(IaC)_', 'puppet-icinga2/manifests/object/hostgroup.pp_(IaC)_', 'puppet-icinga2/manifests/object/notification.pp_(IaC)_', 'puppet-icinga2/manifests/object/notificationcommand.pp_(IaC)_', 'puppet-icinga2/manifests/object/scheduleddowntime.pp_(IaC)_', 'puppet-icinga2/manifests/object/service.pp_(IaC)_', 'puppet-icinga2/manifests/object/servicegroup.pp_(IaC)_', 'puppet-icinga2/manifests/object/timeperiod.pp_(IaC)_', 'puppet-icinga2/manifests/object/user.pp_(IaC)_', 'puppet-icinga2/manifests/object/usergroup.pp_(IaC)_', 'puppet-icinga2/manifests/object/zone.pp_(IaC)_', 'puppet-icinga2/manifests/query_objects.pp_(IaC)_', 'puppet-icinga2/metadata.json_(Other)_', 'puppet-icinga2/spec/defines/objects_spec.rb_(Other)_', 'puppet-icinga2/templates/object.conf.epp_(Other)_', 'puppet-icinga2/templates/objects.epp_(Other)_']]","['e45aa8bc8d34646d4bc04024270810ba5af2cc80', '1a9648985cb25ea20f754c19db08385461238e9d', '63b3349774b18a4e1848954acc437fc2539953fc']","[0.0, 1.0, 1.0]","[0.0, 0.06976744186046512, 0.14285714285714285]","[0, 0.13043478260869565, 0.25]","[0, 1, 1]","[0, 1.0, 1.0]"
"[3, 3, 3]","[[115, 111, 122, 110, 11, 109, 121, 117, 119, 125, 15, 123, 114, 113, 116, 124], [115, 111, 122, 110, 11, 109, 121, 117, 119, 125, 15, 123, 114, 113, 116, 124], [115, 111, 122, 110, 11, 109, 121, 117, 119, 125, 15, 123, 114, 113, 116, 124]]","[['puppet-icinga2/manifests/object/host.pp_(IaC)_', 'puppet-icinga2/manifests/object/service.pp_(IaC)_', 'puppet-icinga2/manifests/object/notificationcommand.pp_(IaC)_', 'puppet-icinga2/manifests/object/user.pp_(IaC)_', 'puppet-icinga2/types/customattributes.pp_(IaC)_', 'puppet-icinga2/manifests/object/timeperiod.pp_(IaC)_', 'puppet-icinga2/manifests/object/endpoint.pp_(IaC)_', 'puppet-icinga2/manifests/object/servicegroup.pp_(IaC)_', 'puppet-icinga2/manifests/object/icingaapplication.pp_(IaC)_', 'puppet-icinga2/manifests/object/checkcommand.pp_(IaC)_', 'puppet-icinga2/types/basicauth.pp_(IaC)_', 'puppet-icinga2/manifests/object/zone.pp_(IaC)_', 'puppet-icinga2/manifests/object/scheduleddowntime.pp_(IaC)_', 'puppet-icinga2/manifests/object/eventcommand.pp_(IaC)_', 'puppet-icinga2/manifests/object/notification.pp_(IaC)_', 'puppet-icinga2/manifests/object/dependency.pp_(IaC)_'], ['puppet-icinga2/manifests/object/host.pp_(IaC)_', 'puppet-icinga2/manifests/object/service.pp_(IaC)_', 'puppet-icinga2/manifests/object/notificationcommand.pp_(IaC)_', 'puppet-icinga2/manifests/object/user.pp_(IaC)_', 'puppet-icinga2/types/customattributes.pp_(IaC)_', 'puppet-icinga2/manifests/object/timeperiod.pp_(IaC)_', 'puppet-icinga2/manifests/object/endpoint.pp_(IaC)_', 'puppet-icinga2/manifests/object/servicegroup.pp_(IaC)_', 'puppet-icinga2/manifests/object/icingaapplication.pp_(IaC)_', 'puppet-icinga2/manifests/object/checkcommand.pp_(IaC)_', 'puppet-icinga2/types/basicauth.pp_(IaC)_', 'puppet-icinga2/manifests/object/zone.pp_(IaC)_', 'puppet-icinga2/manifests/object/scheduleddowntime.pp_(IaC)_', 'puppet-icinga2/manifests/object/eventcommand.pp_(IaC)_', 'puppet-icinga2/manifests/object/notification.pp_(IaC)_', 'puppet-icinga2/manifests/object/dependency.pp_(IaC)_'], ['puppet-icinga2/manifests/object/host.pp_(IaC)_', 'puppet-icinga2/manifests/object/service.pp_(IaC)_', 'puppet-icinga2/manifests/object/notificationcommand.pp_(IaC)_', 'puppet-icinga2/manifests/object/user.pp_(IaC)_', 'puppet-icinga2/types/customattributes.pp_(IaC)_', 'puppet-icinga2/manifests/object/timeperiod.pp_(IaC)_', 'puppet-icinga2/manifests/object/endpoint.pp_(IaC)_', 'puppet-icinga2/manifests/object/servicegroup.pp_(IaC)_', 'puppet-icinga2/manifests/object/icingaapplication.pp_(IaC)_', 'puppet-icinga2/manifests/object/checkcommand.pp_(IaC)_', 'puppet-icinga2/types/basicauth.pp_(IaC)_', 'puppet-icinga2/manifests/object/zone.pp_(IaC)_', 'puppet-icinga2/manifests/object/scheduleddowntime.pp_(IaC)_', 'puppet-icinga2/manifests/object/eventcommand.pp_(IaC)_', 'puppet-icinga2/manifests/object/notification.pp_(IaC)_', 'puppet-icinga2/manifests/object/dependency.pp_(IaC)_']]","[['puppet-icinga2/manifests/feature/gelf.pp_(IaC)_', 'puppet-icinga2/spec/classes/influxdb2_spec.rb_(Other)_', 'puppet-icinga2/spec/classes/windowseventlog_spec.rb_(Other)_', 'puppet-icinga2/types/logfacility.pp_(IaC)_'], ['puppet-icinga2/manifests/config/fragment.pp_(IaC)_', 'puppet-icinga2/manifests/feature/api.pp_(IaC)_', 'puppet-icinga2/manifests/feature/checker.pp_(IaC)_', 'puppet-icinga2/manifests/feature/command.pp_(IaC)_', 'puppet-icinga2/manifests/feature/compatlog.pp_(IaC)_', 'puppet-icinga2/manifests/feature/debuglog.pp_(IaC)_', 'puppet-icinga2/manifests/feature/elasticsearch.pp_(IaC)_', 'puppet-icinga2/manifests/feature/gelf.pp_(IaC)_', 'puppet-icinga2/manifests/feature/graphite.pp_(IaC)_', 'puppet-icinga2/manifests/feature/icingadb.pp_(IaC)_', 'puppet-icinga2/manifests/feature/idomysql.pp_(IaC)_', 'puppet-icinga2/manifests/feature/idopgsql.pp_(IaC)_', 'puppet-icinga2/manifests/feature/influxdb.pp_(IaC)_', 'puppet-icinga2/manifests/feature/influxdb2.pp_(IaC)_', 'puppet-icinga2/manifests/feature/livestatus.pp_(IaC)_', 'puppet-icinga2/manifests/feature/mainlog.pp_(IaC)_', 'puppet-icinga2/manifests/feature/notification.pp_(IaC)_', 'puppet-icinga2/manifests/feature/opentsdb.pp_(IaC)_', 'puppet-icinga2/manifests/feature/perfdata.pp_(IaC)_', 'puppet-icinga2/manifests/feature/statusdata.pp_(IaC)_', 'puppet-icinga2/manifests/feature/syslog.pp_(IaC)_', 'puppet-icinga2/manifests/feature/windowseventlog.pp_(IaC)_', 'puppet-icinga2/manifests/globals.pp_(IaC)_', 'puppet-icinga2/manifests/init.pp_(IaC)_', 'puppet-icinga2/manifests/object.pp_(IaC)_', 'puppet-icinga2/manifests/object/apiuser.pp_(IaC)_', 'puppet-icinga2/manifests/object/checkcommand.pp_(IaC)_', 'puppet-icinga2/manifests/object/checkresultreader.pp_(IaC)_', 'puppet-icinga2/manifests/object/dependency.pp_(IaC)_', 'puppet-icinga2/manifests/object/endpoint.pp_(IaC)_', 'puppet-icinga2/manifests/object/eventcommand.pp_(IaC)_', 'puppet-icinga2/manifests/object/host.pp_(IaC)_', 'puppet-icinga2/manifests/object/hostgroup.pp_(IaC)_', 'puppet-icinga2/manifests/object/notification.pp_(IaC)_', 'puppet-icinga2/manifests/object/notificationcommand.pp_(IaC)_', 'puppet-icinga2/manifests/object/scheduleddowntime.pp_(IaC)_', 'puppet-icinga2/manifests/object/service.pp_(IaC)_', 'puppet-icinga2/manifests/object/servicegroup.pp_(IaC)_', 'puppet-icinga2/manifests/object/timeperiod.pp_(IaC)_', 'puppet-icinga2/manifests/object/user.pp_(IaC)_', 'puppet-icinga2/manifests/object/usergroup.pp_(IaC)_', 'puppet-icinga2/manifests/object/zone.pp_(IaC)_', 'puppet-icinga2/manifests/pki/ca.pp_(IaC)_'], ['puppet-icinga2/manifests/object/apiuser.pp_(IaC)_', 'puppet-icinga2/manifests/object/checkcommand.pp_(IaC)_', 'puppet-icinga2/manifests/object/dependency.pp_(IaC)_', 'puppet-icinga2/manifests/object/endpoint.pp_(IaC)_', 'puppet-icinga2/manifests/object/eventcommand.pp_(IaC)_', 'puppet-icinga2/manifests/object/host.pp_(IaC)_', 'puppet-icinga2/manifests/object/hostgroup.pp_(IaC)_', 'puppet-icinga2/manifests/object/notification.pp_(IaC)_', 'puppet-icinga2/manifests/object/notificationcommand.pp_(IaC)_', 'puppet-icinga2/manifests/object/scheduleddowntime.pp_(IaC)_', 'puppet-icinga2/manifests/object/service.pp_(IaC)_', 'puppet-icinga2/manifests/object/servicegroup.pp_(IaC)_', 'puppet-icinga2/manifests/object/timeperiod.pp_(IaC)_', 'puppet-icinga2/manifests/object/user.pp_(IaC)_', 'puppet-icinga2/manifests/object/usergroup.pp_(IaC)_', 'puppet-icinga2/manifests/object/zone.pp_(IaC)_', 'puppet-icinga2/manifests/query_objects.pp_(IaC)_', 'puppet-icinga2/metadata.json_(Other)_', 'puppet-icinga2/spec/defines/objects_spec.rb_(Other)_', 'puppet-icinga2/templates/object.conf.epp_(Other)_', 'puppet-icinga2/templates/objects.epp_(Other)_']]","['e45aa8bc8d34646d4bc04024270810ba5af2cc80', '1a9648985cb25ea20f754c19db08385461238e9d', '63b3349774b18a4e1848954acc437fc2539953fc']","[0.0, 1.0, 1.0]","[0.0, 0.06976744186046512, 0.14285714285714285]","[0, 0.13043478260869565, 0.25]","[0, 1, 1]","[0, 1.0, 1.0]"
"[3, 3, 3]","[[115, 125, 117, 109, 119, 110, 11, 113, 116, 123, 111, 124, 121, 122], [115, 125, 117, 109, 119, 110, 11, 113, 116, 123, 111, 124, 121, 122], [115, 125, 117, 109, 119, 110, 11, 113, 116, 123, 111, 124, 121, 122]]","[['puppet-icinga2/manifests/object/host.pp_(IaC)_', 'puppet-icinga2/manifests/object/checkcommand.pp_(IaC)_', 'puppet-icinga2/manifests/object/servicegroup.pp_(IaC)_', 'puppet-icinga2/manifests/object/timeperiod.pp_(IaC)_', 'puppet-icinga2/manifests/object/icingaapplication.pp_(IaC)_', 'puppet-icinga2/manifests/object/user.pp_(IaC)_', 'puppet-icinga2/types/customattributes.pp_(IaC)_', 'puppet-icinga2/manifests/object/eventcommand.pp_(IaC)_', 'puppet-icinga2/manifests/object/notification.pp_(IaC)_', 'puppet-icinga2/manifests/object/zone.pp_(IaC)_', 'puppet-icinga2/manifests/object/service.pp_(IaC)_', 'puppet-icinga2/manifests/object/dependency.pp_(IaC)_', 'puppet-icinga2/manifests/object/endpoint.pp_(IaC)_', 'puppet-icinga2/manifests/object/notificationcommand.pp_(IaC)_'], ['puppet-icinga2/manifests/object/host.pp_(IaC)_', 'puppet-icinga2/manifests/object/checkcommand.pp_(IaC)_', 'puppet-icinga2/manifests/object/servicegroup.pp_(IaC)_', 'puppet-icinga2/manifests/object/timeperiod.pp_(IaC)_', 'puppet-icinga2/manifests/object/icingaapplication.pp_(IaC)_', 'puppet-icinga2/manifests/object/user.pp_(IaC)_', 'puppet-icinga2/types/customattributes.pp_(IaC)_', 'puppet-icinga2/manifests/object/eventcommand.pp_(IaC)_', 'puppet-icinga2/manifests/object/notification.pp_(IaC)_', 'puppet-icinga2/manifests/object/zone.pp_(IaC)_', 'puppet-icinga2/manifests/object/service.pp_(IaC)_', 'puppet-icinga2/manifests/object/dependency.pp_(IaC)_', 'puppet-icinga2/manifests/object/endpoint.pp_(IaC)_', 'puppet-icinga2/manifests/object/notificationcommand.pp_(IaC)_'], ['puppet-icinga2/manifests/object/host.pp_(IaC)_', 'puppet-icinga2/manifests/object/checkcommand.pp_(IaC)_', 'puppet-icinga2/manifests/object/servicegroup.pp_(IaC)_', 'puppet-icinga2/manifests/object/timeperiod.pp_(IaC)_', 'puppet-icinga2/manifests/object/icingaapplication.pp_(IaC)_', 'puppet-icinga2/manifests/object/user.pp_(IaC)_', 'puppet-icinga2/types/customattributes.pp_(IaC)_', 'puppet-icinga2/manifests/object/eventcommand.pp_(IaC)_', 'puppet-icinga2/manifests/object/notification.pp_(IaC)_', 'puppet-icinga2/manifests/object/zone.pp_(IaC)_', 'puppet-icinga2/manifests/object/service.pp_(IaC)_', 'puppet-icinga2/manifests/object/dependency.pp_(IaC)_', 'puppet-icinga2/manifests/object/endpoint.pp_(IaC)_', 'puppet-icinga2/manifests/object/notificationcommand.pp_(IaC)_']]","[['puppet-icinga2/manifests/feature/gelf.pp_(IaC)_', 'puppet-icinga2/spec/classes/influxdb2_spec.rb_(Other)_', 'puppet-icinga2/spec/classes/windowseventlog_spec.rb_(Other)_', 'puppet-icinga2/types/logfacility.pp_(IaC)_'], ['puppet-icinga2/manifests/config/fragment.pp_(IaC)_', 'puppet-icinga2/manifests/feature/api.pp_(IaC)_', 'puppet-icinga2/manifests/feature/checker.pp_(IaC)_', 'puppet-icinga2/manifests/feature/command.pp_(IaC)_', 'puppet-icinga2/manifests/feature/compatlog.pp_(IaC)_', 'puppet-icinga2/manifests/feature/debuglog.pp_(IaC)_', 'puppet-icinga2/manifests/feature/elasticsearch.pp_(IaC)_', 'puppet-icinga2/manifests/feature/gelf.pp_(IaC)_', 'puppet-icinga2/manifests/feature/graphite.pp_(IaC)_', 'puppet-icinga2/manifests/feature/icingadb.pp_(IaC)_', 'puppet-icinga2/manifests/feature/idomysql.pp_(IaC)_', 'puppet-icinga2/manifests/feature/idopgsql.pp_(IaC)_', 'puppet-icinga2/manifests/feature/influxdb.pp_(IaC)_', 'puppet-icinga2/manifests/feature/influxdb2.pp_(IaC)_', 'puppet-icinga2/manifests/feature/livestatus.pp_(IaC)_', 'puppet-icinga2/manifests/feature/mainlog.pp_(IaC)_', 'puppet-icinga2/manifests/feature/notification.pp_(IaC)_', 'puppet-icinga2/manifests/feature/opentsdb.pp_(IaC)_', 'puppet-icinga2/manifests/feature/perfdata.pp_(IaC)_', 'puppet-icinga2/manifests/feature/statusdata.pp_(IaC)_', 'puppet-icinga2/manifests/feature/syslog.pp_(IaC)_', 'puppet-icinga2/manifests/feature/windowseventlog.pp_(IaC)_', 'puppet-icinga2/manifests/globals.pp_(IaC)_', 'puppet-icinga2/manifests/init.pp_(IaC)_', 'puppet-icinga2/manifests/object.pp_(IaC)_', 'puppet-icinga2/manifests/object/apiuser.pp_(IaC)_', 'puppet-icinga2/manifests/object/checkcommand.pp_(IaC)_', 'puppet-icinga2/manifests/object/checkresultreader.pp_(IaC)_', 'puppet-icinga2/manifests/object/dependency.pp_(IaC)_', 'puppet-icinga2/manifests/object/endpoint.pp_(IaC)_', 'puppet-icinga2/manifests/object/eventcommand.pp_(IaC)_', 'puppet-icinga2/manifests/object/host.pp_(IaC)_', 'puppet-icinga2/manifests/object/hostgroup.pp_(IaC)_', 'puppet-icinga2/manifests/object/notification.pp_(IaC)_', 'puppet-icinga2/manifests/object/notificationcommand.pp_(IaC)_', 'puppet-icinga2/manifests/object/scheduleddowntime.pp_(IaC)_', 'puppet-icinga2/manifests/object/service.pp_(IaC)_', 'puppet-icinga2/manifests/object/servicegroup.pp_(IaC)_', 'puppet-icinga2/manifests/object/timeperiod.pp_(IaC)_', 'puppet-icinga2/manifests/object/user.pp_(IaC)_', 'puppet-icinga2/manifests/object/usergroup.pp_(IaC)_', 'puppet-icinga2/manifests/object/zone.pp_(IaC)_', 'puppet-icinga2/manifests/pki/ca.pp_(IaC)_'], ['puppet-icinga2/manifests/object/apiuser.pp_(IaC)_', 'puppet-icinga2/manifests/object/checkcommand.pp_(IaC)_', 'puppet-icinga2/manifests/object/dependency.pp_(IaC)_', 'puppet-icinga2/manifests/object/endpoint.pp_(IaC)_', 'puppet-icinga2/manifests/object/eventcommand.pp_(IaC)_', 'puppet-icinga2/manifests/object/host.pp_(IaC)_', 'puppet-icinga2/manifests/object/hostgroup.pp_(IaC)_', 'puppet-icinga2/manifests/object/notification.pp_(IaC)_', 'puppet-icinga2/manifests/object/notificationcommand.pp_(IaC)_', 'puppet-icinga2/manifests/object/scheduleddowntime.pp_(IaC)_', 'puppet-icinga2/manifests/object/service.pp_(IaC)_', 'puppet-icinga2/manifests/object/servicegroup.pp_(IaC)_', 'puppet-icinga2/manifests/object/timeperiod.pp_(IaC)_', 'puppet-icinga2/manifests/object/user.pp_(IaC)_', 'puppet-icinga2/manifests/object/usergroup.pp_(IaC)_', 'puppet-icinga2/manifests/object/zone.pp_(IaC)_', 'puppet-icinga2/manifests/query_objects.pp_(IaC)_', 'puppet-icinga2/metadata.json_(Other)_', 'puppet-icinga2/spec/defines/objects_spec.rb_(Other)_', 'puppet-icinga2/templates/object.conf.epp_(Other)_', 'puppet-icinga2/templates/objects.epp_(Other)_']]","['e45aa8bc8d34646d4bc04024270810ba5af2cc80', '1a9648985cb25ea20f754c19db08385461238e9d', '63b3349774b18a4e1848954acc437fc2539953fc']","[0.0, 1.0, 1.0]","[0.0, 0.06976744186046512, 0.14285714285714285]","[0, 0.13043478260869565, 0.25]","[0, 1, 1]","[0, 1.0, 1.0]"
"[3, 3, 3]","[[122, 111, 125, 121, 110, 114, 115, 11, 116, 113, 109, 119, 124, 123, 15, 117], [122, 111, 125, 121, 110, 114, 115, 11, 116, 113, 109, 119, 124, 123, 15, 117], [122, 111, 125, 121, 110, 114, 115, 11, 116, 113, 109, 119, 124, 123, 15, 117]]","[['puppet-icinga2/manifests/object/notificationcommand.pp_(IaC)_', 'puppet-icinga2/manifests/object/service.pp_(IaC)_', 'puppet-icinga2/manifests/object/checkcommand.pp_(IaC)_', 'puppet-icinga2/manifests/object/endpoint.pp_(IaC)_', 'puppet-icinga2/manifests/object/user.pp_(IaC)_', 'puppet-icinga2/manifests/object/scheduleddowntime.pp_(IaC)_', 'puppet-icinga2/manifests/object/host.pp_(IaC)_', 'puppet-icinga2/types/customattributes.pp_(IaC)_', 'puppet-icinga2/manifests/object/notification.pp_(IaC)_', 'puppet-icinga2/manifests/object/eventcommand.pp_(IaC)_', 'puppet-icinga2/manifests/object/timeperiod.pp_(IaC)_', 'puppet-icinga2/manifests/object/icingaapplication.pp_(IaC)_', 'puppet-icinga2/manifests/object/dependency.pp_(IaC)_', 'puppet-icinga2/manifests/object/zone.pp_(IaC)_', 'puppet-icinga2/types/basicauth.pp_(IaC)_', 'puppet-icinga2/manifests/object/servicegroup.pp_(IaC)_'], ['puppet-icinga2/manifests/object/notificationcommand.pp_(IaC)_', 'puppet-icinga2/manifests/object/service.pp_(IaC)_', 'puppet-icinga2/manifests/object/checkcommand.pp_(IaC)_', 'puppet-icinga2/manifests/object/endpoint.pp_(IaC)_', 'puppet-icinga2/manifests/object/user.pp_(IaC)_', 'puppet-icinga2/manifests/object/scheduleddowntime.pp_(IaC)_', 'puppet-icinga2/manifests/object/host.pp_(IaC)_', 'puppet-icinga2/types/customattributes.pp_(IaC)_', 'puppet-icinga2/manifests/object/notification.pp_(IaC)_', 'puppet-icinga2/manifests/object/eventcommand.pp_(IaC)_', 'puppet-icinga2/manifests/object/timeperiod.pp_(IaC)_', 'puppet-icinga2/manifests/object/icingaapplication.pp_(IaC)_', 'puppet-icinga2/manifests/object/dependency.pp_(IaC)_', 'puppet-icinga2/manifests/object/zone.pp_(IaC)_', 'puppet-icinga2/types/basicauth.pp_(IaC)_', 'puppet-icinga2/manifests/object/servicegroup.pp_(IaC)_'], ['puppet-icinga2/manifests/object/notificationcommand.pp_(IaC)_', 'puppet-icinga2/manifests/object/service.pp_(IaC)_', 'puppet-icinga2/manifests/object/checkcommand.pp_(IaC)_', 'puppet-icinga2/manifests/object/endpoint.pp_(IaC)_', 'puppet-icinga2/manifests/object/user.pp_(IaC)_', 'puppet-icinga2/manifests/object/scheduleddowntime.pp_(IaC)_', 'puppet-icinga2/manifests/object/host.pp_(IaC)_', 'puppet-icinga2/types/customattributes.pp_(IaC)_', 'puppet-icinga2/manifests/object/notification.pp_(IaC)_', 'puppet-icinga2/manifests/object/eventcommand.pp_(IaC)_', 'puppet-icinga2/manifests/object/timeperiod.pp_(IaC)_', 'puppet-icinga2/manifests/object/icingaapplication.pp_(IaC)_', 'puppet-icinga2/manifests/object/dependency.pp_(IaC)_', 'puppet-icinga2/manifests/object/zone.pp_(IaC)_', 'puppet-icinga2/types/basicauth.pp_(IaC)_', 'puppet-icinga2/manifests/object/servicegroup.pp_(IaC)_']]","[['puppet-icinga2/manifests/feature/gelf.pp_(IaC)_', 'puppet-icinga2/spec/classes/influxdb2_spec.rb_(Other)_', 'puppet-icinga2/spec/classes/windowseventlog_spec.rb_(Other)_', 'puppet-icinga2/types/logfacility.pp_(IaC)_'], ['puppet-icinga2/manifests/config/fragment.pp_(IaC)_', 'puppet-icinga2/manifests/feature/api.pp_(IaC)_', 'puppet-icinga2/manifests/feature/checker.pp_(IaC)_', 'puppet-icinga2/manifests/feature/command.pp_(IaC)_', 'puppet-icinga2/manifests/feature/compatlog.pp_(IaC)_', 'puppet-icinga2/manifests/feature/debuglog.pp_(IaC)_', 'puppet-icinga2/manifests/feature/elasticsearch.pp_(IaC)_', 'puppet-icinga2/manifests/feature/gelf.pp_(IaC)_', 'puppet-icinga2/manifests/feature/graphite.pp_(IaC)_', 'puppet-icinga2/manifests/feature/icingadb.pp_(IaC)_', 'puppet-icinga2/manifests/feature/idomysql.pp_(IaC)_', 'puppet-icinga2/manifests/feature/idopgsql.pp_(IaC)_', 'puppet-icinga2/manifests/feature/influxdb.pp_(IaC)_', 'puppet-icinga2/manifests/feature/influxdb2.pp_(IaC)_', 'puppet-icinga2/manifests/feature/livestatus.pp_(IaC)_', 'puppet-icinga2/manifests/feature/mainlog.pp_(IaC)_', 'puppet-icinga2/manifests/feature/notification.pp_(IaC)_', 'puppet-icinga2/manifests/feature/opentsdb.pp_(IaC)_', 'puppet-icinga2/manifests/feature/perfdata.pp_(IaC)_', 'puppet-icinga2/manifests/feature/statusdata.pp_(IaC)_', 'puppet-icinga2/manifests/feature/syslog.pp_(IaC)_', 'puppet-icinga2/manifests/feature/windowseventlog.pp_(IaC)_', 'puppet-icinga2/manifests/globals.pp_(IaC)_', 'puppet-icinga2/manifests/init.pp_(IaC)_', 'puppet-icinga2/manifests/object.pp_(IaC)_', 'puppet-icinga2/manifests/object/apiuser.pp_(IaC)_', 'puppet-icinga2/manifests/object/checkcommand.pp_(IaC)_', 'puppet-icinga2/manifests/object/checkresultreader.pp_(IaC)_', 'puppet-icinga2/manifests/object/dependency.pp_(IaC)_', 'puppet-icinga2/manifests/object/endpoint.pp_(IaC)_', 'puppet-icinga2/manifests/object/eventcommand.pp_(IaC)_', 'puppet-icinga2/manifests/object/host.pp_(IaC)_', 'puppet-icinga2/manifests/object/hostgroup.pp_(IaC)_', 'puppet-icinga2/manifests/object/notification.pp_(IaC)_', 'puppet-icinga2/manifests/object/notificationcommand.pp_(IaC)_', 'puppet-icinga2/manifests/object/scheduleddowntime.pp_(IaC)_', 'puppet-icinga2/manifests/object/service.pp_(IaC)_', 'puppet-icinga2/manifests/object/servicegroup.pp_(IaC)_', 'puppet-icinga2/manifests/object/timeperiod.pp_(IaC)_', 'puppet-icinga2/manifests/object/user.pp_(IaC)_', 'puppet-icinga2/manifests/object/usergroup.pp_(IaC)_', 'puppet-icinga2/manifests/object/zone.pp_(IaC)_', 'puppet-icinga2/manifests/pki/ca.pp_(IaC)_'], ['puppet-icinga2/manifests/object/apiuser.pp_(IaC)_', 'puppet-icinga2/manifests/object/checkcommand.pp_(IaC)_', 'puppet-icinga2/manifests/object/dependency.pp_(IaC)_', 'puppet-icinga2/manifests/object/endpoint.pp_(IaC)_', 'puppet-icinga2/manifests/object/eventcommand.pp_(IaC)_', 'puppet-icinga2/manifests/object/host.pp_(IaC)_', 'puppet-icinga2/manifests/object/hostgroup.pp_(IaC)_', 'puppet-icinga2/manifests/object/notification.pp_(IaC)_', 'puppet-icinga2/manifests/object/notificationcommand.pp_(IaC)_', 'puppet-icinga2/manifests/object/scheduleddowntime.pp_(IaC)_', 'puppet-icinga2/manifests/object/service.pp_(IaC)_', 'puppet-icinga2/manifests/object/servicegroup.pp_(IaC)_', 'puppet-icinga2/manifests/object/timeperiod.pp_(IaC)_', 'puppet-icinga2/manifests/object/user.pp_(IaC)_', 'puppet-icinga2/manifests/object/usergroup.pp_(IaC)_', 'puppet-icinga2/manifests/object/zone.pp_(IaC)_', 'puppet-icinga2/manifests/query_objects.pp_(IaC)_', 'puppet-icinga2/metadata.json_(Other)_', 'puppet-icinga2/spec/defines/objects_spec.rb_(Other)_', 'puppet-icinga2/templates/object.conf.epp_(Other)_', 'puppet-icinga2/templates/objects.epp_(Other)_']]","['e45aa8bc8d34646d4bc04024270810ba5af2cc80', '1a9648985cb25ea20f754c19db08385461238e9d', '63b3349774b18a4e1848954acc437fc2539953fc']","[0.0, 1.0, 1.0]","[0.0, 0.06976744186046512, 0.14285714285714285]","[0, 0.13043478260869565, 0.25]","[0, 1, 1]","[0, 1.0, 1.0]"
"[3, 3, 3]","[[110, 109, 117, 125, 122, 123, 124, 115, 112, 118, 113, 120, 114, 121, 119, 15, 111, 116, 11], [110, 109, 117, 125, 122, 123, 124, 115, 112, 118, 113, 120, 114, 121, 119, 15, 111, 116, 11], [110, 109, 117, 125, 122, 123, 124, 115, 112, 118, 113, 120, 114, 121, 119, 15, 111, 116, 11]]","[['puppet-icinga2/manifests/object/user.pp_(IaC)_', 'puppet-icinga2/manifests/object/timeperiod.pp_(IaC)_', 'puppet-icinga2/manifests/object/servicegroup.pp_(IaC)_', 'puppet-icinga2/manifests/object/checkcommand.pp_(IaC)_', 'puppet-icinga2/manifests/object/notificationcommand.pp_(IaC)_', 'puppet-icinga2/manifests/object/zone.pp_(IaC)_', 'puppet-icinga2/manifests/object/dependency.pp_(IaC)_', 'puppet-icinga2/manifests/object/host.pp_(IaC)_', 'puppet-icinga2/manifests/object/usergroup.pp_(IaC)_', 'puppet-icinga2/manifests/object/hostgroup.pp_(IaC)_', 'puppet-icinga2/manifests/object/eventcommand.pp_(IaC)_', 'puppet-icinga2/manifests/object/checkresultreader.pp_(IaC)_', 'puppet-icinga2/manifests/object/scheduleddowntime.pp_(IaC)_', 'puppet-icinga2/manifests/object/endpoint.pp_(IaC)_', 'puppet-icinga2/manifests/object/icingaapplication.pp_(IaC)_', 'puppet-icinga2/types/basicauth.pp_(IaC)_', 'puppet-icinga2/manifests/object/service.pp_(IaC)_', 'puppet-icinga2/manifests/object/notification.pp_(IaC)_', 'puppet-icinga2/types/customattributes.pp_(IaC)_'], ['puppet-icinga2/manifests/object/user.pp_(IaC)_', 'puppet-icinga2/manifests/object/timeperiod.pp_(IaC)_', 'puppet-icinga2/manifests/object/servicegroup.pp_(IaC)_', 'puppet-icinga2/manifests/object/checkcommand.pp_(IaC)_', 'puppet-icinga2/manifests/object/notificationcommand.pp_(IaC)_', 'puppet-icinga2/manifests/object/zone.pp_(IaC)_', 'puppet-icinga2/manifests/object/dependency.pp_(IaC)_', 'puppet-icinga2/manifests/object/host.pp_(IaC)_', 'puppet-icinga2/manifests/object/usergroup.pp_(IaC)_', 'puppet-icinga2/manifests/object/hostgroup.pp_(IaC)_', 'puppet-icinga2/manifests/object/eventcommand.pp_(IaC)_', 'puppet-icinga2/manifests/object/checkresultreader.pp_(IaC)_', 'puppet-icinga2/manifests/object/scheduleddowntime.pp_(IaC)_', 'puppet-icinga2/manifests/object/endpoint.pp_(IaC)_', 'puppet-icinga2/manifests/object/icingaapplication.pp_(IaC)_', 'puppet-icinga2/types/basicauth.pp_(IaC)_', 'puppet-icinga2/manifests/object/service.pp_(IaC)_', 'puppet-icinga2/manifests/object/notification.pp_(IaC)_', 'puppet-icinga2/types/customattributes.pp_(IaC)_'], ['puppet-icinga2/manifests/object/user.pp_(IaC)_', 'puppet-icinga2/manifests/object/timeperiod.pp_(IaC)_', 'puppet-icinga2/manifests/object/servicegroup.pp_(IaC)_', 'puppet-icinga2/manifests/object/checkcommand.pp_(IaC)_', 'puppet-icinga2/manifests/object/notificationcommand.pp_(IaC)_', 'puppet-icinga2/manifests/object/zone.pp_(IaC)_', 'puppet-icinga2/manifests/object/dependency.pp_(IaC)_', 'puppet-icinga2/manifests/object/host.pp_(IaC)_', 'puppet-icinga2/manifests/object/usergroup.pp_(IaC)_', 'puppet-icinga2/manifests/object/hostgroup.pp_(IaC)_', 'puppet-icinga2/manifests/object/eventcommand.pp_(IaC)_', 'puppet-icinga2/manifests/object/checkresultreader.pp_(IaC)_', 'puppet-icinga2/manifests/object/scheduleddowntime.pp_(IaC)_', 'puppet-icinga2/manifests/object/endpoint.pp_(IaC)_', 'puppet-icinga2/manifests/object/icingaapplication.pp_(IaC)_', 'puppet-icinga2/types/basicauth.pp_(IaC)_', 'puppet-icinga2/manifests/object/service.pp_(IaC)_', 'puppet-icinga2/manifests/object/notification.pp_(IaC)_', 'puppet-icinga2/types/customattributes.pp_(IaC)_']]","[['puppet-icinga2/manifests/feature/gelf.pp_(IaC)_', 'puppet-icinga2/spec/classes/influxdb2_spec.rb_(Other)_', 'puppet-icinga2/spec/classes/windowseventlog_spec.rb_(Other)_', 'puppet-icinga2/types/logfacility.pp_(IaC)_'], ['puppet-icinga2/manifests/config/fragment.pp_(IaC)_', 'puppet-icinga2/manifests/feature/api.pp_(IaC)_', 'puppet-icinga2/manifests/feature/checker.pp_(IaC)_', 'puppet-icinga2/manifests/feature/command.pp_(IaC)_', 'puppet-icinga2/manifests/feature/compatlog.pp_(IaC)_', 'puppet-icinga2/manifests/feature/debuglog.pp_(IaC)_', 'puppet-icinga2/manifests/feature/elasticsearch.pp_(IaC)_', 'puppet-icinga2/manifests/feature/gelf.pp_(IaC)_', 'puppet-icinga2/manifests/feature/graphite.pp_(IaC)_', 'puppet-icinga2/manifests/feature/icingadb.pp_(IaC)_', 'puppet-icinga2/manifests/feature/idomysql.pp_(IaC)_', 'puppet-icinga2/manifests/feature/idopgsql.pp_(IaC)_', 'puppet-icinga2/manifests/feature/influxdb.pp_(IaC)_', 'puppet-icinga2/manifests/feature/influxdb2.pp_(IaC)_', 'puppet-icinga2/manifests/feature/livestatus.pp_(IaC)_', 'puppet-icinga2/manifests/feature/mainlog.pp_(IaC)_', 'puppet-icinga2/manifests/feature/notification.pp_(IaC)_', 'puppet-icinga2/manifests/feature/opentsdb.pp_(IaC)_', 'puppet-icinga2/manifests/feature/perfdata.pp_(IaC)_', 'puppet-icinga2/manifests/feature/statusdata.pp_(IaC)_', 'puppet-icinga2/manifests/feature/syslog.pp_(IaC)_', 'puppet-icinga2/manifests/feature/windowseventlog.pp_(IaC)_', 'puppet-icinga2/manifests/globals.pp_(IaC)_', 'puppet-icinga2/manifests/init.pp_(IaC)_', 'puppet-icinga2/manifests/object.pp_(IaC)_', 'puppet-icinga2/manifests/object/apiuser.pp_(IaC)_', 'puppet-icinga2/manifests/object/checkcommand.pp_(IaC)_', 'puppet-icinga2/manifests/object/checkresultreader.pp_(IaC)_', 'puppet-icinga2/manifests/object/dependency.pp_(IaC)_', 'puppet-icinga2/manifests/object/endpoint.pp_(IaC)_', 'puppet-icinga2/manifests/object/eventcommand.pp_(IaC)_', 'puppet-icinga2/manifests/object/host.pp_(IaC)_', 'puppet-icinga2/manifests/object/hostgroup.pp_(IaC)_', 'puppet-icinga2/manifests/object/notification.pp_(IaC)_', 'puppet-icinga2/manifests/object/notificationcommand.pp_(IaC)_', 'puppet-icinga2/manifests/object/scheduleddowntime.pp_(IaC)_', 'puppet-icinga2/manifests/object/service.pp_(IaC)_', 'puppet-icinga2/manifests/object/servicegroup.pp_(IaC)_', 'puppet-icinga2/manifests/object/timeperiod.pp_(IaC)_', 'puppet-icinga2/manifests/object/user.pp_(IaC)_', 'puppet-icinga2/manifests/object/usergroup.pp_(IaC)_', 'puppet-icinga2/manifests/object/zone.pp_(IaC)_', 'puppet-icinga2/manifests/pki/ca.pp_(IaC)_'], ['puppet-icinga2/manifests/object/apiuser.pp_(IaC)_', 'puppet-icinga2/manifests/object/checkcommand.pp_(IaC)_', 'puppet-icinga2/manifests/object/dependency.pp_(IaC)_', 'puppet-icinga2/manifests/object/endpoint.pp_(IaC)_', 'puppet-icinga2/manifests/object/eventcommand.pp_(IaC)_', 'puppet-icinga2/manifests/object/host.pp_(IaC)_', 'puppet-icinga2/manifests/object/hostgroup.pp_(IaC)_', 'puppet-icinga2/manifests/object/notification.pp_(IaC)_', 'puppet-icinga2/manifests/object/notificationcommand.pp_(IaC)_', 'puppet-icinga2/manifests/object/scheduleddowntime.pp_(IaC)_', 'puppet-icinga2/manifests/object/service.pp_(IaC)_', 'puppet-icinga2/manifests/object/servicegroup.pp_(IaC)_', 'puppet-icinga2/manifests/object/timeperiod.pp_(IaC)_', 'puppet-icinga2/manifests/object/user.pp_(IaC)_', 'puppet-icinga2/manifests/object/usergroup.pp_(IaC)_', 'puppet-icinga2/manifests/object/zone.pp_(IaC)_', 'puppet-icinga2/manifests/query_objects.pp_(IaC)_', 'puppet-icinga2/metadata.json_(Other)_', 'puppet-icinga2/spec/defines/objects_spec.rb_(Other)_', 'puppet-icinga2/templates/object.conf.epp_(Other)_', 'puppet-icinga2/templates/objects.epp_(Other)_']]","['e45aa8bc8d34646d4bc04024270810ba5af2cc80', '1a9648985cb25ea20f754c19db08385461238e9d', '63b3349774b18a4e1848954acc437fc2539953fc']","[0.0, 1.0, 1.0]","[0.0, 0.06976744186046512, 0.14285714285714285]","[0, 0.13043478260869565, 0.25]","[0, 1, 1]","[0, 1.0, 1.0]"
"[3, 3, 3]","[[115, 118, 114, 116, 110, 125, 117, 111, 112, 11, 121, 113, 123, 122, 109, 119, 124], [115, 118, 114, 116, 110, 125, 117, 111, 112, 11, 121, 113, 123, 122, 109, 119, 124], [115, 118, 114, 116, 110, 125, 117, 111, 112, 11, 121, 113, 123, 122, 109, 119, 124]]","[['puppet-icinga2/manifests/object/host.pp_(IaC)_', 'puppet-icinga2/manifests/object/hostgroup.pp_(IaC)_', 'puppet-icinga2/manifests/object/scheduleddowntime.pp_(IaC)_', 'puppet-icinga2/manifests/object/notification.pp_(IaC)_', 'puppet-icinga2/manifests/object/user.pp_(IaC)_', 'puppet-icinga2/manifests/object/checkcommand.pp_(IaC)_', 'puppet-icinga2/manifests/object/servicegroup.pp_(IaC)_', 'puppet-icinga2/manifests/object/service.pp_(IaC)_', 'puppet-icinga2/manifests/object/usergroup.pp_(IaC)_', 'puppet-icinga2/types/customattributes.pp_(IaC)_', 'puppet-icinga2/manifests/object/endpoint.pp_(IaC)_', 'puppet-icinga2/manifests/object/eventcommand.pp_(IaC)_', 'puppet-icinga2/manifests/object/zone.pp_(IaC)_', 'puppet-icinga2/manifests/object/notificationcommand.pp_(IaC)_', 'puppet-icinga2/manifests/object/timeperiod.pp_(IaC)_', 'puppet-icinga2/manifests/object/icingaapplication.pp_(IaC)_', 'puppet-icinga2/manifests/object/dependency.pp_(IaC)_'], ['puppet-icinga2/manifests/object/host.pp_(IaC)_', 'puppet-icinga2/manifests/object/hostgroup.pp_(IaC)_', 'puppet-icinga2/manifests/object/scheduleddowntime.pp_(IaC)_', 'puppet-icinga2/manifests/object/notification.pp_(IaC)_', 'puppet-icinga2/manifests/object/user.pp_(IaC)_', 'puppet-icinga2/manifests/object/checkcommand.pp_(IaC)_', 'puppet-icinga2/manifests/object/servicegroup.pp_(IaC)_', 'puppet-icinga2/manifests/object/service.pp_(IaC)_', 'puppet-icinga2/manifests/object/usergroup.pp_(IaC)_', 'puppet-icinga2/types/customattributes.pp_(IaC)_', 'puppet-icinga2/manifests/object/endpoint.pp_(IaC)_', 'puppet-icinga2/manifests/object/eventcommand.pp_(IaC)_', 'puppet-icinga2/manifests/object/zone.pp_(IaC)_', 'puppet-icinga2/manifests/object/notificationcommand.pp_(IaC)_', 'puppet-icinga2/manifests/object/timeperiod.pp_(IaC)_', 'puppet-icinga2/manifests/object/icingaapplication.pp_(IaC)_', 'puppet-icinga2/manifests/object/dependency.pp_(IaC)_'], ['puppet-icinga2/manifests/object/host.pp_(IaC)_', 'puppet-icinga2/manifests/object/hostgroup.pp_(IaC)_', 'puppet-icinga2/manifests/object/scheduleddowntime.pp_(IaC)_', 'puppet-icinga2/manifests/object/notification.pp_(IaC)_', 'puppet-icinga2/manifests/object/user.pp_(IaC)_', 'puppet-icinga2/manifests/object/checkcommand.pp_(IaC)_', 'puppet-icinga2/manifests/object/servicegroup.pp_(IaC)_', 'puppet-icinga2/manifests/object/service.pp_(IaC)_', 'puppet-icinga2/manifests/object/usergroup.pp_(IaC)_', 'puppet-icinga2/types/customattributes.pp_(IaC)_', 'puppet-icinga2/manifests/object/endpoint.pp_(IaC)_', 'puppet-icinga2/manifests/object/eventcommand.pp_(IaC)_', 'puppet-icinga2/manifests/object/zone.pp_(IaC)_', 'puppet-icinga2/manifests/object/notificationcommand.pp_(IaC)_', 'puppet-icinga2/manifests/object/timeperiod.pp_(IaC)_', 'puppet-icinga2/manifests/object/icingaapplication.pp_(IaC)_', 'puppet-icinga2/manifests/object/dependency.pp_(IaC)_']]","[['puppet-icinga2/manifests/feature/gelf.pp_(IaC)_', 'puppet-icinga2/spec/classes/influxdb2_spec.rb_(Other)_', 'puppet-icinga2/spec/classes/windowseventlog_spec.rb_(Other)_', 'puppet-icinga2/types/logfacility.pp_(IaC)_'], ['puppet-icinga2/manifests/config/fragment.pp_(IaC)_', 'puppet-icinga2/manifests/feature/api.pp_(IaC)_', 'puppet-icinga2/manifests/feature/checker.pp_(IaC)_', 'puppet-icinga2/manifests/feature/command.pp_(IaC)_', 'puppet-icinga2/manifests/feature/compatlog.pp_(IaC)_', 'puppet-icinga2/manifests/feature/debuglog.pp_(IaC)_', 'puppet-icinga2/manifests/feature/elasticsearch.pp_(IaC)_', 'puppet-icinga2/manifests/feature/gelf.pp_(IaC)_', 'puppet-icinga2/manifests/feature/graphite.pp_(IaC)_', 'puppet-icinga2/manifests/feature/icingadb.pp_(IaC)_', 'puppet-icinga2/manifests/feature/idomysql.pp_(IaC)_', 'puppet-icinga2/manifests/feature/idopgsql.pp_(IaC)_', 'puppet-icinga2/manifests/feature/influxdb.pp_(IaC)_', 'puppet-icinga2/manifests/feature/influxdb2.pp_(IaC)_', 'puppet-icinga2/manifests/feature/livestatus.pp_(IaC)_', 'puppet-icinga2/manifests/feature/mainlog.pp_(IaC)_', 'puppet-icinga2/manifests/feature/notification.pp_(IaC)_', 'puppet-icinga2/manifests/feature/opentsdb.pp_(IaC)_', 'puppet-icinga2/manifests/feature/perfdata.pp_(IaC)_', 'puppet-icinga2/manifests/feature/statusdata.pp_(IaC)_', 'puppet-icinga2/manifests/feature/syslog.pp_(IaC)_', 'puppet-icinga2/manifests/feature/windowseventlog.pp_(IaC)_', 'puppet-icinga2/manifests/globals.pp_(IaC)_', 'puppet-icinga2/manifests/init.pp_(IaC)_', 'puppet-icinga2/manifests/object.pp_(IaC)_', 'puppet-icinga2/manifests/object/apiuser.pp_(IaC)_', 'puppet-icinga2/manifests/object/checkcommand.pp_(IaC)_', 'puppet-icinga2/manifests/object/checkresultreader.pp_(IaC)_', 'puppet-icinga2/manifests/object/dependency.pp_(IaC)_', 'puppet-icinga2/manifests/object/endpoint.pp_(IaC)_', 'puppet-icinga2/manifests/object/eventcommand.pp_(IaC)_', 'puppet-icinga2/manifests/object/host.pp_(IaC)_', 'puppet-icinga2/manifests/object/hostgroup.pp_(IaC)_', 'puppet-icinga2/manifests/object/notification.pp_(IaC)_', 'puppet-icinga2/manifests/object/notificationcommand.pp_(IaC)_', 'puppet-icinga2/manifests/object/scheduleddowntime.pp_(IaC)_', 'puppet-icinga2/manifests/object/service.pp_(IaC)_', 'puppet-icinga2/manifests/object/servicegroup.pp_(IaC)_', 'puppet-icinga2/manifests/object/timeperiod.pp_(IaC)_', 'puppet-icinga2/manifests/object/user.pp_(IaC)_', 'puppet-icinga2/manifests/object/usergroup.pp_(IaC)_', 'puppet-icinga2/manifests/object/zone.pp_(IaC)_', 'puppet-icinga2/manifests/pki/ca.pp_(IaC)_'], ['puppet-icinga2/manifests/object/apiuser.pp_(IaC)_', 'puppet-icinga2/manifests/object/checkcommand.pp_(IaC)_', 'puppet-icinga2/manifests/object/dependency.pp_(IaC)_', 'puppet-icinga2/manifests/object/endpoint.pp_(IaC)_', 'puppet-icinga2/manifests/object/eventcommand.pp_(IaC)_', 'puppet-icinga2/manifests/object/host.pp_(IaC)_', 'puppet-icinga2/manifests/object/hostgroup.pp_(IaC)_', 'puppet-icinga2/manifests/object/notification.pp_(IaC)_', 'puppet-icinga2/manifests/object/notificationcommand.pp_(IaC)_', 'puppet-icinga2/manifests/object/scheduleddowntime.pp_(IaC)_', 'puppet-icinga2/manifests/object/service.pp_(IaC)_', 'puppet-icinga2/manifests/object/servicegroup.pp_(IaC)_', 'puppet-icinga2/manifests/object/timeperiod.pp_(IaC)_', 'puppet-icinga2/manifests/object/user.pp_(IaC)_', 'puppet-icinga2/manifests/object/usergroup.pp_(IaC)_', 'puppet-icinga2/manifests/object/zone.pp_(IaC)_', 'puppet-icinga2/manifests/query_objects.pp_(IaC)_', 'puppet-icinga2/metadata.json_(Other)_', 'puppet-icinga2/spec/defines/objects_spec.rb_(Other)_', 'puppet-icinga2/templates/object.conf.epp_(Other)_', 'puppet-icinga2/templates/objects.epp_(Other)_']]","['e45aa8bc8d34646d4bc04024270810ba5af2cc80', '1a9648985cb25ea20f754c19db08385461238e9d', '63b3349774b18a4e1848954acc437fc2539953fc']","[0.0, 1.0, 1.0]","[0.0, 0.06976744186046512, 0.14285714285714285]","[0, 0.13043478260869565, 0.25]","[0, 1, 1]","[0, 1.0, 1.0]"
"[3, 3, 3]","[[117, 125, 116, 121, 119, 115, 111, 109, 122, 11, 123, 110, 113, 124], [117, 125, 116, 121, 119, 115, 111, 109, 122, 11, 123, 110, 113, 124], [117, 125, 116, 121, 119, 115, 111, 109, 122, 11, 123, 110, 113, 124]]","[['puppet-icinga2/manifests/object/servicegroup.pp_(IaC)_', 'puppet-icinga2/manifests/object/checkcommand.pp_(IaC)_', 'puppet-icinga2/manifests/object/notification.pp_(IaC)_', 'puppet-icinga2/manifests/object/endpoint.pp_(IaC)_', 'puppet-icinga2/manifests/object/icingaapplication.pp_(IaC)_', 'puppet-icinga2/manifests/object/host.pp_(IaC)_', 'puppet-icinga2/manifests/object/service.pp_(IaC)_', 'puppet-icinga2/manifests/object/timeperiod.pp_(IaC)_', 'puppet-icinga2/manifests/object/notificationcommand.pp_(IaC)_', 'puppet-icinga2/types/customattributes.pp_(IaC)_', 'puppet-icinga2/manifests/object/zone.pp_(IaC)_', 'puppet-icinga2/manifests/object/user.pp_(IaC)_', 'puppet-icinga2/manifests/object/eventcommand.pp_(IaC)_', 'puppet-icinga2/manifests/object/dependency.pp_(IaC)_'], ['puppet-icinga2/manifests/object/servicegroup.pp_(IaC)_', 'puppet-icinga2/manifests/object/checkcommand.pp_(IaC)_', 'puppet-icinga2/manifests/object/notification.pp_(IaC)_', 'puppet-icinga2/manifests/object/endpoint.pp_(IaC)_', 'puppet-icinga2/manifests/object/icingaapplication.pp_(IaC)_', 'puppet-icinga2/manifests/object/host.pp_(IaC)_', 'puppet-icinga2/manifests/object/service.pp_(IaC)_', 'puppet-icinga2/manifests/object/timeperiod.pp_(IaC)_', 'puppet-icinga2/manifests/object/notificationcommand.pp_(IaC)_', 'puppet-icinga2/types/customattributes.pp_(IaC)_', 'puppet-icinga2/manifests/object/zone.pp_(IaC)_', 'puppet-icinga2/manifests/object/user.pp_(IaC)_', 'puppet-icinga2/manifests/object/eventcommand.pp_(IaC)_', 'puppet-icinga2/manifests/object/dependency.pp_(IaC)_'], ['puppet-icinga2/manifests/object/servicegroup.pp_(IaC)_', 'puppet-icinga2/manifests/object/checkcommand.pp_(IaC)_', 'puppet-icinga2/manifests/object/notification.pp_(IaC)_', 'puppet-icinga2/manifests/object/endpoint.pp_(IaC)_', 'puppet-icinga2/manifests/object/icingaapplication.pp_(IaC)_', 'puppet-icinga2/manifests/object/host.pp_(IaC)_', 'puppet-icinga2/manifests/object/service.pp_(IaC)_', 'puppet-icinga2/manifests/object/timeperiod.pp_(IaC)_', 'puppet-icinga2/manifests/object/notificationcommand.pp_(IaC)_', 'puppet-icinga2/types/customattributes.pp_(IaC)_', 'puppet-icinga2/manifests/object/zone.pp_(IaC)_', 'puppet-icinga2/manifests/object/user.pp_(IaC)_', 'puppet-icinga2/manifests/object/eventcommand.pp_(IaC)_', 'puppet-icinga2/manifests/object/dependency.pp_(IaC)_']]","[['puppet-icinga2/manifests/feature/gelf.pp_(IaC)_', 'puppet-icinga2/spec/classes/influxdb2_spec.rb_(Other)_', 'puppet-icinga2/spec/classes/windowseventlog_spec.rb_(Other)_', 'puppet-icinga2/types/logfacility.pp_(IaC)_'], ['puppet-icinga2/manifests/config/fragment.pp_(IaC)_', 'puppet-icinga2/manifests/feature/api.pp_(IaC)_', 'puppet-icinga2/manifests/feature/checker.pp_(IaC)_', 'puppet-icinga2/manifests/feature/command.pp_(IaC)_', 'puppet-icinga2/manifests/feature/compatlog.pp_(IaC)_', 'puppet-icinga2/manifests/feature/debuglog.pp_(IaC)_', 'puppet-icinga2/manifests/feature/elasticsearch.pp_(IaC)_', 'puppet-icinga2/manifests/feature/gelf.pp_(IaC)_', 'puppet-icinga2/manifests/feature/graphite.pp_(IaC)_', 'puppet-icinga2/manifests/feature/icingadb.pp_(IaC)_', 'puppet-icinga2/manifests/feature/idomysql.pp_(IaC)_', 'puppet-icinga2/manifests/feature/idopgsql.pp_(IaC)_', 'puppet-icinga2/manifests/feature/influxdb.pp_(IaC)_', 'puppet-icinga2/manifests/feature/influxdb2.pp_(IaC)_', 'puppet-icinga2/manifests/feature/livestatus.pp_(IaC)_', 'puppet-icinga2/manifests/feature/mainlog.pp_(IaC)_', 'puppet-icinga2/manifests/feature/notification.pp_(IaC)_', 'puppet-icinga2/manifests/feature/opentsdb.pp_(IaC)_', 'puppet-icinga2/manifests/feature/perfdata.pp_(IaC)_', 'puppet-icinga2/manifests/feature/statusdata.pp_(IaC)_', 'puppet-icinga2/manifests/feature/syslog.pp_(IaC)_', 'puppet-icinga2/manifests/feature/windowseventlog.pp_(IaC)_', 'puppet-icinga2/manifests/globals.pp_(IaC)_', 'puppet-icinga2/manifests/init.pp_(IaC)_', 'puppet-icinga2/manifests/object.pp_(IaC)_', 'puppet-icinga2/manifests/object/apiuser.pp_(IaC)_', 'puppet-icinga2/manifests/object/checkcommand.pp_(IaC)_', 'puppet-icinga2/manifests/object/checkresultreader.pp_(IaC)_', 'puppet-icinga2/manifests/object/dependency.pp_(IaC)_', 'puppet-icinga2/manifests/object/endpoint.pp_(IaC)_', 'puppet-icinga2/manifests/object/eventcommand.pp_(IaC)_', 'puppet-icinga2/manifests/object/host.pp_(IaC)_', 'puppet-icinga2/manifests/object/hostgroup.pp_(IaC)_', 'puppet-icinga2/manifests/object/notification.pp_(IaC)_', 'puppet-icinga2/manifests/object/notificationcommand.pp_(IaC)_', 'puppet-icinga2/manifests/object/scheduleddowntime.pp_(IaC)_', 'puppet-icinga2/manifests/object/service.pp_(IaC)_', 'puppet-icinga2/manifests/object/servicegroup.pp_(IaC)_', 'puppet-icinga2/manifests/object/timeperiod.pp_(IaC)_', 'puppet-icinga2/manifests/object/user.pp_(IaC)_', 'puppet-icinga2/manifests/object/usergroup.pp_(IaC)_', 'puppet-icinga2/manifests/object/zone.pp_(IaC)_', 'puppet-icinga2/manifests/pki/ca.pp_(IaC)_'], ['puppet-icinga2/manifests/object/apiuser.pp_(IaC)_', 'puppet-icinga2/manifests/object/checkcommand.pp_(IaC)_', 'puppet-icinga2/manifests/object/dependency.pp_(IaC)_', 'puppet-icinga2/manifests/object/endpoint.pp_(IaC)_', 'puppet-icinga2/manifests/object/eventcommand.pp_(IaC)_', 'puppet-icinga2/manifests/object/host.pp_(IaC)_', 'puppet-icinga2/manifests/object/hostgroup.pp_(IaC)_', 'puppet-icinga2/manifests/object/notification.pp_(IaC)_', 'puppet-icinga2/manifests/object/notificationcommand.pp_(IaC)_', 'puppet-icinga2/manifests/object/scheduleddowntime.pp_(IaC)_', 'puppet-icinga2/manifests/object/service.pp_(IaC)_', 'puppet-icinga2/manifests/object/servicegroup.pp_(IaC)_', 'puppet-icinga2/manifests/object/timeperiod.pp_(IaC)_', 'puppet-icinga2/manifests/object/user.pp_(IaC)_', 'puppet-icinga2/manifests/object/usergroup.pp_(IaC)_', 'puppet-icinga2/manifests/object/zone.pp_(IaC)_', 'puppet-icinga2/manifests/query_objects.pp_(IaC)_', 'puppet-icinga2/metadata.json_(Other)_', 'puppet-icinga2/spec/defines/objects_spec.rb_(Other)_', 'puppet-icinga2/templates/object.conf.epp_(Other)_', 'puppet-icinga2/templates/objects.epp_(Other)_']]","['e45aa8bc8d34646d4bc04024270810ba5af2cc80', '1a9648985cb25ea20f754c19db08385461238e9d', '63b3349774b18a4e1848954acc437fc2539953fc']","[0.0, 1.0, 1.0]","[0.0, 0.06976744186046512, 0.14285714285714285]","[0, 0.13043478260869565, 0.25]","[0, 1, 1]","[0, 1.0, 1.0]"
"[3, 3, 3]","[[125, 109, 115, 110, 121, 116, 122, 117, 113, 119, 111, 11], [125, 109, 115, 110, 121, 116, 122, 117, 113, 119, 111, 11], [125, 109, 115, 110, 121, 116, 122, 117, 113, 119, 111, 11]]","[['puppet-icinga2/manifests/object/checkcommand.pp_(IaC)_', 'puppet-icinga2/manifests/object/timeperiod.pp_(IaC)_', 'puppet-icinga2/manifests/object/host.pp_(IaC)_', 'puppet-icinga2/manifests/object/user.pp_(IaC)_', 'puppet-icinga2/manifests/object/endpoint.pp_(IaC)_', 'puppet-icinga2/manifests/object/notification.pp_(IaC)_', 'puppet-icinga2/manifests/object/notificationcommand.pp_(IaC)_', 'puppet-icinga2/manifests/object/servicegroup.pp_(IaC)_', 'puppet-icinga2/manifests/object/eventcommand.pp_(IaC)_', 'puppet-icinga2/manifests/object/icingaapplication.pp_(IaC)_', 'puppet-icinga2/manifests/object/service.pp_(IaC)_', 'puppet-icinga2/types/customattributes.pp_(IaC)_'], ['puppet-icinga2/manifests/object/checkcommand.pp_(IaC)_', 'puppet-icinga2/manifests/object/timeperiod.pp_(IaC)_', 'puppet-icinga2/manifests/object/host.pp_(IaC)_', 'puppet-icinga2/manifests/object/user.pp_(IaC)_', 'puppet-icinga2/manifests/object/endpoint.pp_(IaC)_', 'puppet-icinga2/manifests/object/notification.pp_(IaC)_', 'puppet-icinga2/manifests/object/notificationcommand.pp_(IaC)_', 'puppet-icinga2/manifests/object/servicegroup.pp_(IaC)_', 'puppet-icinga2/manifests/object/eventcommand.pp_(IaC)_', 'puppet-icinga2/manifests/object/icingaapplication.pp_(IaC)_', 'puppet-icinga2/manifests/object/service.pp_(IaC)_', 'puppet-icinga2/types/customattributes.pp_(IaC)_'], ['puppet-icinga2/manifests/object/checkcommand.pp_(IaC)_', 'puppet-icinga2/manifests/object/timeperiod.pp_(IaC)_', 'puppet-icinga2/manifests/object/host.pp_(IaC)_', 'puppet-icinga2/manifests/object/user.pp_(IaC)_', 'puppet-icinga2/manifests/object/endpoint.pp_(IaC)_', 'puppet-icinga2/manifests/object/notification.pp_(IaC)_', 'puppet-icinga2/manifests/object/notificationcommand.pp_(IaC)_', 'puppet-icinga2/manifests/object/servicegroup.pp_(IaC)_', 'puppet-icinga2/manifests/object/eventcommand.pp_(IaC)_', 'puppet-icinga2/manifests/object/icingaapplication.pp_(IaC)_', 'puppet-icinga2/manifests/object/service.pp_(IaC)_', 'puppet-icinga2/types/customattributes.pp_(IaC)_']]","[['puppet-icinga2/manifests/feature/gelf.pp_(IaC)_', 'puppet-icinga2/spec/classes/influxdb2_spec.rb_(Other)_', 'puppet-icinga2/spec/classes/windowseventlog_spec.rb_(Other)_', 'puppet-icinga2/types/logfacility.pp_(IaC)_'], ['puppet-icinga2/manifests/config/fragment.pp_(IaC)_', 'puppet-icinga2/manifests/feature/api.pp_(IaC)_', 'puppet-icinga2/manifests/feature/checker.pp_(IaC)_', 'puppet-icinga2/manifests/feature/command.pp_(IaC)_', 'puppet-icinga2/manifests/feature/compatlog.pp_(IaC)_', 'puppet-icinga2/manifests/feature/debuglog.pp_(IaC)_', 'puppet-icinga2/manifests/feature/elasticsearch.pp_(IaC)_', 'puppet-icinga2/manifests/feature/gelf.pp_(IaC)_', 'puppet-icinga2/manifests/feature/graphite.pp_(IaC)_', 'puppet-icinga2/manifests/feature/icingadb.pp_(IaC)_', 'puppet-icinga2/manifests/feature/idomysql.pp_(IaC)_', 'puppet-icinga2/manifests/feature/idopgsql.pp_(IaC)_', 'puppet-icinga2/manifests/feature/influxdb.pp_(IaC)_', 'puppet-icinga2/manifests/feature/influxdb2.pp_(IaC)_', 'puppet-icinga2/manifests/feature/livestatus.pp_(IaC)_', 'puppet-icinga2/manifests/feature/mainlog.pp_(IaC)_', 'puppet-icinga2/manifests/feature/notification.pp_(IaC)_', 'puppet-icinga2/manifests/feature/opentsdb.pp_(IaC)_', 'puppet-icinga2/manifests/feature/perfdata.pp_(IaC)_', 'puppet-icinga2/manifests/feature/statusdata.pp_(IaC)_', 'puppet-icinga2/manifests/feature/syslog.pp_(IaC)_', 'puppet-icinga2/manifests/feature/windowseventlog.pp_(IaC)_', 'puppet-icinga2/manifests/globals.pp_(IaC)_', 'puppet-icinga2/manifests/init.pp_(IaC)_', 'puppet-icinga2/manifests/object.pp_(IaC)_', 'puppet-icinga2/manifests/object/apiuser.pp_(IaC)_', 'puppet-icinga2/manifests/object/checkcommand.pp_(IaC)_', 'puppet-icinga2/manifests/object/checkresultreader.pp_(IaC)_', 'puppet-icinga2/manifests/object/dependency.pp_(IaC)_', 'puppet-icinga2/manifests/object/endpoint.pp_(IaC)_', 'puppet-icinga2/manifests/object/eventcommand.pp_(IaC)_', 'puppet-icinga2/manifests/object/host.pp_(IaC)_', 'puppet-icinga2/manifests/object/hostgroup.pp_(IaC)_', 'puppet-icinga2/manifests/object/notification.pp_(IaC)_', 'puppet-icinga2/manifests/object/notificationcommand.pp_(IaC)_', 'puppet-icinga2/manifests/object/scheduleddowntime.pp_(IaC)_', 'puppet-icinga2/manifests/object/service.pp_(IaC)_', 'puppet-icinga2/manifests/object/servicegroup.pp_(IaC)_', 'puppet-icinga2/manifests/object/timeperiod.pp_(IaC)_', 'puppet-icinga2/manifests/object/user.pp_(IaC)_', 'puppet-icinga2/manifests/object/usergroup.pp_(IaC)_', 'puppet-icinga2/manifests/object/zone.pp_(IaC)_', 'puppet-icinga2/manifests/pki/ca.pp_(IaC)_'], ['puppet-icinga2/manifests/object/apiuser.pp_(IaC)_', 'puppet-icinga2/manifests/object/checkcommand.pp_(IaC)_', 'puppet-icinga2/manifests/object/dependency.pp_(IaC)_', 'puppet-icinga2/manifests/object/endpoint.pp_(IaC)_', 'puppet-icinga2/manifests/object/eventcommand.pp_(IaC)_', 'puppet-icinga2/manifests/object/host.pp_(IaC)_', 'puppet-icinga2/manifests/object/hostgroup.pp_(IaC)_', 'puppet-icinga2/manifests/object/notification.pp_(IaC)_', 'puppet-icinga2/manifests/object/notificationcommand.pp_(IaC)_', 'puppet-icinga2/manifests/object/scheduleddowntime.pp_(IaC)_', 'puppet-icinga2/manifests/object/service.pp_(IaC)_', 'puppet-icinga2/manifests/object/servicegroup.pp_(IaC)_', 'puppet-icinga2/manifests/object/timeperiod.pp_(IaC)_', 'puppet-icinga2/manifests/object/user.pp_(IaC)_', 'puppet-icinga2/manifests/object/usergroup.pp_(IaC)_', 'puppet-icinga2/manifests/object/zone.pp_(IaC)_', 'puppet-icinga2/manifests/query_objects.pp_(IaC)_', 'puppet-icinga2/metadata.json_(Other)_', 'puppet-icinga2/spec/defines/objects_spec.rb_(Other)_', 'puppet-icinga2/templates/object.conf.epp_(Other)_', 'puppet-icinga2/templates/objects.epp_(Other)_']]","['e45aa8bc8d34646d4bc04024270810ba5af2cc80', '1a9648985cb25ea20f754c19db08385461238e9d', '63b3349774b18a4e1848954acc437fc2539953fc']","[0.0, 1.0, 1.0]","[0.0, 0.06976744186046512, 0.14285714285714285]","[0, 0.13043478260869565, 0.25]","[0, 1, 1]","[0, 1.0, 1.0]"
"[3, 3, 3]","[[113, 119, 121, 123, 122, 11, 124, 125, 116, 111, 110, 109, 115, 114, 117], [113, 119, 121, 123, 122, 11, 124, 125, 116, 111, 110, 109, 115, 114, 117], [113, 119, 121, 123, 122, 11, 124, 125, 116, 111, 110, 109, 115, 114, 117]]","[['puppet-icinga2/manifests/object/eventcommand.pp_(IaC)_', 'puppet-icinga2/manifests/object/icingaapplication.pp_(IaC)_', 'puppet-icinga2/manifests/object/endpoint.pp_(IaC)_', 'puppet-icinga2/manifests/object/zone.pp_(IaC)_', 'puppet-icinga2/manifests/object/notificationcommand.pp_(IaC)_', 'puppet-icinga2/types/customattributes.pp_(IaC)_', 'puppet-icinga2/manifests/object/dependency.pp_(IaC)_', 'puppet-icinga2/manifests/object/checkcommand.pp_(IaC)_', 'puppet-icinga2/manifests/object/notification.pp_(IaC)_', 'puppet-icinga2/manifests/object/service.pp_(IaC)_', 'puppet-icinga2/manifests/object/user.pp_(IaC)_', 'puppet-icinga2/manifests/object/timeperiod.pp_(IaC)_', 'puppet-icinga2/manifests/object/host.pp_(IaC)_', 'puppet-icinga2/manifests/object/scheduleddowntime.pp_(IaC)_', 'puppet-icinga2/manifests/object/servicegroup.pp_(IaC)_'], ['puppet-icinga2/manifests/object/eventcommand.pp_(IaC)_', 'puppet-icinga2/manifests/object/icingaapplication.pp_(IaC)_', 'puppet-icinga2/manifests/object/endpoint.pp_(IaC)_', 'puppet-icinga2/manifests/object/zone.pp_(IaC)_', 'puppet-icinga2/manifests/object/notificationcommand.pp_(IaC)_', 'puppet-icinga2/types/customattributes.pp_(IaC)_', 'puppet-icinga2/manifests/object/dependency.pp_(IaC)_', 'puppet-icinga2/manifests/object/checkcommand.pp_(IaC)_', 'puppet-icinga2/manifests/object/notification.pp_(IaC)_', 'puppet-icinga2/manifests/object/service.pp_(IaC)_', 'puppet-icinga2/manifests/object/user.pp_(IaC)_', 'puppet-icinga2/manifests/object/timeperiod.pp_(IaC)_', 'puppet-icinga2/manifests/object/host.pp_(IaC)_', 'puppet-icinga2/manifests/object/scheduleddowntime.pp_(IaC)_', 'puppet-icinga2/manifests/object/servicegroup.pp_(IaC)_'], ['puppet-icinga2/manifests/object/eventcommand.pp_(IaC)_', 'puppet-icinga2/manifests/object/icingaapplication.pp_(IaC)_', 'puppet-icinga2/manifests/object/endpoint.pp_(IaC)_', 'puppet-icinga2/manifests/object/zone.pp_(IaC)_', 'puppet-icinga2/manifests/object/notificationcommand.pp_(IaC)_', 'puppet-icinga2/types/customattributes.pp_(IaC)_', 'puppet-icinga2/manifests/object/dependency.pp_(IaC)_', 'puppet-icinga2/manifests/object/checkcommand.pp_(IaC)_', 'puppet-icinga2/manifests/object/notification.pp_(IaC)_', 'puppet-icinga2/manifests/object/service.pp_(IaC)_', 'puppet-icinga2/manifests/object/user.pp_(IaC)_', 'puppet-icinga2/manifests/object/timeperiod.pp_(IaC)_', 'puppet-icinga2/manifests/object/host.pp_(IaC)_', 'puppet-icinga2/manifests/object/scheduleddowntime.pp_(IaC)_', 'puppet-icinga2/manifests/object/servicegroup.pp_(IaC)_']]","[['puppet-icinga2/manifests/feature/gelf.pp_(IaC)_', 'puppet-icinga2/spec/classes/influxdb2_spec.rb_(Other)_', 'puppet-icinga2/spec/classes/windowseventlog_spec.rb_(Other)_', 'puppet-icinga2/types/logfacility.pp_(IaC)_'], ['puppet-icinga2/manifests/config/fragment.pp_(IaC)_', 'puppet-icinga2/manifests/feature/api.pp_(IaC)_', 'puppet-icinga2/manifests/feature/checker.pp_(IaC)_', 'puppet-icinga2/manifests/feature/command.pp_(IaC)_', 'puppet-icinga2/manifests/feature/compatlog.pp_(IaC)_', 'puppet-icinga2/manifests/feature/debuglog.pp_(IaC)_', 'puppet-icinga2/manifests/feature/elasticsearch.pp_(IaC)_', 'puppet-icinga2/manifests/feature/gelf.pp_(IaC)_', 'puppet-icinga2/manifests/feature/graphite.pp_(IaC)_', 'puppet-icinga2/manifests/feature/icingadb.pp_(IaC)_', 'puppet-icinga2/manifests/feature/idomysql.pp_(IaC)_', 'puppet-icinga2/manifests/feature/idopgsql.pp_(IaC)_', 'puppet-icinga2/manifests/feature/influxdb.pp_(IaC)_', 'puppet-icinga2/manifests/feature/influxdb2.pp_(IaC)_', 'puppet-icinga2/manifests/feature/livestatus.pp_(IaC)_', 'puppet-icinga2/manifests/feature/mainlog.pp_(IaC)_', 'puppet-icinga2/manifests/feature/notification.pp_(IaC)_', 'puppet-icinga2/manifests/feature/opentsdb.pp_(IaC)_', 'puppet-icinga2/manifests/feature/perfdata.pp_(IaC)_', 'puppet-icinga2/manifests/feature/statusdata.pp_(IaC)_', 'puppet-icinga2/manifests/feature/syslog.pp_(IaC)_', 'puppet-icinga2/manifests/feature/windowseventlog.pp_(IaC)_', 'puppet-icinga2/manifests/globals.pp_(IaC)_', 'puppet-icinga2/manifests/init.pp_(IaC)_', 'puppet-icinga2/manifests/object.pp_(IaC)_', 'puppet-icinga2/manifests/object/apiuser.pp_(IaC)_', 'puppet-icinga2/manifests/object/checkcommand.pp_(IaC)_', 'puppet-icinga2/manifests/object/checkresultreader.pp_(IaC)_', 'puppet-icinga2/manifests/object/dependency.pp_(IaC)_', 'puppet-icinga2/manifests/object/endpoint.pp_(IaC)_', 'puppet-icinga2/manifests/object/eventcommand.pp_(IaC)_', 'puppet-icinga2/manifests/object/host.pp_(IaC)_', 'puppet-icinga2/manifests/object/hostgroup.pp_(IaC)_', 'puppet-icinga2/manifests/object/notification.pp_(IaC)_', 'puppet-icinga2/manifests/object/notificationcommand.pp_(IaC)_', 'puppet-icinga2/manifests/object/scheduleddowntime.pp_(IaC)_', 'puppet-icinga2/manifests/object/service.pp_(IaC)_', 'puppet-icinga2/manifests/object/servicegroup.pp_(IaC)_', 'puppet-icinga2/manifests/object/timeperiod.pp_(IaC)_', 'puppet-icinga2/manifests/object/user.pp_(IaC)_', 'puppet-icinga2/manifests/object/usergroup.pp_(IaC)_', 'puppet-icinga2/manifests/object/zone.pp_(IaC)_', 'puppet-icinga2/manifests/pki/ca.pp_(IaC)_'], ['puppet-icinga2/manifests/object/apiuser.pp_(IaC)_', 'puppet-icinga2/manifests/object/checkcommand.pp_(IaC)_', 'puppet-icinga2/manifests/object/dependency.pp_(IaC)_', 'puppet-icinga2/manifests/object/endpoint.pp_(IaC)_', 'puppet-icinga2/manifests/object/eventcommand.pp_(IaC)_', 'puppet-icinga2/manifests/object/host.pp_(IaC)_', 'puppet-icinga2/manifests/object/hostgroup.pp_(IaC)_', 'puppet-icinga2/manifests/object/notification.pp_(IaC)_', 'puppet-icinga2/manifests/object/notificationcommand.pp_(IaC)_', 'puppet-icinga2/manifests/object/scheduleddowntime.pp_(IaC)_', 'puppet-icinga2/manifests/object/service.pp_(IaC)_', 'puppet-icinga2/manifests/object/servicegroup.pp_(IaC)_', 'puppet-icinga2/manifests/object/timeperiod.pp_(IaC)_', 'puppet-icinga2/manifests/object/user.pp_(IaC)_', 'puppet-icinga2/manifests/object/usergroup.pp_(IaC)_', 'puppet-icinga2/manifests/object/zone.pp_(IaC)_', 'puppet-icinga2/manifests/query_objects.pp_(IaC)_', 'puppet-icinga2/metadata.json_(Other)_', 'puppet-icinga2/spec/defines/objects_spec.rb_(Other)_', 'puppet-icinga2/templates/object.conf.epp_(Other)_', 'puppet-icinga2/templates/objects.epp_(Other)_']]","['e45aa8bc8d34646d4bc04024270810ba5af2cc80', '1a9648985cb25ea20f754c19db08385461238e9d', '63b3349774b18a4e1848954acc437fc2539953fc']","[0.0, 0.6666666666666666, 0.6666666666666666]","[0.0, 0.046511627906976744, 0.09523809523809523]","[0, 0.08695652173913045, 0.16666666666666666]","[0, 1, 1]","[0, 1.0, 1.0]"
