IaC file,Iteration,best_fitness,Best_individual
algo/roles/wireguard/tasks/ubuntu.yml_(IaC)_,24,0.09439146064347247,"[91, 43, 76, 49, 114, 19, 116, 86, 23, 88, 123]"
