NB_recommended_files,Best_solution,Recommended_files,Co_modified_files,Commits_hash,PRECISION,RECALL,FSCORE,SUCCESS_RATE,MRR
[10],"[[483, 484, 389, 421, 231, 240, 338, 121, 411, 350]]","[['matrix-docker-ansible-deploy/roles/custom/matrix-synapse/tasks/synapse/setup_install.yml_(IaC)_', 'matrix-docker-ansible-deploy/roles/custom/matrix-synapse/tasks/synapse/workers/setup_uninstall.yml_(IaC)_', 'matrix-docker-ansible-deploy/roles/custom/matrix-mailer/tasks/setup_install.yml_(IaC)_', 'matrix-docker-ansible-deploy/roles/custom/matrix-bridge-hookshot/tasks/setup_install.yml_(IaC)_', 'matrix-docker-ansible-deploy/roles/custom/matrix-nginx-proxy/tasks/main.yml_(IaC)_', 'matrix-docker-ansible-deploy/roles/custom/matrix-nginx-proxy/tasks/nginx-proxy/setup_metrics_auth.yml_(IaC)_', 'matrix-docker-ansible-deploy/roles/custom/matrix-user-verification-service/tasks/setup_uninstall.yml_(IaC)_', 'matrix-docker-ansible-deploy/roles/custom/matrix-bridge-mautrix-slack/tasks/setup_install.yml_(IaC)_', 'matrix-docker-ansible-deploy/roles/custom/matrix-user-creator/tasks/setup.yml_(IaC)_', 'matrix-docker-ansible-deploy/roles/custom/matrix-registration/tasks/main.yml_(IaC)_']]",[['matrix-docker-ansible-deploy/roles/custom/matrix-conduit/defaults/main.yml_(Other)_']],['cdd23aafc6931aa9f6902a03f40fe0dc8e09d264'],[0.0],[0.0],[0],[0],[0]
[10],"[[609, 389, 415, 616, 556, 14, 114, 84, 277, 505, 351]]","[['matrix-docker-ansible-deploy/roles/custom/matrix-bridge-mautrix-twitter/tasks/setup_install.yml_(IaC)_', 'matrix-docker-ansible-deploy/roles/custom/matrix-mailer/tasks/setup_install.yml_(IaC)_', 'matrix-docker-ansible-deploy/roles/custom/matrix-user-creator/tasks/util/ensure_user_registered_conduit.yml_(IaC)_', 'matrix-docker-ansible-deploy/roles/custom/matrix-coturn/tasks/setup_install.yml_(IaC)_', 'matrix-docker-ansible-deploy/roles/custom/matrix-dendrite/tasks/setup_install.yml_(IaC)_', 'matrix-docker-ansible-deploy/roles/custom/matrix-client-element/defaults/main.yml_(Other)_', 'matrix-docker-ansible-deploy/roles/custom/matrix-bot-chatgpt/tasks/install.yml_(IaC)_', 'matrix-docker-ansible-deploy/roles/custom/matrix-sygnal/tasks/install.yml_(IaC)_', 'matrix-docker-ansible-deploy/roles/custom/matrix-bridge-heisenbridge/tasks/setup_uninstall.yml_(IaC)_', 'matrix-docker-ansible-deploy/roles/custom/matrix-synapse/templates/synapse/ext/s3-storage-provider/systemd/matrix-synapse-s3-storage-provider-migrate.service.j2_(Other)_', 'matrix-docker-ansible-deploy/roles/custom/matrix-registration/defaults/main.yml_(Other)_']]",[['matrix-docker-ansible-deploy/roles/custom/matrix-conduit/defaults/main.yml_(Other)_']],['cdd23aafc6931aa9f6902a03f40fe0dc8e09d264'],[0.0],[0.0],[0],[0],[0]
[10],"[[324, 517, 137, 555, 556, 178, 437, 280, 380, 509, 607]]","[['matrix-docker-ansible-deploy/roles/custom/matrix-bridge-beeper-linkedin/tasks/setup_install.yml_(IaC)_', 'matrix-docker-ansible-deploy/roles/custom/matrix-rageshake/tasks/install.yml_(IaC)_', 'matrix-docker-ansible-deploy/roles/custom/matrix-prometheus-nginxlog-exporter/tasks/setup_install.yml_(IaC)_', 'matrix-docker-ansible-deploy/roles/custom/matrix-dendrite/tasks/register_user.yml_(IaC)_', 'matrix-docker-ansible-deploy/roles/custom/matrix-dendrite/tasks/setup_install.yml_(IaC)_', 'matrix-docker-ansible-deploy/roles/custom/matrix-email2matrix/tasks/setup_install.yml_(IaC)_', 'matrix-docker-ansible-deploy/roles/custom/matrix-ldap-registration-proxy/tasks/setup_install.yml_(IaC)_', 'matrix-docker-ansible-deploy/roles/custom/matrix-bridge-heisenbridge/defaults/main.yml_(Other)_', 'matrix-docker-ansible-deploy/roles/custom/matrix-bridge-mautrix-instagram/tasks/validate_config.yml_(IaC)_', 'matrix-docker-ansible-deploy/roles/custom/matrix-bridge-mx-puppet-slack/tasks/inject_into_nginx_proxy.yml_(IaC)_', 'matrix-docker-ansible-deploy/roles/custom/matrix-bridge-mautrix-twitter/tasks/setup_uninstall.yml_(IaC)_']]",[['matrix-docker-ansible-deploy/roles/custom/matrix-conduit/defaults/main.yml_(Other)_']],['cdd23aafc6931aa9f6902a03f40fe0dc8e09d264'],[0.0],[0.0],[0],[0],[0]
[10],"[[129, 163, 324, 107, 429, 305, 83, 374, 407, 598]]","[['matrix-docker-ansible-deploy/roles/custom/matrix-bridge-mautrix-whatsapp/tasks/setup_install.yml_(IaC)_', 'matrix-docker-ansible-deploy/roles/custom/matrix-bridge-mautrix-facebook/tasks/setup_install.yml_(IaC)_', 'matrix-docker-ansible-deploy/roles/custom/matrix-bridge-beeper-linkedin/tasks/setup_install.yml_(IaC)_', 'matrix-docker-ansible-deploy/roles/custom/matrix-bridge-mx-puppet-steam/tasks/setup_install.yml_(IaC)_', 'matrix-docker-ansible-deploy/roles/custom/matrix-bridge-mautrix-discord/tasks/setup_install.yml_(IaC)_', 'matrix-docker-ansible-deploy/roles/custom/matrix-bridge-mx-puppet-groupme/defaults/main.yml_(Other)_', 'matrix-docker-ansible-deploy/roles/custom/matrix-sygnal/tasks/uninstall.yml_(IaC)_', 'matrix-docker-ansible-deploy/roles/custom/matrix-ma1sd/tasks/setup_install.yml_(IaC)_', 'matrix-docker-ansible-deploy/roles/custom/matrix-bridge-appservice-slack/defaults/main.yml_(Other)_', 'matrix-docker-ansible-deploy/roles/custom/matrix-bridge-mautrix-signal/tasks/setup_install.yml_(IaC)_']]",[['matrix-docker-ansible-deploy/roles/custom/matrix-conduit/defaults/main.yml_(Other)_']],['cdd23aafc6931aa9f6902a03f40fe0dc8e09d264'],[0.0],[0.0],[0],[0],[0]
[10],"[[38, 12, 525, 177, 212, 564, 22, 215, 186, 189]]","[['matrix-docker-ansible-deploy/roles/custom/matrix-dynamic-dns/tasks/setup_install.yml_(IaC)_', 'matrix-docker-ansible-deploy/roles/custom/matrix-client-element/tasks/setup_install.yml_(IaC)_', 'matrix-docker-ansible-deploy/roles/custom/matrix-bridge-appservice-webhooks/tasks/inject_into_nginx_proxy.yml_(IaC)_', 'matrix-docker-ansible-deploy/roles/custom/matrix-email2matrix/tasks/setup_uninstall.yml_(IaC)_', 'matrix-docker-ansible-deploy/roles/custom/matrix-bot-mjolnir/tasks/setup_install.yml_(IaC)_', 'matrix-docker-ansible-deploy/roles/custom/matrix-bridge-appservice-irc/tasks/setup_uninstall.yml_(IaC)_', 'matrix-docker-ansible-deploy/roles/custom/matrix-conduit/tasks/setup_uninstall.yml_(IaC)_', 'matrix-docker-ansible-deploy/roles/custom/matrix-bot-mjolnir/templates/production.yaml.j2_(Other)_', 'matrix-docker-ansible-deploy/roles/custom/matrix-dimension/tasks/setup_install.yml_(IaC)_', 'matrix-docker-ansible-deploy/roles/custom/matrix-dimension/templates/config.yaml.j2_(Other)_']]",[['matrix-docker-ansible-deploy/roles/custom/matrix-conduit/defaults/main.yml_(Other)_']],['cdd23aafc6931aa9f6902a03f40fe0dc8e09d264'],[0.0],[0.0],[0],[0],[0]
[10],"[[38, 396, 141, 429, 206, 374, 376, 58, 444, 253]]","[['matrix-docker-ansible-deploy/roles/custom/matrix-dynamic-dns/tasks/setup_install.yml_(IaC)_', 'matrix-docker-ansible-deploy/roles/custom/matrix-bot-matrix-registration-bot/tasks/setup_install.yml_(IaC)_', 'matrix-docker-ansible-deploy/roles/custom/matrix-prometheus-nginxlog-exporter/templates/nginx-proxy.json_(Other)_', 'matrix-docker-ansible-deploy/roles/custom/matrix-bridge-mautrix-discord/tasks/setup_install.yml_(IaC)_', 'matrix-docker-ansible-deploy/roles/custom/matrix-client-hydrogen/templates/nginx.conf.j2_(Other)_', 'matrix-docker-ansible-deploy/roles/custom/matrix-ma1sd/tasks/setup_install.yml_(IaC)_', 'matrix-docker-ansible-deploy/roles/custom/matrix-ma1sd/tasks/util/ensure_gradle_installed_archlinux.yml_(IaC)_', 'matrix-docker-ansible-deploy/roles/custom/matrix-synapse-auto-compressor/tasks/install.yml_(IaC)_', 'matrix-docker-ansible-deploy/roles/custom/matrix-bridge-go-skype-bridge/tasks/setup_install.yml_(IaC)_', 'matrix-docker-ansible-deploy/roles/custom/matrix-nginx-proxy/templates/nginx/conf.d/matrix-dendrite.conf.j2_(Other)_']]",[['matrix-docker-ansible-deploy/roles/custom/matrix-conduit/defaults/main.yml_(Other)_']],['cdd23aafc6931aa9f6902a03f40fe0dc8e09d264'],[0.0],[0.0],[0],[0],[0]
[10],"[[389, 186, 345, 42, 272, 596, 24, 441, 154, 255]]","[['matrix-docker-ansible-deploy/roles/custom/matrix-mailer/tasks/setup_install.yml_(IaC)_', 'matrix-docker-ansible-deploy/roles/custom/matrix-dimension/tasks/setup_install.yml_(IaC)_', 'matrix-docker-ansible-deploy/roles/custom/matrix-registration/tasks/setup_uninstall.yml_(IaC)_', 'matrix-docker-ansible-deploy/roles/custom/matrix-dynamic-dns/templates/systemd/matrix-dynamic-dns.service.j2_(Other)_', 'matrix-docker-ansible-deploy/roles/custom/matrix-corporal/tasks/setup_install.yml_(IaC)_', 'matrix-docker-ansible-deploy/roles/custom/matrix-bridge-mautrix-signal/tasks/setup_uninstall.yml_(IaC)_', 'matrix-docker-ansible-deploy/roles/custom/matrix-conduit/tasks/main.yml_(IaC)_', 'matrix-docker-ansible-deploy/roles/custom/matrix-ldap-registration-proxy/templates/systemd/matrix-ldap-registration-proxy.service.j2_(Other)_', 'matrix-docker-ansible-deploy/roles/custom/matrix-bot-postmoogle/tasks/setup_uninstall.yml_(IaC)_', 'matrix-docker-ansible-deploy/roles/custom/matrix-nginx-proxy/templates/nginx/conf.d/matrix-client-element.conf.j2_(Other)_']]",[['matrix-docker-ansible-deploy/roles/custom/matrix-conduit/defaults/main.yml_(Other)_']],['cdd23aafc6931aa9f6902a03f40fe0dc8e09d264'],[0.0],[0.0],[0],[0],[0]
[10],"[[290, 202, 364, 396, 526, 397, 308, 599, 58, 284]]","[['matrix-docker-ansible-deploy/roles/custom/matrix-synapse-reverse-proxy-companion/tasks/setup_install.yml_(IaC)_', 'matrix-docker-ansible-deploy/roles/custom/matrix-client-hydrogen/tasks/self_check.yml_(IaC)_', 'matrix-docker-ansible-deploy/roles/custom/matrix-cactus-comments/tasks/setup_install.yml_(IaC)_', 'matrix-docker-ansible-deploy/roles/custom/matrix-bot-matrix-registration-bot/tasks/setup_install.yml_(IaC)_', 'matrix-docker-ansible-deploy/roles/custom/matrix-bridge-appservice-webhooks/tasks/setup_install.yml_(IaC)_', 'matrix-docker-ansible-deploy/roles/custom/matrix-bot-matrix-registration-bot/tasks/main.yml_(IaC)_', 'matrix-docker-ansible-deploy/roles/custom/matrix-bridge-appservice-discord/tasks/validate_config.yml_(IaC)_', 'matrix-docker-ansible-deploy/roles/custom/matrix-bridge-mautrix-signal/tasks/main.yml_(IaC)_', 'matrix-docker-ansible-deploy/roles/custom/matrix-synapse-auto-compressor/tasks/install.yml_(IaC)_', 'matrix-docker-ansible-deploy/roles/custom/matrix-bot-matrix-reminder-bot/tasks/setup_install.yml_(IaC)_']]",[['matrix-docker-ansible-deploy/roles/custom/matrix-conduit/defaults/main.yml_(Other)_']],['cdd23aafc6931aa9f6902a03f40fe0dc8e09d264'],[0.0],[0.0],[0],[0],[0]
[10],"[[609, 485, 37, 12, 396, 526, 272, 593, 309, 153, 347, 188]]","[['matrix-docker-ansible-deploy/roles/custom/matrix-bridge-mautrix-twitter/tasks/setup_install.yml_(IaC)_', 'matrix-docker-ansible-deploy/roles/custom/matrix-synapse/tasks/synapse/workers/setup_install.yml_(IaC)_', 'matrix-docker-ansible-deploy/roles/custom/matrix-dynamic-dns/tasks/setup_uninstall.yml_(IaC)_', 'matrix-docker-ansible-deploy/roles/custom/matrix-client-element/tasks/setup_install.yml_(IaC)_', 'matrix-docker-ansible-deploy/roles/custom/matrix-bot-matrix-registration-bot/tasks/setup_install.yml_(IaC)_', 'matrix-docker-ansible-deploy/roles/custom/matrix-bridge-appservice-webhooks/tasks/setup_install.yml_(IaC)_', 'matrix-docker-ansible-deploy/roles/custom/matrix-corporal/tasks/setup_install.yml_(IaC)_', 'matrix-docker-ansible-deploy/roles/custom/matrix-prometheus-services-proxy-connect/tasks/prometheus-postgres-exporter/inject_into_nginx_proxy.yml_(IaC)_', 'matrix-docker-ansible-deploy/roles/custom/matrix-bridge-appservice-discord/tasks/setup_uninstall.yml_(IaC)_', 'matrix-docker-ansible-deploy/roles/custom/matrix-bot-postmoogle/tasks/validate_config.yml_(IaC)_', 'matrix-docker-ansible-deploy/roles/custom/matrix-registration/tasks/inject_into_nginx_proxy.yml_(IaC)_', 'matrix-docker-ansible-deploy/roles/custom/matrix-dimension/defaults/main.yml_(Other)_']]",[['matrix-docker-ansible-deploy/roles/custom/matrix-conduit/defaults/main.yml_(Other)_']],['cdd23aafc6931aa9f6902a03f40fe0dc8e09d264'],[0.0],[0.0],[0],[0],[0]
[10],"[[481, 66, 389, 581, 39, 29, 284, 444, 413, 63]]","[['matrix-docker-ansible-deploy/roles/custom/matrix-synapse/tasks/synapse/setup_uninstall.yml_(IaC)_', 'matrix-docker-ansible-deploy/roles/custom/matrix-bridge-appservice-kakaotalk/tasks/setup_install.yml_(IaC)_', 'matrix-docker-ansible-deploy/roles/custom/matrix-mailer/tasks/setup_install.yml_(IaC)_', 'matrix-docker-ansible-deploy/roles/custom/matrix-bridge-mautrix-hangouts/tasks/setup_install.yml_(IaC)_', 'matrix-docker-ansible-deploy/roles/custom/matrix-dynamic-dns/tasks/main.yml_(IaC)_', 'matrix-docker-ansible-deploy/roles/custom/matrix-bot-buscarron/tasks/setup_uninstall.yml_(IaC)_', 'matrix-docker-ansible-deploy/roles/custom/matrix-bot-matrix-reminder-bot/tasks/setup_install.yml_(IaC)_', 'matrix-docker-ansible-deploy/roles/custom/matrix-bridge-go-skype-bridge/tasks/setup_install.yml_(IaC)_', 'matrix-docker-ansible-deploy/roles/custom/matrix-user-creator/tasks/util/ensure_user_registered_dendrite.yml_(IaC)_', 'matrix-docker-ansible-deploy/roles/custom/matrix-synapse-auto-compressor/templates/env.j2_(Other)_']]",[['matrix-docker-ansible-deploy/roles/custom/matrix-conduit/defaults/main.yml_(Other)_']],['cdd23aafc6931aa9f6902a03f40fe0dc8e09d264'],[0.0],[0.0],[0],[0],[0]
[10],"[[129, 389, 395, 526, 92, 464, 272, 242, 431, 565, 149, 570, 188, 639]]","[['matrix-docker-ansible-deploy/roles/custom/matrix-bridge-mautrix-whatsapp/tasks/setup_install.yml_(IaC)_', 'matrix-docker-ansible-deploy/roles/custom/matrix-mailer/tasks/setup_install.yml_(IaC)_', 'matrix-docker-ansible-deploy/roles/custom/matrix-bot-matrix-registration-bot/tasks/setup_uninstall.yml_(IaC)_', 'matrix-docker-ansible-deploy/roles/custom/matrix-bridge-appservice-webhooks/tasks/setup_install.yml_(IaC)_', 'matrix-docker-ansible-deploy/roles/custom/matrix-bridge-sms/tasks/setup_install.yml_(IaC)_', 'matrix-docker-ansible-deploy/roles/custom/matrix-synapse/tasks/goofys/setup_install.yml_(IaC)_', 'matrix-docker-ansible-deploy/roles/custom/matrix-corporal/tasks/setup_install.yml_(IaC)_', 'matrix-docker-ansible-deploy/roles/custom/matrix-nginx-proxy/templates/labels.j2_(Other)_', 'matrix-docker-ansible-deploy/roles/custom/matrix-bridge-mautrix-discord/defaults/main.yml_(Other)_', 'matrix-docker-ansible-deploy/roles/custom/matrix-bridge-appservice-irc/tasks/setup_install.yml_(IaC)_', 'matrix-docker-ansible-deploy/roles/custom/matrix-bot-draupnir/tasks/main.yml_(IaC)_', 'matrix-docker-ansible-deploy/roles/custom/matrix-synapse-admin/tasks/validate_config.yml_(IaC)_', 'matrix-docker-ansible-deploy/roles/custom/matrix-dimension/defaults/main.yml_(Other)_', 'matrix-docker-ansible-deploy/examples/haproxy/docker-compose.yml_(Other)_']]",[['matrix-docker-ansible-deploy/roles/custom/matrix-conduit/defaults/main.yml_(Other)_']],['cdd23aafc6931aa9f6902a03f40fe0dc8e09d264'],[0.0],[0.0],[0],[0],[0]
[10],"[[130, 163, 324, 389, 137, 458, 202, 93, 536, 219, 221, 286]]","[['matrix-docker-ansible-deploy/roles/custom/matrix-bridge-mautrix-whatsapp/tasks/main.yml_(IaC)_', 'matrix-docker-ansible-deploy/roles/custom/matrix-bridge-mautrix-facebook/tasks/setup_install.yml_(IaC)_', 'matrix-docker-ansible-deploy/roles/custom/matrix-bridge-beeper-linkedin/tasks/setup_install.yml_(IaC)_', 'matrix-docker-ansible-deploy/roles/custom/matrix-mailer/tasks/setup_install.yml_(IaC)_', 'matrix-docker-ansible-deploy/roles/custom/matrix-prometheus-nginxlog-exporter/tasks/setup_install.yml_(IaC)_', 'matrix-docker-ansible-deploy/roles/custom/matrix-synapse/tasks/setup_install.yml_(IaC)_', 'matrix-docker-ansible-deploy/roles/custom/matrix-client-hydrogen/tasks/self_check.yml_(IaC)_', 'matrix-docker-ansible-deploy/roles/custom/matrix-bridge-sms/tasks/main.yml_(IaC)_', 'matrix-docker-ansible-deploy/roles/custom/matrix-base/tasks/ensure_fuse_installed.yml_(IaC)_', 'matrix-docker-ansible-deploy/roles/custom/matrix-bot-honoroit/tasks/setup_install.yml_(IaC)_', 'matrix-docker-ansible-deploy/roles/custom/matrix-bot-honoroit/defaults/main.yml_(Other)_', 'matrix-docker-ansible-deploy/roles/custom/matrix-bot-matrix-reminder-bot/defaults/main.yml_(Other)_']]",[['matrix-docker-ansible-deploy/roles/custom/matrix-conduit/defaults/main.yml_(Other)_']],['cdd23aafc6931aa9f6902a03f40fe0dc8e09d264'],[0.0],[0.0],[0],[0],[0]
[10],"[[389, 38, 7, 12, 526, 463, 84, 215, 248, 633, 125]]","[['matrix-docker-ansible-deploy/roles/custom/matrix-mailer/tasks/setup_install.yml_(IaC)_', 'matrix-docker-ansible-deploy/roles/custom/matrix-dynamic-dns/tasks/setup_install.yml_(IaC)_', 'matrix-docker-ansible-deploy/roles/custom/matrix-client-element/vars/main.yml_(Other)_', 'matrix-docker-ansible-deploy/roles/custom/matrix-client-element/tasks/setup_install.yml_(IaC)_', 'matrix-docker-ansible-deploy/roles/custom/matrix-bridge-appservice-webhooks/tasks/setup_install.yml_(IaC)_', 'matrix-docker-ansible-deploy/roles/custom/matrix-synapse/tasks/goofys/setup_uninstall.yml_(IaC)_', 'matrix-docker-ansible-deploy/roles/custom/matrix-sygnal/tasks/install.yml_(IaC)_', 'matrix-docker-ansible-deploy/roles/custom/matrix-bot-mjolnir/templates/production.yaml.j2_(Other)_', 'matrix-docker-ansible-deploy/roles/custom/matrix-nginx-proxy/templates/systemd/matrix-ssl-nginx-proxy-reload.timer.j2_(Other)_', 'matrix-docker-ansible-deploy/examples/caddy2/Caddyfile.deprecated_(Other)_', 'matrix-docker-ansible-deploy/roles/custom/matrix-bridge-mautrix-slack/templates/systemd/matrix-mautrix-slack.service.j2_(Other)_']]",[['matrix-docker-ansible-deploy/roles/custom/matrix-conduit/defaults/main.yml_(Other)_']],['cdd23aafc6931aa9f6902a03f40fe0dc8e09d264'],[0.0],[0.0],[0],[0],[0]
[10],"[[66, 163, 517, 38, 415, 395, 204, 30, 126, 543]]","[['matrix-docker-ansible-deploy/roles/custom/matrix-bridge-appservice-kakaotalk/tasks/setup_install.yml_(IaC)_', 'matrix-docker-ansible-deploy/roles/custom/matrix-bridge-mautrix-facebook/tasks/setup_install.yml_(IaC)_', 'matrix-docker-ansible-deploy/roles/custom/matrix-rageshake/tasks/install.yml_(IaC)_', 'matrix-docker-ansible-deploy/roles/custom/matrix-dynamic-dns/tasks/setup_install.yml_(IaC)_', 'matrix-docker-ansible-deploy/roles/custom/matrix-user-creator/tasks/util/ensure_user_registered_conduit.yml_(IaC)_', 'matrix-docker-ansible-deploy/roles/custom/matrix-bot-matrix-registration-bot/tasks/setup_uninstall.yml_(IaC)_', 'matrix-docker-ansible-deploy/roles/custom/matrix-client-hydrogen/tasks/main.yml_(IaC)_', 'matrix-docker-ansible-deploy/roles/custom/matrix-bot-buscarron/tasks/setup_install.yml_(IaC)_', 'matrix-docker-ansible-deploy/roles/custom/matrix-bridge-mautrix-whatsapp/tasks/validate_config.yml_(IaC)_', 'matrix-docker-ansible-deploy/roles/custom/matrix-base/defaults/main.yml_(Other)_']]",[['matrix-docker-ansible-deploy/roles/custom/matrix-conduit/defaults/main.yml_(Other)_']],['cdd23aafc6931aa9f6902a03f40fe0dc8e09d264'],[0.0],[0.0],[0],[0],[0]
[10],"[[129, 98, 67, 303, 466, 148, 405, 278, 125, 574]]","[['matrix-docker-ansible-deploy/roles/custom/matrix-bridge-mautrix-whatsapp/tasks/setup_install.yml_(IaC)_', 'matrix-docker-ansible-deploy/roles/custom/matrix-bot-go-neb/tasks/install.yml_(IaC)_', 'matrix-docker-ansible-deploy/roles/custom/matrix-bridge-appservice-kakaotalk/tasks/main.yml_(IaC)_', 'matrix-docker-ansible-deploy/roles/custom/matrix-bridge-mx-puppet-groupme/tasks/setup_install.yml_(IaC)_', 'matrix-docker-ansible-deploy/roles/custom/matrix-synapse/tasks/ext/setup_install.yml_(IaC)_', 'matrix-docker-ansible-deploy/roles/custom/matrix-bot-draupnir/tasks/setup_install.yml_(IaC)_', 'matrix-docker-ansible-deploy/roles/custom/matrix-bridge-appservice-slack/tasks/setup_install.yml_(IaC)_', 'matrix-docker-ansible-deploy/roles/custom/matrix-bridge-heisenbridge/tasks/setup_install.yml_(IaC)_', 'matrix-docker-ansible-deploy/roles/custom/matrix-bridge-mautrix-slack/templates/systemd/matrix-mautrix-slack.service.j2_(Other)_', 'matrix-docker-ansible-deploy/roles/custom/matrix-synapse-admin/tasks/main.yml_(IaC)_']]",[['matrix-docker-ansible-deploy/roles/custom/matrix-conduit/defaults/main.yml_(Other)_']],['cdd23aafc6931aa9f6902a03f40fe0dc8e09d264'],[0.0],[0.0],[0],[0],[0]
[10],"[[153, 389, 38, 105, 626, 405, 30, 25, 279, 542]]","[['matrix-docker-ansible-deploy/roles/custom/matrix-bot-postmoogle/tasks/validate_config.yml_(IaC)_', 'matrix-docker-ansible-deploy/roles/custom/matrix-mailer/tasks/setup_install.yml_(IaC)_', 'matrix-docker-ansible-deploy/roles/custom/matrix-dynamic-dns/tasks/setup_install.yml_(IaC)_', 'matrix-docker-ansible-deploy/roles/custom/matrix-bridge-mx-puppet-steam/tasks/validate_config.yml_(IaC)_', 'matrix-docker-ansible-deploy/roles/custom/matrix-bot-maubot/tasks/setup_install.yml_(IaC)_', 'matrix-docker-ansible-deploy/roles/custom/matrix-bridge-appservice-slack/tasks/setup_install.yml_(IaC)_', 'matrix-docker-ansible-deploy/roles/custom/matrix-bot-buscarron/tasks/setup_install.yml_(IaC)_', 'matrix-docker-ansible-deploy/roles/custom/matrix-conduit/defaults/main.yml_(Other)_', 'matrix-docker-ansible-deploy/roles/custom/matrix-bridge-heisenbridge/tasks/main.yml_(IaC)_', 'matrix-docker-ansible-deploy/roles/custom/matrix-base/tasks/main.yml_(IaC)_']]",[['matrix-docker-ansible-deploy/roles/custom/matrix-conduit/defaults/main.yml_(Other)_']],['cdd23aafc6931aa9f6902a03f40fe0dc8e09d264'],[0.1],[1.0],[0.18181818181818182],[1],[0.125]
[10],"[[389, 488, 137, 332, 626, 21, 437, 598, 186, 188]]","[['matrix-docker-ansible-deploy/roles/custom/matrix-mailer/tasks/setup_install.yml_(IaC)_', 'matrix-docker-ansible-deploy/roles/custom/matrix-synapse/tasks/synapse/workers/util/inject_worker.yml_(IaC)_', 'matrix-docker-ansible-deploy/roles/custom/matrix-prometheus-nginxlog-exporter/tasks/setup_install.yml_(IaC)_', 'matrix-docker-ansible-deploy/roles/custom/matrix-bridge-mx-puppet-twitter/tasks/setup_install.yml_(IaC)_', 'matrix-docker-ansible-deploy/roles/custom/matrix-bot-maubot/tasks/setup_install.yml_(IaC)_', 'matrix-docker-ansible-deploy/roles/custom/matrix-conduit/vars/main.yml_(Other)_', 'matrix-docker-ansible-deploy/roles/custom/matrix-ldap-registration-proxy/tasks/setup_install.yml_(IaC)_', 'matrix-docker-ansible-deploy/roles/custom/matrix-bridge-mautrix-signal/tasks/setup_install.yml_(IaC)_', 'matrix-docker-ansible-deploy/roles/custom/matrix-dimension/tasks/setup_install.yml_(IaC)_', 'matrix-docker-ansible-deploy/roles/custom/matrix-dimension/defaults/main.yml_(Other)_']]",[['matrix-docker-ansible-deploy/roles/custom/matrix-conduit/defaults/main.yml_(Other)_']],['cdd23aafc6931aa9f6902a03f40fe0dc8e09d264'],[0.0],[0.0],[0],[0],[0]
[10],"[[581, 38, 615, 616, 429, 405, 22, 406, 248, 186, 158]]","[['matrix-docker-ansible-deploy/roles/custom/matrix-bridge-mautrix-hangouts/tasks/setup_install.yml_(IaC)_', 'matrix-docker-ansible-deploy/roles/custom/matrix-dynamic-dns/tasks/setup_install.yml_(IaC)_', 'matrix-docker-ansible-deploy/roles/custom/matrix-coturn/tasks/setup_uninstall.yml_(IaC)_', 'matrix-docker-ansible-deploy/roles/custom/matrix-coturn/tasks/setup_install.yml_(IaC)_', 'matrix-docker-ansible-deploy/roles/custom/matrix-bridge-mautrix-discord/tasks/setup_install.yml_(IaC)_', 'matrix-docker-ansible-deploy/roles/custom/matrix-bridge-appservice-slack/tasks/setup_install.yml_(IaC)_', 'matrix-docker-ansible-deploy/roles/custom/matrix-conduit/tasks/setup_uninstall.yml_(IaC)_', 'matrix-docker-ansible-deploy/roles/custom/matrix-bridge-appservice-slack/tasks/main.yml_(IaC)_', 'matrix-docker-ansible-deploy/roles/custom/matrix-nginx-proxy/templates/systemd/matrix-ssl-nginx-proxy-reload.timer.j2_(Other)_', 'matrix-docker-ansible-deploy/roles/custom/matrix-dimension/tasks/setup_install.yml_(IaC)_', 'matrix-docker-ansible-deploy/roles/custom/matrix-bot-postmoogle/templates/env.j2_(Other)_']]",[['matrix-docker-ansible-deploy/roles/custom/matrix-conduit/defaults/main.yml_(Other)_']],['cdd23aafc6931aa9f6902a03f40fe0dc8e09d264'],[0.0],[0.0],[0],[0],[0]
[10],"[[225, 389, 38, 458, 364, 372, 437, 120, 186, 123, 415]]","[['matrix-docker-ansible-deploy/roles/custom/matrix-nginx-proxy/vars/main.yml_(Other)_', 'matrix-docker-ansible-deploy/roles/custom/matrix-mailer/tasks/setup_install.yml_(IaC)_', 'matrix-docker-ansible-deploy/roles/custom/matrix-dynamic-dns/tasks/setup_install.yml_(IaC)_', 'matrix-docker-ansible-deploy/roles/custom/matrix-synapse/tasks/setup_install.yml_(IaC)_', 'matrix-docker-ansible-deploy/roles/custom/matrix-cactus-comments/tasks/setup_install.yml_(IaC)_', 'matrix-docker-ansible-deploy/roles/custom/matrix-ma1sd/tasks/setup_uninstall.yml_(IaC)_', 'matrix-docker-ansible-deploy/roles/custom/matrix-ldap-registration-proxy/tasks/setup_install.yml_(IaC)_', 'matrix-docker-ansible-deploy/roles/custom/matrix-bridge-mautrix-slack/tasks/setup_uninstall.yml_(IaC)_', 'matrix-docker-ansible-deploy/roles/custom/matrix-dimension/tasks/setup_install.yml_(IaC)_', 'matrix-docker-ansible-deploy/roles/custom/matrix-bridge-mautrix-slack/defaults/main.yml_(Other)_', 'matrix-docker-ansible-deploy/roles/custom/matrix-user-creator/tasks/util/ensure_user_registered_conduit.yml_(IaC)_']]",[['matrix-docker-ansible-deploy/roles/custom/matrix-conduit/defaults/main.yml_(Other)_']],['cdd23aafc6931aa9f6902a03f40fe0dc8e09d264'],[0.0],[0.0],[0],[0],[0]
[10],"[[388, 396, 173, 46, 364, 212, 598, 247, 344, 343]]","[['matrix-docker-ansible-deploy/roles/custom/matrix-mailer/tasks/setup_uninstall.yml_(IaC)_', 'matrix-docker-ansible-deploy/roles/custom/matrix-bot-matrix-registration-bot/tasks/setup_install.yml_(IaC)_', 'matrix-docker-ansible-deploy/roles/custom/matrix-bridge-mautrix-googlechat/defaults/main.yml_(Other)_', 'matrix-docker-ansible-deploy/roles/custom/matrix-client-cinny/tasks/setup_install.yml_(IaC)_', 'matrix-docker-ansible-deploy/roles/custom/matrix-cactus-comments/tasks/setup_install.yml_(IaC)_', 'matrix-docker-ansible-deploy/roles/custom/matrix-bot-mjolnir/tasks/setup_install.yml_(IaC)_', 'matrix-docker-ansible-deploy/roles/custom/matrix-bridge-mautrix-signal/tasks/setup_install.yml_(IaC)_', 'matrix-docker-ansible-deploy/roles/custom/matrix-nginx-proxy/templates/systemd/matrix-ssl-lets-encrypt-certificates-renew.timer.j2_(Other)_', 'matrix-docker-ansible-deploy/roles/custom/matrix-registration/tasks/validate_config.yml_(IaC)_', 'matrix-docker-ansible-deploy/roles/custom/matrix-user-verification-service/templates/systemd/matrix-user-verification-service.service.j2_(Other)_']]",[['matrix-docker-ansible-deploy/roles/custom/matrix-conduit/defaults/main.yml_(Other)_']],['cdd23aafc6931aa9f6902a03f40fe0dc8e09d264'],[0.0],[0.0],[0],[0],[0]
[10],"[[421, 616, 12, 368, 466, 114, 212, 370, 402, 60]]","[['matrix-docker-ansible-deploy/roles/custom/matrix-bridge-hookshot/tasks/setup_install.yml_(IaC)_', 'matrix-docker-ansible-deploy/roles/custom/matrix-coturn/tasks/setup_install.yml_(IaC)_', 'matrix-docker-ansible-deploy/roles/custom/matrix-client-element/tasks/setup_install.yml_(IaC)_', 'matrix-docker-ansible-deploy/roles/custom/matrix-cactus-comments/templates/env.j2_(Other)_', 'matrix-docker-ansible-deploy/roles/custom/matrix-synapse/tasks/ext/setup_install.yml_(IaC)_', 'matrix-docker-ansible-deploy/roles/custom/matrix-bot-chatgpt/tasks/install.yml_(IaC)_', 'matrix-docker-ansible-deploy/roles/custom/matrix-bot-mjolnir/tasks/setup_install.yml_(IaC)_', 'matrix-docker-ansible-deploy/roles/custom/matrix-ma1sd/vars/main.yml_(Other)_', 'matrix-docker-ansible-deploy/roles/custom/matrix-bridge-appservice-slack/tasks/migrate_nedb_to_postgres.yml_(IaC)_', 'matrix-docker-ansible-deploy/roles/custom/matrix-synapse-auto-compressor/defaults/main.yml_(Other)_']]",[['matrix-docker-ansible-deploy/roles/custom/matrix-conduit/defaults/main.yml_(Other)_']],['cdd23aafc6931aa9f6902a03f40fe0dc8e09d264'],[0.0],[0.0],[0],[0],[0]
[10],"[[66, 389, 581, 551, 203, 428, 430, 182, 187, 350]]","[['matrix-docker-ansible-deploy/roles/custom/matrix-bridge-appservice-kakaotalk/tasks/setup_install.yml_(IaC)_', 'matrix-docker-ansible-deploy/roles/custom/matrix-mailer/tasks/setup_install.yml_(IaC)_', 'matrix-docker-ansible-deploy/roles/custom/matrix-bridge-mautrix-hangouts/tasks/setup_install.yml_(IaC)_', 'matrix-docker-ansible-deploy/roles/custom/matrix-dendrite/tasks/self_check_client_api.yml_(IaC)_', 'matrix-docker-ansible-deploy/roles/custom/matrix-client-hydrogen/tasks/setup_install.yml_(IaC)_', 'matrix-docker-ansible-deploy/roles/custom/matrix-bridge-mautrix-discord/tasks/setup_uninstall.yml_(IaC)_', 'matrix-docker-ansible-deploy/roles/custom/matrix-bridge-mautrix-discord/tasks/main.yml_(IaC)_', 'matrix-docker-ansible-deploy/roles/custom/matrix-email2matrix/templates/systemd/matrix-email2matrix.service.j2_(Other)_', 'matrix-docker-ansible-deploy/roles/custom/matrix-dimension/tasks/main.yml_(IaC)_', 'matrix-docker-ansible-deploy/roles/custom/matrix-registration/tasks/main.yml_(IaC)_']]",[['matrix-docker-ansible-deploy/roles/custom/matrix-conduit/defaults/main.yml_(Other)_']],['cdd23aafc6931aa9f6902a03f40fe0dc8e09d264'],[0.0],[0.0],[0],[0],[0]
[10],"[[483, 421, 231, 203, 591, 114, 626, 408, 537, 380]]","[['matrix-docker-ansible-deploy/roles/custom/matrix-synapse/tasks/synapse/setup_install.yml_(IaC)_', 'matrix-docker-ansible-deploy/roles/custom/matrix-bridge-hookshot/tasks/setup_install.yml_(IaC)_', 'matrix-docker-ansible-deploy/roles/custom/matrix-nginx-proxy/tasks/main.yml_(IaC)_', 'matrix-docker-ansible-deploy/roles/custom/matrix-client-hydrogen/tasks/setup_install.yml_(IaC)_', 'matrix-docker-ansible-deploy/roles/custom/matrix-prometheus-services-proxy-connect/tasks/main.yml_(IaC)_', 'matrix-docker-ansible-deploy/roles/custom/matrix-bot-chatgpt/tasks/install.yml_(IaC)_', 'matrix-docker-ansible-deploy/roles/custom/matrix-bot-maubot/tasks/setup_install.yml_(IaC)_', 'matrix-docker-ansible-deploy/roles/custom/matrix-bridge-appservice-slack/templates/config.yaml.j2_(Other)_', 'matrix-docker-ansible-deploy/roles/custom/matrix-base/tasks/setup_matrix_base.yml_(IaC)_', 'matrix-docker-ansible-deploy/roles/custom/matrix-bridge-mautrix-instagram/tasks/validate_config.yml_(IaC)_']]",[['matrix-docker-ansible-deploy/roles/custom/matrix-conduit/defaults/main.yml_(Other)_']],['cdd23aafc6931aa9f6902a03f40fe0dc8e09d264'],[0.0],[0.0],[0],[0],[0]
[10],"[[66, 579, 324, 389, 357, 517, 175, 178, 115, 339, 309, 278, 599]]","[['matrix-docker-ansible-deploy/roles/custom/matrix-bridge-appservice-kakaotalk/tasks/setup_install.yml_(IaC)_', 'matrix-docker-ansible-deploy/roles/custom/matrix-bridge-mautrix-hangouts/tasks/setup_uninstall.yml_(IaC)_', 'matrix-docker-ansible-deploy/roles/custom/matrix-bridge-beeper-linkedin/tasks/setup_install.yml_(IaC)_', 'matrix-docker-ansible-deploy/roles/custom/matrix-mailer/tasks/setup_install.yml_(IaC)_', 'matrix-docker-ansible-deploy/roles/custom/matrix-bridge-mx-puppet-discord/tasks/main.yml_(IaC)_', 'matrix-docker-ansible-deploy/roles/custom/matrix-rageshake/tasks/install.yml_(IaC)_', 'matrix-docker-ansible-deploy/roles/custom/matrix-bridge-mautrix-googlechat/templates/systemd/matrix-mautrix-googlechat.service.j2_(Other)_', 'matrix-docker-ansible-deploy/roles/custom/matrix-email2matrix/tasks/setup_install.yml_(IaC)_', 'matrix-docker-ansible-deploy/roles/custom/matrix-bot-chatgpt/tasks/main.yml_(IaC)_', 'matrix-docker-ansible-deploy/roles/custom/matrix-user-verification-service/tasks/setup_install.yml_(IaC)_', 'matrix-docker-ansible-deploy/roles/custom/matrix-bridge-appservice-discord/tasks/setup_uninstall.yml_(IaC)_', 'matrix-docker-ansible-deploy/roles/custom/matrix-bridge-heisenbridge/tasks/setup_install.yml_(IaC)_', 'matrix-docker-ansible-deploy/roles/custom/matrix-bridge-mautrix-signal/tasks/main.yml_(IaC)_']]",[['matrix-docker-ansible-deploy/roles/custom/matrix-conduit/defaults/main.yml_(Other)_']],['cdd23aafc6931aa9f6902a03f40fe0dc8e09d264'],[0.0],[0.0],[0],[0],[0]
[10],"[[129, 581, 38, 421, 107, 589, 366, 13, 211, 246, 218]]","[['matrix-docker-ansible-deploy/roles/custom/matrix-bridge-mautrix-whatsapp/tasks/setup_install.yml_(IaC)_', 'matrix-docker-ansible-deploy/roles/custom/matrix-bridge-mautrix-hangouts/tasks/setup_install.yml_(IaC)_', 'matrix-docker-ansible-deploy/roles/custom/matrix-dynamic-dns/tasks/setup_install.yml_(IaC)_', 'matrix-docker-ansible-deploy/roles/custom/matrix-bridge-hookshot/tasks/setup_install.yml_(IaC)_', 'matrix-docker-ansible-deploy/roles/custom/matrix-bridge-mx-puppet-steam/tasks/setup_install.yml_(IaC)_', 'matrix-docker-ansible-deploy/roles/custom/matrix_playbook_migration/tasks/main.yml_(IaC)_', 'matrix-docker-ansible-deploy/roles/custom/matrix-cactus-comments/defaults/main.yml_(Other)_', 'matrix-docker-ansible-deploy/roles/custom/matrix-client-element/tasks/main.yml_(IaC)_', 'matrix-docker-ansible-deploy/roles/custom/matrix-bot-mjolnir/tasks/setup_uninstall.yml_(IaC)_', 'matrix-docker-ansible-deploy/roles/custom/matrix-nginx-proxy/templates/systemd/matrix-ssl-nginx-proxy-reload.service.j2_(Other)_', 'matrix-docker-ansible-deploy/roles/custom/matrix-bot-honoroit/tasks/setup_uninstall.yml_(IaC)_']]",[['matrix-docker-ansible-deploy/roles/custom/matrix-conduit/defaults/main.yml_(Other)_']],['cdd23aafc6931aa9f6902a03f40fe0dc8e09d264'],[0.0],[0.0],[0],[0],[0]
[10],"[[481, 98, 195, 421, 383, 556, 396, 402, 627, 475, 95]]","[['matrix-docker-ansible-deploy/roles/custom/matrix-synapse/tasks/synapse/setup_uninstall.yml_(IaC)_', 'matrix-docker-ansible-deploy/roles/custom/matrix-bot-go-neb/tasks/install.yml_(IaC)_', 'matrix-docker-ansible-deploy/roles/custom/matrix-bridge-mautrix-telegram/tasks/setup_install.yml_(IaC)_', 'matrix-docker-ansible-deploy/roles/custom/matrix-bridge-hookshot/tasks/setup_install.yml_(IaC)_', 'matrix-docker-ansible-deploy/roles/custom/matrix-bridge-mautrix-instagram/tasks/setup_install.yml_(IaC)_', 'matrix-docker-ansible-deploy/roles/custom/matrix-dendrite/tasks/setup_install.yml_(IaC)_', 'matrix-docker-ansible-deploy/roles/custom/matrix-bot-matrix-registration-bot/tasks/setup_install.yml_(IaC)_', 'matrix-docker-ansible-deploy/roles/custom/matrix-bridge-appservice-slack/tasks/migrate_nedb_to_postgres.yml_(IaC)_', 'matrix-docker-ansible-deploy/roles/custom/matrix-bot-maubot/tasks/main.yml_(IaC)_', 'matrix-docker-ansible-deploy/roles/custom/matrix-synapse/tasks/ext/s3-storage-provider/setup_install.yml_(IaC)_', 'matrix-docker-ansible-deploy/roles/custom/matrix-bridge-sms/templates/systemd/matrix-sms-bridge.service.j2_(Other)_']]",[['matrix-docker-ansible-deploy/roles/custom/matrix-conduit/defaults/main.yml_(Other)_']],['cdd23aafc6931aa9f6902a03f40fe0dc8e09d264'],[0.0],[0.0],[0],[0],[0]
[10],"[[58, 38, 12, 46, 626, 381, 629, 246, 346, 573]]","[['matrix-docker-ansible-deploy/roles/custom/matrix-synapse-auto-compressor/tasks/install.yml_(IaC)_', 'matrix-docker-ansible-deploy/roles/custom/matrix-dynamic-dns/tasks/setup_install.yml_(IaC)_', 'matrix-docker-ansible-deploy/roles/custom/matrix-client-element/tasks/setup_install.yml_(IaC)_', 'matrix-docker-ansible-deploy/roles/custom/matrix-client-cinny/tasks/setup_install.yml_(IaC)_', 'matrix-docker-ansible-deploy/roles/custom/matrix-bot-maubot/tasks/setup_install.yml_(IaC)_', 'matrix-docker-ansible-deploy/roles/custom/matrix-bridge-mautrix-instagram/tasks/setup_uninstall.yml_(IaC)_', 'matrix-docker-ansible-deploy/roles/custom/matrix-bot-maubot/templates/config/config.yaml.j2_(Other)_', 'matrix-docker-ansible-deploy/roles/custom/matrix-nginx-proxy/templates/systemd/matrix-ssl-nginx-proxy-reload.service.j2_(Other)_', 'matrix-docker-ansible-deploy/roles/custom/matrix-registration/tasks/generate_token.yml_(IaC)_', 'matrix-docker-ansible-deploy/roles/custom/matrix-synapse-admin/tasks/setup_install.yml_(IaC)_']]",[['matrix-docker-ansible-deploy/roles/custom/matrix-conduit/defaults/main.yml_(Other)_']],['cdd23aafc6931aa9f6902a03f40fe0dc8e09d264'],[0.0],[0.0],[0],[0],[0]
[10],"[[454, 203, 364, 270, 272, 304, 338, 374, 411, 287]]","[['matrix-docker-ansible-deploy/roles/custom/matrix-synapse/tasks/import_synapse_sqlite_db.yml_(IaC)_', 'matrix-docker-ansible-deploy/roles/custom/matrix-client-hydrogen/tasks/setup_install.yml_(IaC)_', 'matrix-docker-ansible-deploy/roles/custom/matrix-cactus-comments/tasks/setup_install.yml_(IaC)_', 'matrix-docker-ansible-deploy/roles/custom/matrix-corporal/tasks/setup_uninstall.yml_(IaC)_', 'matrix-docker-ansible-deploy/roles/custom/matrix-corporal/tasks/setup_install.yml_(IaC)_', 'matrix-docker-ansible-deploy/roles/custom/matrix-bridge-mx-puppet-groupme/tasks/main.yml_(IaC)_', 'matrix-docker-ansible-deploy/roles/custom/matrix-user-verification-service/tasks/setup_uninstall.yml_(IaC)_', 'matrix-docker-ansible-deploy/roles/custom/matrix-ma1sd/tasks/setup_install.yml_(IaC)_', 'matrix-docker-ansible-deploy/roles/custom/matrix-user-creator/tasks/setup.yml_(IaC)_', 'matrix-docker-ansible-deploy/roles/custom/matrix-bot-matrix-reminder-bot/templates/config.yaml.j2_(Other)_']]",[['matrix-docker-ansible-deploy/roles/custom/matrix-conduit/defaults/main.yml_(Other)_']],['cdd23aafc6931aa9f6902a03f40fe0dc8e09d264'],[0.0],[0.0],[0],[0],[0]
[10],"[[66, 324, 614, 616, 556, 185, 155, 444, 94, 63]]","[['matrix-docker-ansible-deploy/roles/custom/matrix-bridge-appservice-kakaotalk/tasks/setup_install.yml_(IaC)_', 'matrix-docker-ansible-deploy/roles/custom/matrix-bridge-beeper-linkedin/tasks/setup_install.yml_(IaC)_', 'matrix-docker-ansible-deploy/roles/custom/matrix-coturn/tasks/validate_config.yml_(IaC)_', 'matrix-docker-ansible-deploy/roles/custom/matrix-coturn/tasks/setup_install.yml_(IaC)_', 'matrix-docker-ansible-deploy/roles/custom/matrix-dendrite/tasks/setup_install.yml_(IaC)_', 'matrix-docker-ansible-deploy/roles/custom/matrix-dimension/tasks/setup_uninstall.yml_(IaC)_', 'matrix-docker-ansible-deploy/roles/custom/matrix-bot-postmoogle/tasks/setup_install.yml_(IaC)_', 'matrix-docker-ansible-deploy/roles/custom/matrix-bridge-go-skype-bridge/tasks/setup_install.yml_(IaC)_', 'matrix-docker-ansible-deploy/roles/custom/matrix-bridge-sms/defaults/main.yml_(Other)_', 'matrix-docker-ansible-deploy/roles/custom/matrix-synapse-auto-compressor/templates/env.j2_(Other)_']]",[['matrix-docker-ansible-deploy/roles/custom/matrix-conduit/defaults/main.yml_(Other)_']],['cdd23aafc6931aa9f6902a03f40fe0dc8e09d264'],[0.0],[0.0],[0],[0],[0]
[10],"[[389, 38, 331, 270, 564, 373, 278, 24, 318, 639]]","[['matrix-docker-ansible-deploy/roles/custom/matrix-mailer/tasks/setup_install.yml_(IaC)_', 'matrix-docker-ansible-deploy/roles/custom/matrix-dynamic-dns/tasks/setup_install.yml_(IaC)_', 'matrix-docker-ansible-deploy/roles/custom/matrix-bridge-mx-puppet-twitter/tasks/inject_into_nginx_proxy.yml_(IaC)_', 'matrix-docker-ansible-deploy/roles/custom/matrix-corporal/tasks/setup_uninstall.yml_(IaC)_', 'matrix-docker-ansible-deploy/roles/custom/matrix-bridge-appservice-irc/tasks/setup_uninstall.yml_(IaC)_', 'matrix-docker-ansible-deploy/roles/custom/matrix-ma1sd/tasks/self_check.yml_(IaC)_', 'matrix-docker-ansible-deploy/roles/custom/matrix-bridge-heisenbridge/tasks/setup_install.yml_(IaC)_', 'matrix-docker-ansible-deploy/roles/custom/matrix-conduit/tasks/main.yml_(IaC)_', 'matrix-docker-ansible-deploy/roles/custom/matrix-bridge-mx-puppet-instagram/tasks/main.yml_(IaC)_', 'matrix-docker-ansible-deploy/examples/haproxy/docker-compose.yml_(Other)_']]",[['matrix-docker-ansible-deploy/roles/custom/matrix-conduit/defaults/main.yml_(Other)_']],['cdd23aafc6931aa9f6902a03f40fe0dc8e09d264'],[0.0],[0.0],[0],[0],[0]
[10],"[[609, 38, 360, 362, 364, 178, 371, 339, 22, 61, 511]]","[['matrix-docker-ansible-deploy/roles/custom/matrix-bridge-mautrix-twitter/tasks/setup_install.yml_(IaC)_', 'matrix-docker-ansible-deploy/roles/custom/matrix-dynamic-dns/tasks/setup_install.yml_(IaC)_', 'matrix-docker-ansible-deploy/roles/custom/matrix-bridge-mx-puppet-discord/templates/systemd/matrix-mx-puppet-discord.service.j2_(Other)_', 'matrix-docker-ansible-deploy/roles/custom/matrix-cactus-comments/tasks/setup_uninstall.yml_(IaC)_', 'matrix-docker-ansible-deploy/roles/custom/matrix-cactus-comments/tasks/setup_install.yml_(IaC)_', 'matrix-docker-ansible-deploy/roles/custom/matrix-email2matrix/tasks/setup_install.yml_(IaC)_', 'matrix-docker-ansible-deploy/roles/custom/matrix-ma1sd/tasks/validate_config.yml_(IaC)_', 'matrix-docker-ansible-deploy/roles/custom/matrix-user-verification-service/tasks/setup_install.yml_(IaC)_', 'matrix-docker-ansible-deploy/roles/custom/matrix-conduit/tasks/setup_uninstall.yml_(IaC)_', 'matrix-docker-ansible-deploy/roles/custom/matrix-synapse-auto-compressor/templates/matrix-synapse-auto-compressor.service.j2_(Other)_', 'matrix-docker-ansible-deploy/roles/custom/matrix-bridge-mx-puppet-slack/tasks/main.yml_(IaC)_']]",[['matrix-docker-ansible-deploy/roles/custom/matrix-conduit/defaults/main.yml_(Other)_']],['cdd23aafc6931aa9f6902a03f40fe0dc8e09d264'],[0.0],[0.0],[0],[0],[0]
