NB_recommended_files,Best_solution,Recommended_files,Co_modified_files,Commits_hash,PRECISION,RECALL,FSCORE,SUCCESS_RATE,MRR
[3],"[[129, 350, 421, 581, 398, 303, 337, 113, 254, 30]]","[['matrix-docker-ansible-deploy/roles/custom/matrix-bridge-mautrix-whatsapp/tasks/setup_install.yml_(IaC)_', 'matrix-docker-ansible-deploy/roles/custom/matrix-registration/tasks/main.yml_(IaC)_', 'matrix-docker-ansible-deploy/roles/custom/matrix-bridge-hookshot/tasks/setup_install.yml_(IaC)_', 'matrix-docker-ansible-deploy/roles/custom/matrix-bridge-mautrix-hangouts/tasks/setup_install.yml_(IaC)_', 'matrix-docker-ansible-deploy/roles/custom/matrix-bot-matrix-registration-bot/defaults/main.yml_(Other)_', 'matrix-docker-ansible-deploy/roles/custom/matrix-bridge-mx-puppet-groupme/tasks/setup_install.yml_(IaC)_', 'matrix-docker-ansible-deploy/roles/custom/matrix-user-verification-service/tasks/validate_config.yml_(IaC)_', 'matrix-docker-ansible-deploy/roles/custom/matrix-bot-chatgpt/tasks/uninstall.yml_(IaC)_', 'matrix-docker-ansible-deploy/roles/custom/matrix-nginx-proxy/templates/nginx/conf.d/matrix-conduit.conf.j2_(Other)_', 'matrix-docker-ansible-deploy/roles/custom/matrix-bot-buscarron/tasks/setup_install.yml_(IaC)_']]","[['matrix-docker-ansible-deploy/roles/custom/etherpad-proxy-connect/tasks/main.yml_(IaC)_', 'matrix-docker-ansible-deploy/roles/custom/etherpad-proxy-connect/tasks/validate_config.yml_(IaC)_', 'matrix-docker-ansible-deploy/roles/custom/matrix-aux/tasks/main.yml_(IaC)_', 'matrix-docker-ansible-deploy/roles/custom/matrix-base/tasks/main.yml_(IaC)_', 'matrix-docker-ansible-deploy/roles/custom/matrix-bot-buscarron/tasks/main.yml_(IaC)_', 'matrix-docker-ansible-deploy/roles/custom/matrix-bot-chatgpt/tasks/main.yml_(IaC)_', 'matrix-docker-ansible-deploy/roles/custom/matrix-bot-draupnir/tasks/main.yml_(IaC)_', 'matrix-docker-ansible-deploy/roles/custom/matrix-bot-go-neb/tasks/main.yml_(IaC)_', 'matrix-docker-ansible-deploy/roles/custom/matrix-bot-honoroit/tasks/main.yml_(IaC)_', 'matrix-docker-ansible-deploy/roles/custom/matrix-bot-matrix-registration-bot/tasks/main.yml_(IaC)_', 'matrix-docker-ansible-deploy/roles/custom/matrix-bot-matrix-reminder-bot/tasks/main.yml_(IaC)_', 'matrix-docker-ansible-deploy/roles/custom/matrix-bot-maubot/tasks/main.yml_(IaC)_', 'matrix-docker-ansible-deploy/roles/custom/matrix-bot-mjolnir/tasks/main.yml_(IaC)_', 'matrix-docker-ansible-deploy/roles/custom/matrix-bot-postmoogle/tasks/main.yml_(IaC)_', 'matrix-docker-ansible-deploy/roles/custom/matrix-bridge-appservice-discord/tasks/main.yml_(IaC)_', 'matrix-docker-ansible-deploy/roles/custom/matrix-bridge-appservice-discord/tasks/setup_install.yml_(IaC)_', 'matrix-docker-ansible-deploy/roles/custom/matrix-bridge-appservice-irc/tasks/main.yml_(IaC)_', 'matrix-docker-ansible-deploy/roles/custom/matrix-bridge-appservice-irc/tasks/setup_install.yml_(IaC)_', 'matrix-docker-ansible-deploy/roles/custom/matrix-bridge-appservice-kakaotalk/tasks/main.yml_(IaC)_', 'matrix-docker-ansible-deploy/roles/custom/matrix-bridge-appservice-slack/tasks/main.yml_(IaC)_', 'matrix-docker-ansible-deploy/roles/custom/matrix-bridge-appservice-webhooks/tasks/main.yml_(IaC)_', 'matrix-docker-ansible-deploy/roles/custom/matrix-bridge-beeper-linkedin/tasks/main.yml_(IaC)_', 'matrix-docker-ansible-deploy/roles/custom/matrix-bridge-go-skype-bridge/tasks/main.yml_(IaC)_', 'matrix-docker-ansible-deploy/roles/custom/matrix-bridge-go-skype-bridge/tasks/setup_install.yml_(IaC)_', 'matrix-docker-ansible-deploy/roles/custom/matrix-bridge-heisenbridge/tasks/main.yml_(IaC)_', 'matrix-docker-ansible-deploy/roles/custom/matrix-bridge-hookshot/defaults/main.yml_(Other)_', 'matrix-docker-ansible-deploy/roles/custom/matrix-bridge-hookshot/tasks/main.yml_(IaC)_', 'matrix-docker-ansible-deploy/roles/custom/matrix-bridge-hookshot/tasks/setup_install.yml_(IaC)_', 'matrix-docker-ansible-deploy/roles/custom/matrix-bridge-mautrix-discord/tasks/main.yml_(IaC)_', 'matrix-docker-ansible-deploy/roles/custom/matrix-bridge-mautrix-facebook/tasks/main.yml_(IaC)_', 'matrix-docker-ansible-deploy/roles/custom/matrix-bridge-mautrix-facebook/tasks/setup_install.yml_(IaC)_', 'matrix-docker-ansible-deploy/roles/custom/matrix-bridge-mautrix-googlechat/tasks/main.yml_(IaC)_', 'matrix-docker-ansible-deploy/roles/custom/matrix-bridge-mautrix-hangouts/tasks/main.yml_(IaC)_', 'matrix-docker-ansible-deploy/roles/custom/matrix-bridge-mautrix-hangouts/tasks/setup_install.yml_(IaC)_', 'matrix-docker-ansible-deploy/roles/custom/matrix-bridge-mautrix-instagram/tasks/main.yml_(IaC)_', 'matrix-docker-ansible-deploy/roles/custom/matrix-bridge-mautrix-signal/tasks/main.yml_(IaC)_', 'matrix-docker-ansible-deploy/roles/custom/matrix-bridge-mautrix-slack/tasks/main.yml_(IaC)_', 'matrix-docker-ansible-deploy/roles/custom/matrix-bridge-mautrix-telegram/tasks/main.yml_(IaC)_', 'matrix-docker-ansible-deploy/roles/custom/matrix-bridge-mautrix-telegram/tasks/setup_install.yml_(IaC)_', 'matrix-docker-ansible-deploy/roles/custom/matrix-bridge-mautrix-twitter/tasks/main.yml_(IaC)_', 'matrix-docker-ansible-deploy/roles/custom/matrix-bridge-mautrix-whatsapp/tasks/main.yml_(IaC)_', 'matrix-docker-ansible-deploy/roles/custom/matrix-bridge-mautrix-whatsapp/tasks/setup_install.yml_(IaC)_', 'matrix-docker-ansible-deploy/roles/custom/matrix-bridge-mx-puppet-discord/tasks/main.yml_(IaC)_', 'matrix-docker-ansible-deploy/roles/custom/matrix-bridge-mx-puppet-groupme/tasks/main.yml_(IaC)_', 'matrix-docker-ansible-deploy/roles/custom/matrix-bridge-mx-puppet-groupme/tasks/setup_install.yml_(IaC)_', 'matrix-docker-ansible-deploy/roles/custom/matrix-bridge-mx-puppet-instagram/tasks/main.yml_(IaC)_', 'matrix-docker-ansible-deploy/roles/custom/matrix-bridge-mx-puppet-slack/tasks/main.yml_(IaC)_', 'matrix-docker-ansible-deploy/roles/custom/matrix-bridge-mx-puppet-slack/tasks/setup_install.yml_(IaC)_', 'matrix-docker-ansible-deploy/roles/custom/matrix-bridge-mx-puppet-steam/tasks/main.yml_(IaC)_', 'matrix-docker-ansible-deploy/roles/custom/matrix-bridge-mx-puppet-steam/tasks/setup_install.yml_(IaC)_', 'matrix-docker-ansible-deploy/roles/custom/matrix-bridge-mx-puppet-twitter/tasks/main.yml_(IaC)_', 'matrix-docker-ansible-deploy/roles/custom/matrix-bridge-mx-puppet-twitter/tasks/setup_install.yml_(IaC)_', 'matrix-docker-ansible-deploy/roles/custom/matrix-bridge-sms/tasks/main.yml_(IaC)_', 'matrix-docker-ansible-deploy/roles/custom/matrix-cactus-comments/tasks/main.yml_(IaC)_', 'matrix-docker-ansible-deploy/roles/custom/matrix-client-cinny/tasks/main.yml_(IaC)_', 'matrix-docker-ansible-deploy/roles/custom/matrix-client-element/tasks/main.yml_(IaC)_', 'matrix-docker-ansible-deploy/roles/custom/matrix-client-element/tasks/setup_install.yml_(IaC)_', 'matrix-docker-ansible-deploy/roles/custom/matrix-client-hydrogen/tasks/main.yml_(IaC)_', 'matrix-docker-ansible-deploy/roles/custom/matrix-common-after/tasks/main.yml_(IaC)_', 'matrix-docker-ansible-deploy/roles/custom/matrix-conduit/tasks/main.yml_(IaC)_', 'matrix-docker-ansible-deploy/roles/custom/matrix-corporal/tasks/main.yml_(IaC)_', 'matrix-docker-ansible-deploy/roles/custom/matrix-coturn/tasks/main.yml_(IaC)_', 'matrix-docker-ansible-deploy/roles/custom/matrix-coturn/tasks/setup_install.yml_(IaC)_', 'matrix-docker-ansible-deploy/roles/custom/matrix-dendrite/tasks/main.yml_(IaC)_', 'matrix-docker-ansible-deploy/roles/custom/matrix-dendrite/tasks/setup_install.yml_(IaC)_', 'matrix-docker-ansible-deploy/roles/custom/matrix-dimension/tasks/main.yml_(IaC)_', 'matrix-docker-ansible-deploy/roles/custom/matrix-dynamic-dns/tasks/main.yml_(IaC)_', 'matrix-docker-ansible-deploy/roles/custom/matrix-email2matrix/tasks/main.yml_(IaC)_', 'matrix-docker-ansible-deploy/roles/custom/matrix-jitsi/tasks/main.yml_(IaC)_', 'matrix-docker-ansible-deploy/roles/custom/matrix-jitsi/tasks/util/setup_jitsi_auth_uvs_install.yml_(IaC)_', 'matrix-docker-ansible-deploy/roles/custom/matrix-ldap-registration-proxy/tasks/main.yml_(IaC)_', 'matrix-docker-ansible-deploy/roles/custom/matrix-ma1sd/tasks/main.yml_(IaC)_', 'matrix-docker-ansible-deploy/roles/custom/matrix-ma1sd/tasks/setup_install.yml_(IaC)_', 'matrix-docker-ansible-deploy/roles/custom/matrix-mailer/tasks/main.yml_(IaC)_', 'matrix-docker-ansible-deploy/roles/custom/matrix-nginx-proxy/tasks/main.yml_(IaC)_', 'matrix-docker-ansible-deploy/roles/custom/matrix-nginx-proxy/tasks/ssl/setup_ssl_lets_encrypt_obtain_for_domain.yml_(IaC)_', 'matrix-docker-ansible-deploy/roles/custom/matrix-nginx-proxy/tasks/ssl/setup_ssl_self_signed_obtain_for_domain.yml_(IaC)_', 'matrix-docker-ansible-deploy/roles/custom/matrix-prometheus-nginxlog-exporter/tasks/main.yml_(IaC)_', 'matrix-docker-ansible-deploy/roles/custom/matrix-prometheus-services-proxy-connect/tasks/main.yml_(IaC)_', 'matrix-docker-ansible-deploy/roles/custom/matrix-prometheus/tasks/main.yml_(IaC)_', 'matrix-docker-ansible-deploy/roles/custom/matrix-rageshake/tasks/install.yml_(IaC)_', 'matrix-docker-ansible-deploy/roles/custom/matrix-rageshake/tasks/main.yml_(IaC)_', 'matrix-docker-ansible-deploy/roles/custom/matrix-registration/tasks/main.yml_(IaC)_', 'matrix-docker-ansible-deploy/roles/custom/matrix-sliding-sync/tasks/install.yml_(IaC)_', 'matrix-docker-ansible-deploy/roles/custom/matrix-sliding-sync/tasks/main.yml_(IaC)_', 'matrix-docker-ansible-deploy/roles/custom/matrix-sygnal/tasks/main.yml_(IaC)_', 'matrix-docker-ansible-deploy/roles/custom/matrix-synapse-admin/tasks/main.yml_(IaC)_', 'matrix-docker-ansible-deploy/roles/custom/matrix-synapse-reverse-proxy-companion/tasks/main.yml_(IaC)_', 'matrix-docker-ansible-deploy/roles/custom/matrix-synapse/tasks/ext/setup_install.yml_(IaC)_', 'matrix-docker-ansible-deploy/roles/custom/matrix-synapse/tasks/ext/setup_uninstall.yml_(IaC)_', 'matrix-docker-ansible-deploy/roles/custom/matrix-synapse/tasks/main.yml_(IaC)_', 'matrix-docker-ansible-deploy/roles/custom/matrix-synapse/tasks/setup_install.yml_(IaC)_', 'matrix-docker-ansible-deploy/roles/custom/matrix-synapse/tasks/setup_uninstall.yml_(IaC)_', 'matrix-docker-ansible-deploy/roles/custom/matrix-synapse/tasks/synapse/setup_install.yml_(IaC)_', 'matrix-docker-ansible-deploy/roles/custom/matrix-user-creator/tasks/main.yml_(IaC)_', 'matrix-docker-ansible-deploy/roles/custom/matrix-user-verification-service/tasks/main.yml_(IaC)_', 'matrix-docker-ansible-deploy/roles/custom/matrix_playbook_migration/tasks/main.yml_(IaC)_']]",['dddfee16bc852fc989b057bd1867f0e85825846d'],[1.0],[0.030927835051546393],[0.06000000000000001],[1],[1.0]
[3],"[[195, 429, 219, 208, 145, 242, 272, 507, 285, 254]]","[['matrix-docker-ansible-deploy/roles/custom/matrix-bridge-mautrix-telegram/tasks/setup_install.yml_(IaC)_', 'matrix-docker-ansible-deploy/roles/custom/matrix-bridge-mautrix-discord/tasks/setup_install.yml_(IaC)_', 'matrix-docker-ansible-deploy/roles/custom/matrix-bot-honoroit/tasks/setup_install.yml_(IaC)_', 'matrix-docker-ansible-deploy/roles/custom/matrix-client-hydrogen/templates/labels.j2_(Other)_', 'matrix-docker-ansible-deploy/roles/custom/matrix-common-after/tasks/main.yml_(IaC)_', 'matrix-docker-ansible-deploy/roles/custom/matrix-nginx-proxy/templates/labels.j2_(Other)_', 'matrix-docker-ansible-deploy/roles/custom/matrix-corporal/tasks/setup_install.yml_(IaC)_', 'matrix-docker-ansible-deploy/roles/custom/matrix-bridge-mx-puppet-slack/tasks/validate_config.yml_(IaC)_', 'matrix-docker-ansible-deploy/roles/custom/matrix-bot-matrix-reminder-bot/tasks/main.yml_(IaC)_', 'matrix-docker-ansible-deploy/roles/custom/matrix-nginx-proxy/templates/nginx/conf.d/matrix-conduit.conf.j2_(Other)_']]","[['matrix-docker-ansible-deploy/roles/custom/etherpad-proxy-connect/tasks/main.yml_(IaC)_', 'matrix-docker-ansible-deploy/roles/custom/etherpad-proxy-connect/tasks/validate_config.yml_(IaC)_', 'matrix-docker-ansible-deploy/roles/custom/matrix-aux/tasks/main.yml_(IaC)_', 'matrix-docker-ansible-deploy/roles/custom/matrix-base/tasks/main.yml_(IaC)_', 'matrix-docker-ansible-deploy/roles/custom/matrix-bot-buscarron/tasks/main.yml_(IaC)_', 'matrix-docker-ansible-deploy/roles/custom/matrix-bot-chatgpt/tasks/main.yml_(IaC)_', 'matrix-docker-ansible-deploy/roles/custom/matrix-bot-draupnir/tasks/main.yml_(IaC)_', 'matrix-docker-ansible-deploy/roles/custom/matrix-bot-go-neb/tasks/main.yml_(IaC)_', 'matrix-docker-ansible-deploy/roles/custom/matrix-bot-honoroit/tasks/main.yml_(IaC)_', 'matrix-docker-ansible-deploy/roles/custom/matrix-bot-matrix-registration-bot/tasks/main.yml_(IaC)_', 'matrix-docker-ansible-deploy/roles/custom/matrix-bot-matrix-reminder-bot/tasks/main.yml_(IaC)_', 'matrix-docker-ansible-deploy/roles/custom/matrix-bot-maubot/tasks/main.yml_(IaC)_', 'matrix-docker-ansible-deploy/roles/custom/matrix-bot-mjolnir/tasks/main.yml_(IaC)_', 'matrix-docker-ansible-deploy/roles/custom/matrix-bot-postmoogle/tasks/main.yml_(IaC)_', 'matrix-docker-ansible-deploy/roles/custom/matrix-bridge-appservice-discord/tasks/main.yml_(IaC)_', 'matrix-docker-ansible-deploy/roles/custom/matrix-bridge-appservice-discord/tasks/setup_install.yml_(IaC)_', 'matrix-docker-ansible-deploy/roles/custom/matrix-bridge-appservice-irc/tasks/main.yml_(IaC)_', 'matrix-docker-ansible-deploy/roles/custom/matrix-bridge-appservice-irc/tasks/setup_install.yml_(IaC)_', 'matrix-docker-ansible-deploy/roles/custom/matrix-bridge-appservice-kakaotalk/tasks/main.yml_(IaC)_', 'matrix-docker-ansible-deploy/roles/custom/matrix-bridge-appservice-slack/tasks/main.yml_(IaC)_', 'matrix-docker-ansible-deploy/roles/custom/matrix-bridge-appservice-webhooks/tasks/main.yml_(IaC)_', 'matrix-docker-ansible-deploy/roles/custom/matrix-bridge-beeper-linkedin/tasks/main.yml_(IaC)_', 'matrix-docker-ansible-deploy/roles/custom/matrix-bridge-go-skype-bridge/tasks/main.yml_(IaC)_', 'matrix-docker-ansible-deploy/roles/custom/matrix-bridge-go-skype-bridge/tasks/setup_install.yml_(IaC)_', 'matrix-docker-ansible-deploy/roles/custom/matrix-bridge-heisenbridge/tasks/main.yml_(IaC)_', 'matrix-docker-ansible-deploy/roles/custom/matrix-bridge-hookshot/defaults/main.yml_(Other)_', 'matrix-docker-ansible-deploy/roles/custom/matrix-bridge-hookshot/tasks/main.yml_(IaC)_', 'matrix-docker-ansible-deploy/roles/custom/matrix-bridge-hookshot/tasks/setup_install.yml_(IaC)_', 'matrix-docker-ansible-deploy/roles/custom/matrix-bridge-mautrix-discord/tasks/main.yml_(IaC)_', 'matrix-docker-ansible-deploy/roles/custom/matrix-bridge-mautrix-facebook/tasks/main.yml_(IaC)_', 'matrix-docker-ansible-deploy/roles/custom/matrix-bridge-mautrix-facebook/tasks/setup_install.yml_(IaC)_', 'matrix-docker-ansible-deploy/roles/custom/matrix-bridge-mautrix-googlechat/tasks/main.yml_(IaC)_', 'matrix-docker-ansible-deploy/roles/custom/matrix-bridge-mautrix-hangouts/tasks/main.yml_(IaC)_', 'matrix-docker-ansible-deploy/roles/custom/matrix-bridge-mautrix-hangouts/tasks/setup_install.yml_(IaC)_', 'matrix-docker-ansible-deploy/roles/custom/matrix-bridge-mautrix-instagram/tasks/main.yml_(IaC)_', 'matrix-docker-ansible-deploy/roles/custom/matrix-bridge-mautrix-signal/tasks/main.yml_(IaC)_', 'matrix-docker-ansible-deploy/roles/custom/matrix-bridge-mautrix-slack/tasks/main.yml_(IaC)_', 'matrix-docker-ansible-deploy/roles/custom/matrix-bridge-mautrix-telegram/tasks/main.yml_(IaC)_', 'matrix-docker-ansible-deploy/roles/custom/matrix-bridge-mautrix-telegram/tasks/setup_install.yml_(IaC)_', 'matrix-docker-ansible-deploy/roles/custom/matrix-bridge-mautrix-twitter/tasks/main.yml_(IaC)_', 'matrix-docker-ansible-deploy/roles/custom/matrix-bridge-mautrix-whatsapp/tasks/main.yml_(IaC)_', 'matrix-docker-ansible-deploy/roles/custom/matrix-bridge-mautrix-whatsapp/tasks/setup_install.yml_(IaC)_', 'matrix-docker-ansible-deploy/roles/custom/matrix-bridge-mx-puppet-discord/tasks/main.yml_(IaC)_', 'matrix-docker-ansible-deploy/roles/custom/matrix-bridge-mx-puppet-groupme/tasks/main.yml_(IaC)_', 'matrix-docker-ansible-deploy/roles/custom/matrix-bridge-mx-puppet-groupme/tasks/setup_install.yml_(IaC)_', 'matrix-docker-ansible-deploy/roles/custom/matrix-bridge-mx-puppet-instagram/tasks/main.yml_(IaC)_', 'matrix-docker-ansible-deploy/roles/custom/matrix-bridge-mx-puppet-slack/tasks/main.yml_(IaC)_', 'matrix-docker-ansible-deploy/roles/custom/matrix-bridge-mx-puppet-slack/tasks/setup_install.yml_(IaC)_', 'matrix-docker-ansible-deploy/roles/custom/matrix-bridge-mx-puppet-steam/tasks/main.yml_(IaC)_', 'matrix-docker-ansible-deploy/roles/custom/matrix-bridge-mx-puppet-steam/tasks/setup_install.yml_(IaC)_', 'matrix-docker-ansible-deploy/roles/custom/matrix-bridge-mx-puppet-twitter/tasks/main.yml_(IaC)_', 'matrix-docker-ansible-deploy/roles/custom/matrix-bridge-mx-puppet-twitter/tasks/setup_install.yml_(IaC)_', 'matrix-docker-ansible-deploy/roles/custom/matrix-bridge-sms/tasks/main.yml_(IaC)_', 'matrix-docker-ansible-deploy/roles/custom/matrix-cactus-comments/tasks/main.yml_(IaC)_', 'matrix-docker-ansible-deploy/roles/custom/matrix-client-cinny/tasks/main.yml_(IaC)_', 'matrix-docker-ansible-deploy/roles/custom/matrix-client-element/tasks/main.yml_(IaC)_', 'matrix-docker-ansible-deploy/roles/custom/matrix-client-element/tasks/setup_install.yml_(IaC)_', 'matrix-docker-ansible-deploy/roles/custom/matrix-client-hydrogen/tasks/main.yml_(IaC)_', 'matrix-docker-ansible-deploy/roles/custom/matrix-common-after/tasks/main.yml_(IaC)_', 'matrix-docker-ansible-deploy/roles/custom/matrix-conduit/tasks/main.yml_(IaC)_', 'matrix-docker-ansible-deploy/roles/custom/matrix-corporal/tasks/main.yml_(IaC)_', 'matrix-docker-ansible-deploy/roles/custom/matrix-coturn/tasks/main.yml_(IaC)_', 'matrix-docker-ansible-deploy/roles/custom/matrix-coturn/tasks/setup_install.yml_(IaC)_', 'matrix-docker-ansible-deploy/roles/custom/matrix-dendrite/tasks/main.yml_(IaC)_', 'matrix-docker-ansible-deploy/roles/custom/matrix-dendrite/tasks/setup_install.yml_(IaC)_', 'matrix-docker-ansible-deploy/roles/custom/matrix-dimension/tasks/main.yml_(IaC)_', 'matrix-docker-ansible-deploy/roles/custom/matrix-dynamic-dns/tasks/main.yml_(IaC)_', 'matrix-docker-ansible-deploy/roles/custom/matrix-email2matrix/tasks/main.yml_(IaC)_', 'matrix-docker-ansible-deploy/roles/custom/matrix-jitsi/tasks/main.yml_(IaC)_', 'matrix-docker-ansible-deploy/roles/custom/matrix-jitsi/tasks/util/setup_jitsi_auth_uvs_install.yml_(IaC)_', 'matrix-docker-ansible-deploy/roles/custom/matrix-ldap-registration-proxy/tasks/main.yml_(IaC)_', 'matrix-docker-ansible-deploy/roles/custom/matrix-ma1sd/tasks/main.yml_(IaC)_', 'matrix-docker-ansible-deploy/roles/custom/matrix-ma1sd/tasks/setup_install.yml_(IaC)_', 'matrix-docker-ansible-deploy/roles/custom/matrix-mailer/tasks/main.yml_(IaC)_', 'matrix-docker-ansible-deploy/roles/custom/matrix-nginx-proxy/tasks/main.yml_(IaC)_', 'matrix-docker-ansible-deploy/roles/custom/matrix-nginx-proxy/tasks/ssl/setup_ssl_lets_encrypt_obtain_for_domain.yml_(IaC)_', 'matrix-docker-ansible-deploy/roles/custom/matrix-nginx-proxy/tasks/ssl/setup_ssl_self_signed_obtain_for_domain.yml_(IaC)_', 'matrix-docker-ansible-deploy/roles/custom/matrix-prometheus-nginxlog-exporter/tasks/main.yml_(IaC)_', 'matrix-docker-ansible-deploy/roles/custom/matrix-prometheus-services-proxy-connect/tasks/main.yml_(IaC)_', 'matrix-docker-ansible-deploy/roles/custom/matrix-prometheus/tasks/main.yml_(IaC)_', 'matrix-docker-ansible-deploy/roles/custom/matrix-rageshake/tasks/install.yml_(IaC)_', 'matrix-docker-ansible-deploy/roles/custom/matrix-rageshake/tasks/main.yml_(IaC)_', 'matrix-docker-ansible-deploy/roles/custom/matrix-registration/tasks/main.yml_(IaC)_', 'matrix-docker-ansible-deploy/roles/custom/matrix-sliding-sync/tasks/install.yml_(IaC)_', 'matrix-docker-ansible-deploy/roles/custom/matrix-sliding-sync/tasks/main.yml_(IaC)_', 'matrix-docker-ansible-deploy/roles/custom/matrix-sygnal/tasks/main.yml_(IaC)_', 'matrix-docker-ansible-deploy/roles/custom/matrix-synapse-admin/tasks/main.yml_(IaC)_', 'matrix-docker-ansible-deploy/roles/custom/matrix-synapse-reverse-proxy-companion/tasks/main.yml_(IaC)_', 'matrix-docker-ansible-deploy/roles/custom/matrix-synapse/tasks/ext/setup_install.yml_(IaC)_', 'matrix-docker-ansible-deploy/roles/custom/matrix-synapse/tasks/ext/setup_uninstall.yml_(IaC)_', 'matrix-docker-ansible-deploy/roles/custom/matrix-synapse/tasks/main.yml_(IaC)_', 'matrix-docker-ansible-deploy/roles/custom/matrix-synapse/tasks/setup_install.yml_(IaC)_', 'matrix-docker-ansible-deploy/roles/custom/matrix-synapse/tasks/setup_uninstall.yml_(IaC)_', 'matrix-docker-ansible-deploy/roles/custom/matrix-synapse/tasks/synapse/setup_install.yml_(IaC)_', 'matrix-docker-ansible-deploy/roles/custom/matrix-user-creator/tasks/main.yml_(IaC)_', 'matrix-docker-ansible-deploy/roles/custom/matrix-user-verification-service/tasks/main.yml_(IaC)_', 'matrix-docker-ansible-deploy/roles/custom/matrix_playbook_migration/tasks/main.yml_(IaC)_']]",['dddfee16bc852fc989b057bd1867f0e85825846d'],[0.3333333333333333],[0.010309278350515464],[0.02],[1],[1.0]
[3],"[[581, 616, 585, 11, 428, 429, 303, 565, 280, 505, 92, 157]]","[['matrix-docker-ansible-deploy/roles/custom/matrix-bridge-mautrix-hangouts/tasks/setup_install.yml_(IaC)_', 'matrix-docker-ansible-deploy/roles/custom/matrix-coturn/tasks/setup_install.yml_(IaC)_', 'matrix-docker-ansible-deploy/roles/custom/matrix-bridge-mautrix-hangouts/templates/systemd/matrix-mautrix-hangouts.service.j2_(Other)_', 'matrix-docker-ansible-deploy/roles/custom/matrix-client-element/tasks/self_check.yml_(IaC)_', 'matrix-docker-ansible-deploy/roles/custom/matrix-bridge-mautrix-discord/tasks/setup_uninstall.yml_(IaC)_', 'matrix-docker-ansible-deploy/roles/custom/matrix-bridge-mautrix-discord/tasks/setup_install.yml_(IaC)_', 'matrix-docker-ansible-deploy/roles/custom/matrix-bridge-mx-puppet-groupme/tasks/setup_install.yml_(IaC)_', 'matrix-docker-ansible-deploy/roles/custom/matrix-bridge-appservice-irc/tasks/setup_install.yml_(IaC)_', 'matrix-docker-ansible-deploy/roles/custom/matrix-bridge-heisenbridge/defaults/main.yml_(Other)_', 'matrix-docker-ansible-deploy/roles/custom/matrix-synapse/templates/synapse/ext/s3-storage-provider/systemd/matrix-synapse-s3-storage-provider-migrate.service.j2_(Other)_', 'matrix-docker-ansible-deploy/roles/custom/matrix-bridge-sms/tasks/setup_install.yml_(IaC)_', 'matrix-docker-ansible-deploy/roles/custom/matrix-bot-postmoogle/defaults/main.yml_(Other)_']]","[['matrix-docker-ansible-deploy/roles/custom/etherpad-proxy-connect/tasks/main.yml_(IaC)_', 'matrix-docker-ansible-deploy/roles/custom/etherpad-proxy-connect/tasks/validate_config.yml_(IaC)_', 'matrix-docker-ansible-deploy/roles/custom/matrix-aux/tasks/main.yml_(IaC)_', 'matrix-docker-ansible-deploy/roles/custom/matrix-base/tasks/main.yml_(IaC)_', 'matrix-docker-ansible-deploy/roles/custom/matrix-bot-buscarron/tasks/main.yml_(IaC)_', 'matrix-docker-ansible-deploy/roles/custom/matrix-bot-chatgpt/tasks/main.yml_(IaC)_', 'matrix-docker-ansible-deploy/roles/custom/matrix-bot-draupnir/tasks/main.yml_(IaC)_', 'matrix-docker-ansible-deploy/roles/custom/matrix-bot-go-neb/tasks/main.yml_(IaC)_', 'matrix-docker-ansible-deploy/roles/custom/matrix-bot-honoroit/tasks/main.yml_(IaC)_', 'matrix-docker-ansible-deploy/roles/custom/matrix-bot-matrix-registration-bot/tasks/main.yml_(IaC)_', 'matrix-docker-ansible-deploy/roles/custom/matrix-bot-matrix-reminder-bot/tasks/main.yml_(IaC)_', 'matrix-docker-ansible-deploy/roles/custom/matrix-bot-maubot/tasks/main.yml_(IaC)_', 'matrix-docker-ansible-deploy/roles/custom/matrix-bot-mjolnir/tasks/main.yml_(IaC)_', 'matrix-docker-ansible-deploy/roles/custom/matrix-bot-postmoogle/tasks/main.yml_(IaC)_', 'matrix-docker-ansible-deploy/roles/custom/matrix-bridge-appservice-discord/tasks/main.yml_(IaC)_', 'matrix-docker-ansible-deploy/roles/custom/matrix-bridge-appservice-discord/tasks/setup_install.yml_(IaC)_', 'matrix-docker-ansible-deploy/roles/custom/matrix-bridge-appservice-irc/tasks/main.yml_(IaC)_', 'matrix-docker-ansible-deploy/roles/custom/matrix-bridge-appservice-irc/tasks/setup_install.yml_(IaC)_', 'matrix-docker-ansible-deploy/roles/custom/matrix-bridge-appservice-kakaotalk/tasks/main.yml_(IaC)_', 'matrix-docker-ansible-deploy/roles/custom/matrix-bridge-appservice-slack/tasks/main.yml_(IaC)_', 'matrix-docker-ansible-deploy/roles/custom/matrix-bridge-appservice-webhooks/tasks/main.yml_(IaC)_', 'matrix-docker-ansible-deploy/roles/custom/matrix-bridge-beeper-linkedin/tasks/main.yml_(IaC)_', 'matrix-docker-ansible-deploy/roles/custom/matrix-bridge-go-skype-bridge/tasks/main.yml_(IaC)_', 'matrix-docker-ansible-deploy/roles/custom/matrix-bridge-go-skype-bridge/tasks/setup_install.yml_(IaC)_', 'matrix-docker-ansible-deploy/roles/custom/matrix-bridge-heisenbridge/tasks/main.yml_(IaC)_', 'matrix-docker-ansible-deploy/roles/custom/matrix-bridge-hookshot/defaults/main.yml_(Other)_', 'matrix-docker-ansible-deploy/roles/custom/matrix-bridge-hookshot/tasks/main.yml_(IaC)_', 'matrix-docker-ansible-deploy/roles/custom/matrix-bridge-hookshot/tasks/setup_install.yml_(IaC)_', 'matrix-docker-ansible-deploy/roles/custom/matrix-bridge-mautrix-discord/tasks/main.yml_(IaC)_', 'matrix-docker-ansible-deploy/roles/custom/matrix-bridge-mautrix-facebook/tasks/main.yml_(IaC)_', 'matrix-docker-ansible-deploy/roles/custom/matrix-bridge-mautrix-facebook/tasks/setup_install.yml_(IaC)_', 'matrix-docker-ansible-deploy/roles/custom/matrix-bridge-mautrix-googlechat/tasks/main.yml_(IaC)_', 'matrix-docker-ansible-deploy/roles/custom/matrix-bridge-mautrix-hangouts/tasks/main.yml_(IaC)_', 'matrix-docker-ansible-deploy/roles/custom/matrix-bridge-mautrix-hangouts/tasks/setup_install.yml_(IaC)_', 'matrix-docker-ansible-deploy/roles/custom/matrix-bridge-mautrix-instagram/tasks/main.yml_(IaC)_', 'matrix-docker-ansible-deploy/roles/custom/matrix-bridge-mautrix-signal/tasks/main.yml_(IaC)_', 'matrix-docker-ansible-deploy/roles/custom/matrix-bridge-mautrix-slack/tasks/main.yml_(IaC)_', 'matrix-docker-ansible-deploy/roles/custom/matrix-bridge-mautrix-telegram/tasks/main.yml_(IaC)_', 'matrix-docker-ansible-deploy/roles/custom/matrix-bridge-mautrix-telegram/tasks/setup_install.yml_(IaC)_', 'matrix-docker-ansible-deploy/roles/custom/matrix-bridge-mautrix-twitter/tasks/main.yml_(IaC)_', 'matrix-docker-ansible-deploy/roles/custom/matrix-bridge-mautrix-whatsapp/tasks/main.yml_(IaC)_', 'matrix-docker-ansible-deploy/roles/custom/matrix-bridge-mautrix-whatsapp/tasks/setup_install.yml_(IaC)_', 'matrix-docker-ansible-deploy/roles/custom/matrix-bridge-mx-puppet-discord/tasks/main.yml_(IaC)_', 'matrix-docker-ansible-deploy/roles/custom/matrix-bridge-mx-puppet-groupme/tasks/main.yml_(IaC)_', 'matrix-docker-ansible-deploy/roles/custom/matrix-bridge-mx-puppet-groupme/tasks/setup_install.yml_(IaC)_', 'matrix-docker-ansible-deploy/roles/custom/matrix-bridge-mx-puppet-instagram/tasks/main.yml_(IaC)_', 'matrix-docker-ansible-deploy/roles/custom/matrix-bridge-mx-puppet-slack/tasks/main.yml_(IaC)_', 'matrix-docker-ansible-deploy/roles/custom/matrix-bridge-mx-puppet-slack/tasks/setup_install.yml_(IaC)_', 'matrix-docker-ansible-deploy/roles/custom/matrix-bridge-mx-puppet-steam/tasks/main.yml_(IaC)_', 'matrix-docker-ansible-deploy/roles/custom/matrix-bridge-mx-puppet-steam/tasks/setup_install.yml_(IaC)_', 'matrix-docker-ansible-deploy/roles/custom/matrix-bridge-mx-puppet-twitter/tasks/main.yml_(IaC)_', 'matrix-docker-ansible-deploy/roles/custom/matrix-bridge-mx-puppet-twitter/tasks/setup_install.yml_(IaC)_', 'matrix-docker-ansible-deploy/roles/custom/matrix-bridge-sms/tasks/main.yml_(IaC)_', 'matrix-docker-ansible-deploy/roles/custom/matrix-cactus-comments/tasks/main.yml_(IaC)_', 'matrix-docker-ansible-deploy/roles/custom/matrix-client-cinny/tasks/main.yml_(IaC)_', 'matrix-docker-ansible-deploy/roles/custom/matrix-client-element/tasks/main.yml_(IaC)_', 'matrix-docker-ansible-deploy/roles/custom/matrix-client-element/tasks/setup_install.yml_(IaC)_', 'matrix-docker-ansible-deploy/roles/custom/matrix-client-hydrogen/tasks/main.yml_(IaC)_', 'matrix-docker-ansible-deploy/roles/custom/matrix-common-after/tasks/main.yml_(IaC)_', 'matrix-docker-ansible-deploy/roles/custom/matrix-conduit/tasks/main.yml_(IaC)_', 'matrix-docker-ansible-deploy/roles/custom/matrix-corporal/tasks/main.yml_(IaC)_', 'matrix-docker-ansible-deploy/roles/custom/matrix-coturn/tasks/main.yml_(IaC)_', 'matrix-docker-ansible-deploy/roles/custom/matrix-coturn/tasks/setup_install.yml_(IaC)_', 'matrix-docker-ansible-deploy/roles/custom/matrix-dendrite/tasks/main.yml_(IaC)_', 'matrix-docker-ansible-deploy/roles/custom/matrix-dendrite/tasks/setup_install.yml_(IaC)_', 'matrix-docker-ansible-deploy/roles/custom/matrix-dimension/tasks/main.yml_(IaC)_', 'matrix-docker-ansible-deploy/roles/custom/matrix-dynamic-dns/tasks/main.yml_(IaC)_', 'matrix-docker-ansible-deploy/roles/custom/matrix-email2matrix/tasks/main.yml_(IaC)_', 'matrix-docker-ansible-deploy/roles/custom/matrix-jitsi/tasks/main.yml_(IaC)_', 'matrix-docker-ansible-deploy/roles/custom/matrix-jitsi/tasks/util/setup_jitsi_auth_uvs_install.yml_(IaC)_', 'matrix-docker-ansible-deploy/roles/custom/matrix-ldap-registration-proxy/tasks/main.yml_(IaC)_', 'matrix-docker-ansible-deploy/roles/custom/matrix-ma1sd/tasks/main.yml_(IaC)_', 'matrix-docker-ansible-deploy/roles/custom/matrix-ma1sd/tasks/setup_install.yml_(IaC)_', 'matrix-docker-ansible-deploy/roles/custom/matrix-mailer/tasks/main.yml_(IaC)_', 'matrix-docker-ansible-deploy/roles/custom/matrix-nginx-proxy/tasks/main.yml_(IaC)_', 'matrix-docker-ansible-deploy/roles/custom/matrix-nginx-proxy/tasks/ssl/setup_ssl_lets_encrypt_obtain_for_domain.yml_(IaC)_', 'matrix-docker-ansible-deploy/roles/custom/matrix-nginx-proxy/tasks/ssl/setup_ssl_self_signed_obtain_for_domain.yml_(IaC)_', 'matrix-docker-ansible-deploy/roles/custom/matrix-prometheus-nginxlog-exporter/tasks/main.yml_(IaC)_', 'matrix-docker-ansible-deploy/roles/custom/matrix-prometheus-services-proxy-connect/tasks/main.yml_(IaC)_', 'matrix-docker-ansible-deploy/roles/custom/matrix-prometheus/tasks/main.yml_(IaC)_', 'matrix-docker-ansible-deploy/roles/custom/matrix-rageshake/tasks/install.yml_(IaC)_', 'matrix-docker-ansible-deploy/roles/custom/matrix-rageshake/tasks/main.yml_(IaC)_', 'matrix-docker-ansible-deploy/roles/custom/matrix-registration/tasks/main.yml_(IaC)_', 'matrix-docker-ansible-deploy/roles/custom/matrix-sliding-sync/tasks/install.yml_(IaC)_', 'matrix-docker-ansible-deploy/roles/custom/matrix-sliding-sync/tasks/main.yml_(IaC)_', 'matrix-docker-ansible-deploy/roles/custom/matrix-sygnal/tasks/main.yml_(IaC)_', 'matrix-docker-ansible-deploy/roles/custom/matrix-synapse-admin/tasks/main.yml_(IaC)_', 'matrix-docker-ansible-deploy/roles/custom/matrix-synapse-reverse-proxy-companion/tasks/main.yml_(IaC)_', 'matrix-docker-ansible-deploy/roles/custom/matrix-synapse/tasks/ext/setup_install.yml_(IaC)_', 'matrix-docker-ansible-deploy/roles/custom/matrix-synapse/tasks/ext/setup_uninstall.yml_(IaC)_', 'matrix-docker-ansible-deploy/roles/custom/matrix-synapse/tasks/main.yml_(IaC)_', 'matrix-docker-ansible-deploy/roles/custom/matrix-synapse/tasks/setup_install.yml_(IaC)_', 'matrix-docker-ansible-deploy/roles/custom/matrix-synapse/tasks/setup_uninstall.yml_(IaC)_', 'matrix-docker-ansible-deploy/roles/custom/matrix-synapse/tasks/synapse/setup_install.yml_(IaC)_', 'matrix-docker-ansible-deploy/roles/custom/matrix-user-creator/tasks/main.yml_(IaC)_', 'matrix-docker-ansible-deploy/roles/custom/matrix-user-verification-service/tasks/main.yml_(IaC)_', 'matrix-docker-ansible-deploy/roles/custom/matrix_playbook_migration/tasks/main.yml_(IaC)_']]",['dddfee16bc852fc989b057bd1867f0e85825846d'],[0.6666666666666666],[0.020618556701030927],[0.04],[1],[1.0]
[3],"[[609, 66, 579, 163, 129, 187, 494, 280, 603, 283, 444]]","[['matrix-docker-ansible-deploy/roles/custom/matrix-bridge-mautrix-twitter/tasks/setup_install.yml_(IaC)_', 'matrix-docker-ansible-deploy/roles/custom/matrix-bridge-appservice-kakaotalk/tasks/setup_install.yml_(IaC)_', 'matrix-docker-ansible-deploy/roles/custom/matrix-bridge-mautrix-hangouts/tasks/setup_uninstall.yml_(IaC)_', 'matrix-docker-ansible-deploy/roles/custom/matrix-bridge-mautrix-facebook/tasks/setup_install.yml_(IaC)_', 'matrix-docker-ansible-deploy/roles/custom/matrix-bridge-mautrix-whatsapp/tasks/setup_install.yml_(IaC)_', 'matrix-docker-ansible-deploy/roles/custom/matrix-dimension/tasks/main.yml_(IaC)_', 'matrix-docker-ansible-deploy/roles/custom/matrix-synapse/templates/synapse/worker.yaml.j2_(Other)_', 'matrix-docker-ansible-deploy/roles/custom/matrix-bridge-heisenbridge/defaults/main.yml_(Other)_', 'matrix-docker-ansible-deploy/roles/custom/matrix-bridge-mautrix-signal/templates/env.j2_(Other)_', 'matrix-docker-ansible-deploy/roles/custom/matrix-bot-matrix-reminder-bot/tasks/setup_uninstall.yml_(IaC)_', 'matrix-docker-ansible-deploy/roles/custom/matrix-bridge-go-skype-bridge/tasks/setup_install.yml_(IaC)_']]","[['matrix-docker-ansible-deploy/roles/custom/etherpad-proxy-connect/tasks/main.yml_(IaC)_', 'matrix-docker-ansible-deploy/roles/custom/etherpad-proxy-connect/tasks/validate_config.yml_(IaC)_', 'matrix-docker-ansible-deploy/roles/custom/matrix-aux/tasks/main.yml_(IaC)_', 'matrix-docker-ansible-deploy/roles/custom/matrix-base/tasks/main.yml_(IaC)_', 'matrix-docker-ansible-deploy/roles/custom/matrix-bot-buscarron/tasks/main.yml_(IaC)_', 'matrix-docker-ansible-deploy/roles/custom/matrix-bot-chatgpt/tasks/main.yml_(IaC)_', 'matrix-docker-ansible-deploy/roles/custom/matrix-bot-draupnir/tasks/main.yml_(IaC)_', 'matrix-docker-ansible-deploy/roles/custom/matrix-bot-go-neb/tasks/main.yml_(IaC)_', 'matrix-docker-ansible-deploy/roles/custom/matrix-bot-honoroit/tasks/main.yml_(IaC)_', 'matrix-docker-ansible-deploy/roles/custom/matrix-bot-matrix-registration-bot/tasks/main.yml_(IaC)_', 'matrix-docker-ansible-deploy/roles/custom/matrix-bot-matrix-reminder-bot/tasks/main.yml_(IaC)_', 'matrix-docker-ansible-deploy/roles/custom/matrix-bot-maubot/tasks/main.yml_(IaC)_', 'matrix-docker-ansible-deploy/roles/custom/matrix-bot-mjolnir/tasks/main.yml_(IaC)_', 'matrix-docker-ansible-deploy/roles/custom/matrix-bot-postmoogle/tasks/main.yml_(IaC)_', 'matrix-docker-ansible-deploy/roles/custom/matrix-bridge-appservice-discord/tasks/main.yml_(IaC)_', 'matrix-docker-ansible-deploy/roles/custom/matrix-bridge-appservice-discord/tasks/setup_install.yml_(IaC)_', 'matrix-docker-ansible-deploy/roles/custom/matrix-bridge-appservice-irc/tasks/main.yml_(IaC)_', 'matrix-docker-ansible-deploy/roles/custom/matrix-bridge-appservice-irc/tasks/setup_install.yml_(IaC)_', 'matrix-docker-ansible-deploy/roles/custom/matrix-bridge-appservice-kakaotalk/tasks/main.yml_(IaC)_', 'matrix-docker-ansible-deploy/roles/custom/matrix-bridge-appservice-slack/tasks/main.yml_(IaC)_', 'matrix-docker-ansible-deploy/roles/custom/matrix-bridge-appservice-webhooks/tasks/main.yml_(IaC)_', 'matrix-docker-ansible-deploy/roles/custom/matrix-bridge-beeper-linkedin/tasks/main.yml_(IaC)_', 'matrix-docker-ansible-deploy/roles/custom/matrix-bridge-go-skype-bridge/tasks/main.yml_(IaC)_', 'matrix-docker-ansible-deploy/roles/custom/matrix-bridge-go-skype-bridge/tasks/setup_install.yml_(IaC)_', 'matrix-docker-ansible-deploy/roles/custom/matrix-bridge-heisenbridge/tasks/main.yml_(IaC)_', 'matrix-docker-ansible-deploy/roles/custom/matrix-bridge-hookshot/defaults/main.yml_(Other)_', 'matrix-docker-ansible-deploy/roles/custom/matrix-bridge-hookshot/tasks/main.yml_(IaC)_', 'matrix-docker-ansible-deploy/roles/custom/matrix-bridge-hookshot/tasks/setup_install.yml_(IaC)_', 'matrix-docker-ansible-deploy/roles/custom/matrix-bridge-mautrix-discord/tasks/main.yml_(IaC)_', 'matrix-docker-ansible-deploy/roles/custom/matrix-bridge-mautrix-facebook/tasks/main.yml_(IaC)_', 'matrix-docker-ansible-deploy/roles/custom/matrix-bridge-mautrix-facebook/tasks/setup_install.yml_(IaC)_', 'matrix-docker-ansible-deploy/roles/custom/matrix-bridge-mautrix-googlechat/tasks/main.yml_(IaC)_', 'matrix-docker-ansible-deploy/roles/custom/matrix-bridge-mautrix-hangouts/tasks/main.yml_(IaC)_', 'matrix-docker-ansible-deploy/roles/custom/matrix-bridge-mautrix-hangouts/tasks/setup_install.yml_(IaC)_', 'matrix-docker-ansible-deploy/roles/custom/matrix-bridge-mautrix-instagram/tasks/main.yml_(IaC)_', 'matrix-docker-ansible-deploy/roles/custom/matrix-bridge-mautrix-signal/tasks/main.yml_(IaC)_', 'matrix-docker-ansible-deploy/roles/custom/matrix-bridge-mautrix-slack/tasks/main.yml_(IaC)_', 'matrix-docker-ansible-deploy/roles/custom/matrix-bridge-mautrix-telegram/tasks/main.yml_(IaC)_', 'matrix-docker-ansible-deploy/roles/custom/matrix-bridge-mautrix-telegram/tasks/setup_install.yml_(IaC)_', 'matrix-docker-ansible-deploy/roles/custom/matrix-bridge-mautrix-twitter/tasks/main.yml_(IaC)_', 'matrix-docker-ansible-deploy/roles/custom/matrix-bridge-mautrix-whatsapp/tasks/main.yml_(IaC)_', 'matrix-docker-ansible-deploy/roles/custom/matrix-bridge-mautrix-whatsapp/tasks/setup_install.yml_(IaC)_', 'matrix-docker-ansible-deploy/roles/custom/matrix-bridge-mx-puppet-discord/tasks/main.yml_(IaC)_', 'matrix-docker-ansible-deploy/roles/custom/matrix-bridge-mx-puppet-groupme/tasks/main.yml_(IaC)_', 'matrix-docker-ansible-deploy/roles/custom/matrix-bridge-mx-puppet-groupme/tasks/setup_install.yml_(IaC)_', 'matrix-docker-ansible-deploy/roles/custom/matrix-bridge-mx-puppet-instagram/tasks/main.yml_(IaC)_', 'matrix-docker-ansible-deploy/roles/custom/matrix-bridge-mx-puppet-slack/tasks/main.yml_(IaC)_', 'matrix-docker-ansible-deploy/roles/custom/matrix-bridge-mx-puppet-slack/tasks/setup_install.yml_(IaC)_', 'matrix-docker-ansible-deploy/roles/custom/matrix-bridge-mx-puppet-steam/tasks/main.yml_(IaC)_', 'matrix-docker-ansible-deploy/roles/custom/matrix-bridge-mx-puppet-steam/tasks/setup_install.yml_(IaC)_', 'matrix-docker-ansible-deploy/roles/custom/matrix-bridge-mx-puppet-twitter/tasks/main.yml_(IaC)_', 'matrix-docker-ansible-deploy/roles/custom/matrix-bridge-mx-puppet-twitter/tasks/setup_install.yml_(IaC)_', 'matrix-docker-ansible-deploy/roles/custom/matrix-bridge-sms/tasks/main.yml_(IaC)_', 'matrix-docker-ansible-deploy/roles/custom/matrix-cactus-comments/tasks/main.yml_(IaC)_', 'matrix-docker-ansible-deploy/roles/custom/matrix-client-cinny/tasks/main.yml_(IaC)_', 'matrix-docker-ansible-deploy/roles/custom/matrix-client-element/tasks/main.yml_(IaC)_', 'matrix-docker-ansible-deploy/roles/custom/matrix-client-element/tasks/setup_install.yml_(IaC)_', 'matrix-docker-ansible-deploy/roles/custom/matrix-client-hydrogen/tasks/main.yml_(IaC)_', 'matrix-docker-ansible-deploy/roles/custom/matrix-common-after/tasks/main.yml_(IaC)_', 'matrix-docker-ansible-deploy/roles/custom/matrix-conduit/tasks/main.yml_(IaC)_', 'matrix-docker-ansible-deploy/roles/custom/matrix-corporal/tasks/main.yml_(IaC)_', 'matrix-docker-ansible-deploy/roles/custom/matrix-coturn/tasks/main.yml_(IaC)_', 'matrix-docker-ansible-deploy/roles/custom/matrix-coturn/tasks/setup_install.yml_(IaC)_', 'matrix-docker-ansible-deploy/roles/custom/matrix-dendrite/tasks/main.yml_(IaC)_', 'matrix-docker-ansible-deploy/roles/custom/matrix-dendrite/tasks/setup_install.yml_(IaC)_', 'matrix-docker-ansible-deploy/roles/custom/matrix-dimension/tasks/main.yml_(IaC)_', 'matrix-docker-ansible-deploy/roles/custom/matrix-dynamic-dns/tasks/main.yml_(IaC)_', 'matrix-docker-ansible-deploy/roles/custom/matrix-email2matrix/tasks/main.yml_(IaC)_', 'matrix-docker-ansible-deploy/roles/custom/matrix-jitsi/tasks/main.yml_(IaC)_', 'matrix-docker-ansible-deploy/roles/custom/matrix-jitsi/tasks/util/setup_jitsi_auth_uvs_install.yml_(IaC)_', 'matrix-docker-ansible-deploy/roles/custom/matrix-ldap-registration-proxy/tasks/main.yml_(IaC)_', 'matrix-docker-ansible-deploy/roles/custom/matrix-ma1sd/tasks/main.yml_(IaC)_', 'matrix-docker-ansible-deploy/roles/custom/matrix-ma1sd/tasks/setup_install.yml_(IaC)_', 'matrix-docker-ansible-deploy/roles/custom/matrix-mailer/tasks/main.yml_(IaC)_', 'matrix-docker-ansible-deploy/roles/custom/matrix-nginx-proxy/tasks/main.yml_(IaC)_', 'matrix-docker-ansible-deploy/roles/custom/matrix-nginx-proxy/tasks/ssl/setup_ssl_lets_encrypt_obtain_for_domain.yml_(IaC)_', 'matrix-docker-ansible-deploy/roles/custom/matrix-nginx-proxy/tasks/ssl/setup_ssl_self_signed_obtain_for_domain.yml_(IaC)_', 'matrix-docker-ansible-deploy/roles/custom/matrix-prometheus-nginxlog-exporter/tasks/main.yml_(IaC)_', 'matrix-docker-ansible-deploy/roles/custom/matrix-prometheus-services-proxy-connect/tasks/main.yml_(IaC)_', 'matrix-docker-ansible-deploy/roles/custom/matrix-prometheus/tasks/main.yml_(IaC)_', 'matrix-docker-ansible-deploy/roles/custom/matrix-rageshake/tasks/install.yml_(IaC)_', 'matrix-docker-ansible-deploy/roles/custom/matrix-rageshake/tasks/main.yml_(IaC)_', 'matrix-docker-ansible-deploy/roles/custom/matrix-registration/tasks/main.yml_(IaC)_', 'matrix-docker-ansible-deploy/roles/custom/matrix-sliding-sync/tasks/install.yml_(IaC)_', 'matrix-docker-ansible-deploy/roles/custom/matrix-sliding-sync/tasks/main.yml_(IaC)_', 'matrix-docker-ansible-deploy/roles/custom/matrix-sygnal/tasks/main.yml_(IaC)_', 'matrix-docker-ansible-deploy/roles/custom/matrix-synapse-admin/tasks/main.yml_(IaC)_', 'matrix-docker-ansible-deploy/roles/custom/matrix-synapse-reverse-proxy-companion/tasks/main.yml_(IaC)_', 'matrix-docker-ansible-deploy/roles/custom/matrix-synapse/tasks/ext/setup_install.yml_(IaC)_', 'matrix-docker-ansible-deploy/roles/custom/matrix-synapse/tasks/ext/setup_uninstall.yml_(IaC)_', 'matrix-docker-ansible-deploy/roles/custom/matrix-synapse/tasks/main.yml_(IaC)_', 'matrix-docker-ansible-deploy/roles/custom/matrix-synapse/tasks/setup_install.yml_(IaC)_', 'matrix-docker-ansible-deploy/roles/custom/matrix-synapse/tasks/setup_uninstall.yml_(IaC)_', 'matrix-docker-ansible-deploy/roles/custom/matrix-synapse/tasks/synapse/setup_install.yml_(IaC)_', 'matrix-docker-ansible-deploy/roles/custom/matrix-user-creator/tasks/main.yml_(IaC)_', 'matrix-docker-ansible-deploy/roles/custom/matrix-user-verification-service/tasks/main.yml_(IaC)_', 'matrix-docker-ansible-deploy/roles/custom/matrix_playbook_migration/tasks/main.yml_(IaC)_']]",['dddfee16bc852fc989b057bd1867f0e85825846d'],[0.0],[0.0],[0],[0],[0]
[3],"[[609, 579, 356, 195, 50, 374, 599, 344, 603, 637]]","[['matrix-docker-ansible-deploy/roles/custom/matrix-bridge-mautrix-twitter/tasks/setup_install.yml_(IaC)_', 'matrix-docker-ansible-deploy/roles/custom/matrix-bridge-mautrix-hangouts/tasks/setup_uninstall.yml_(IaC)_', 'matrix-docker-ansible-deploy/roles/custom/matrix-bridge-mx-puppet-discord/tasks/setup_install.yml_(IaC)_', 'matrix-docker-ansible-deploy/roles/custom/matrix-bridge-mautrix-telegram/tasks/setup_install.yml_(IaC)_', 'matrix-docker-ansible-deploy/roles/custom/matrix-client-cinny/templates/config.json.j2_(Other)_', 'matrix-docker-ansible-deploy/roles/custom/matrix-ma1sd/tasks/setup_install.yml_(IaC)_', 'matrix-docker-ansible-deploy/roles/custom/matrix-bridge-mautrix-signal/tasks/main.yml_(IaC)_', 'matrix-docker-ansible-deploy/roles/custom/matrix-registration/tasks/validate_config.yml_(IaC)_', 'matrix-docker-ansible-deploy/roles/custom/matrix-bridge-mautrix-signal/templates/env.j2_(Other)_', 'matrix-docker-ansible-deploy/examples/apache/matrix-synapse.conf_(Other)_']]","[['matrix-docker-ansible-deploy/roles/custom/etherpad-proxy-connect/tasks/main.yml_(IaC)_', 'matrix-docker-ansible-deploy/roles/custom/etherpad-proxy-connect/tasks/validate_config.yml_(IaC)_', 'matrix-docker-ansible-deploy/roles/custom/matrix-aux/tasks/main.yml_(IaC)_', 'matrix-docker-ansible-deploy/roles/custom/matrix-base/tasks/main.yml_(IaC)_', 'matrix-docker-ansible-deploy/roles/custom/matrix-bot-buscarron/tasks/main.yml_(IaC)_', 'matrix-docker-ansible-deploy/roles/custom/matrix-bot-chatgpt/tasks/main.yml_(IaC)_', 'matrix-docker-ansible-deploy/roles/custom/matrix-bot-draupnir/tasks/main.yml_(IaC)_', 'matrix-docker-ansible-deploy/roles/custom/matrix-bot-go-neb/tasks/main.yml_(IaC)_', 'matrix-docker-ansible-deploy/roles/custom/matrix-bot-honoroit/tasks/main.yml_(IaC)_', 'matrix-docker-ansible-deploy/roles/custom/matrix-bot-matrix-registration-bot/tasks/main.yml_(IaC)_', 'matrix-docker-ansible-deploy/roles/custom/matrix-bot-matrix-reminder-bot/tasks/main.yml_(IaC)_', 'matrix-docker-ansible-deploy/roles/custom/matrix-bot-maubot/tasks/main.yml_(IaC)_', 'matrix-docker-ansible-deploy/roles/custom/matrix-bot-mjolnir/tasks/main.yml_(IaC)_', 'matrix-docker-ansible-deploy/roles/custom/matrix-bot-postmoogle/tasks/main.yml_(IaC)_', 'matrix-docker-ansible-deploy/roles/custom/matrix-bridge-appservice-discord/tasks/main.yml_(IaC)_', 'matrix-docker-ansible-deploy/roles/custom/matrix-bridge-appservice-discord/tasks/setup_install.yml_(IaC)_', 'matrix-docker-ansible-deploy/roles/custom/matrix-bridge-appservice-irc/tasks/main.yml_(IaC)_', 'matrix-docker-ansible-deploy/roles/custom/matrix-bridge-appservice-irc/tasks/setup_install.yml_(IaC)_', 'matrix-docker-ansible-deploy/roles/custom/matrix-bridge-appservice-kakaotalk/tasks/main.yml_(IaC)_', 'matrix-docker-ansible-deploy/roles/custom/matrix-bridge-appservice-slack/tasks/main.yml_(IaC)_', 'matrix-docker-ansible-deploy/roles/custom/matrix-bridge-appservice-webhooks/tasks/main.yml_(IaC)_', 'matrix-docker-ansible-deploy/roles/custom/matrix-bridge-beeper-linkedin/tasks/main.yml_(IaC)_', 'matrix-docker-ansible-deploy/roles/custom/matrix-bridge-go-skype-bridge/tasks/main.yml_(IaC)_', 'matrix-docker-ansible-deploy/roles/custom/matrix-bridge-go-skype-bridge/tasks/setup_install.yml_(IaC)_', 'matrix-docker-ansible-deploy/roles/custom/matrix-bridge-heisenbridge/tasks/main.yml_(IaC)_', 'matrix-docker-ansible-deploy/roles/custom/matrix-bridge-hookshot/defaults/main.yml_(Other)_', 'matrix-docker-ansible-deploy/roles/custom/matrix-bridge-hookshot/tasks/main.yml_(IaC)_', 'matrix-docker-ansible-deploy/roles/custom/matrix-bridge-hookshot/tasks/setup_install.yml_(IaC)_', 'matrix-docker-ansible-deploy/roles/custom/matrix-bridge-mautrix-discord/tasks/main.yml_(IaC)_', 'matrix-docker-ansible-deploy/roles/custom/matrix-bridge-mautrix-facebook/tasks/main.yml_(IaC)_', 'matrix-docker-ansible-deploy/roles/custom/matrix-bridge-mautrix-facebook/tasks/setup_install.yml_(IaC)_', 'matrix-docker-ansible-deploy/roles/custom/matrix-bridge-mautrix-googlechat/tasks/main.yml_(IaC)_', 'matrix-docker-ansible-deploy/roles/custom/matrix-bridge-mautrix-hangouts/tasks/main.yml_(IaC)_', 'matrix-docker-ansible-deploy/roles/custom/matrix-bridge-mautrix-hangouts/tasks/setup_install.yml_(IaC)_', 'matrix-docker-ansible-deploy/roles/custom/matrix-bridge-mautrix-instagram/tasks/main.yml_(IaC)_', 'matrix-docker-ansible-deploy/roles/custom/matrix-bridge-mautrix-signal/tasks/main.yml_(IaC)_', 'matrix-docker-ansible-deploy/roles/custom/matrix-bridge-mautrix-slack/tasks/main.yml_(IaC)_', 'matrix-docker-ansible-deploy/roles/custom/matrix-bridge-mautrix-telegram/tasks/main.yml_(IaC)_', 'matrix-docker-ansible-deploy/roles/custom/matrix-bridge-mautrix-telegram/tasks/setup_install.yml_(IaC)_', 'matrix-docker-ansible-deploy/roles/custom/matrix-bridge-mautrix-twitter/tasks/main.yml_(IaC)_', 'matrix-docker-ansible-deploy/roles/custom/matrix-bridge-mautrix-whatsapp/tasks/main.yml_(IaC)_', 'matrix-docker-ansible-deploy/roles/custom/matrix-bridge-mautrix-whatsapp/tasks/setup_install.yml_(IaC)_', 'matrix-docker-ansible-deploy/roles/custom/matrix-bridge-mx-puppet-discord/tasks/main.yml_(IaC)_', 'matrix-docker-ansible-deploy/roles/custom/matrix-bridge-mx-puppet-groupme/tasks/main.yml_(IaC)_', 'matrix-docker-ansible-deploy/roles/custom/matrix-bridge-mx-puppet-groupme/tasks/setup_install.yml_(IaC)_', 'matrix-docker-ansible-deploy/roles/custom/matrix-bridge-mx-puppet-instagram/tasks/main.yml_(IaC)_', 'matrix-docker-ansible-deploy/roles/custom/matrix-bridge-mx-puppet-slack/tasks/main.yml_(IaC)_', 'matrix-docker-ansible-deploy/roles/custom/matrix-bridge-mx-puppet-slack/tasks/setup_install.yml_(IaC)_', 'matrix-docker-ansible-deploy/roles/custom/matrix-bridge-mx-puppet-steam/tasks/main.yml_(IaC)_', 'matrix-docker-ansible-deploy/roles/custom/matrix-bridge-mx-puppet-steam/tasks/setup_install.yml_(IaC)_', 'matrix-docker-ansible-deploy/roles/custom/matrix-bridge-mx-puppet-twitter/tasks/main.yml_(IaC)_', 'matrix-docker-ansible-deploy/roles/custom/matrix-bridge-mx-puppet-twitter/tasks/setup_install.yml_(IaC)_', 'matrix-docker-ansible-deploy/roles/custom/matrix-bridge-sms/tasks/main.yml_(IaC)_', 'matrix-docker-ansible-deploy/roles/custom/matrix-cactus-comments/tasks/main.yml_(IaC)_', 'matrix-docker-ansible-deploy/roles/custom/matrix-client-cinny/tasks/main.yml_(IaC)_', 'matrix-docker-ansible-deploy/roles/custom/matrix-client-element/tasks/main.yml_(IaC)_', 'matrix-docker-ansible-deploy/roles/custom/matrix-client-element/tasks/setup_install.yml_(IaC)_', 'matrix-docker-ansible-deploy/roles/custom/matrix-client-hydrogen/tasks/main.yml_(IaC)_', 'matrix-docker-ansible-deploy/roles/custom/matrix-common-after/tasks/main.yml_(IaC)_', 'matrix-docker-ansible-deploy/roles/custom/matrix-conduit/tasks/main.yml_(IaC)_', 'matrix-docker-ansible-deploy/roles/custom/matrix-corporal/tasks/main.yml_(IaC)_', 'matrix-docker-ansible-deploy/roles/custom/matrix-coturn/tasks/main.yml_(IaC)_', 'matrix-docker-ansible-deploy/roles/custom/matrix-coturn/tasks/setup_install.yml_(IaC)_', 'matrix-docker-ansible-deploy/roles/custom/matrix-dendrite/tasks/main.yml_(IaC)_', 'matrix-docker-ansible-deploy/roles/custom/matrix-dendrite/tasks/setup_install.yml_(IaC)_', 'matrix-docker-ansible-deploy/roles/custom/matrix-dimension/tasks/main.yml_(IaC)_', 'matrix-docker-ansible-deploy/roles/custom/matrix-dynamic-dns/tasks/main.yml_(IaC)_', 'matrix-docker-ansible-deploy/roles/custom/matrix-email2matrix/tasks/main.yml_(IaC)_', 'matrix-docker-ansible-deploy/roles/custom/matrix-jitsi/tasks/main.yml_(IaC)_', 'matrix-docker-ansible-deploy/roles/custom/matrix-jitsi/tasks/util/setup_jitsi_auth_uvs_install.yml_(IaC)_', 'matrix-docker-ansible-deploy/roles/custom/matrix-ldap-registration-proxy/tasks/main.yml_(IaC)_', 'matrix-docker-ansible-deploy/roles/custom/matrix-ma1sd/tasks/main.yml_(IaC)_', 'matrix-docker-ansible-deploy/roles/custom/matrix-ma1sd/tasks/setup_install.yml_(IaC)_', 'matrix-docker-ansible-deploy/roles/custom/matrix-mailer/tasks/main.yml_(IaC)_', 'matrix-docker-ansible-deploy/roles/custom/matrix-nginx-proxy/tasks/main.yml_(IaC)_', 'matrix-docker-ansible-deploy/roles/custom/matrix-nginx-proxy/tasks/ssl/setup_ssl_lets_encrypt_obtain_for_domain.yml_(IaC)_', 'matrix-docker-ansible-deploy/roles/custom/matrix-nginx-proxy/tasks/ssl/setup_ssl_self_signed_obtain_for_domain.yml_(IaC)_', 'matrix-docker-ansible-deploy/roles/custom/matrix-prometheus-nginxlog-exporter/tasks/main.yml_(IaC)_', 'matrix-docker-ansible-deploy/roles/custom/matrix-prometheus-services-proxy-connect/tasks/main.yml_(IaC)_', 'matrix-docker-ansible-deploy/roles/custom/matrix-prometheus/tasks/main.yml_(IaC)_', 'matrix-docker-ansible-deploy/roles/custom/matrix-rageshake/tasks/install.yml_(IaC)_', 'matrix-docker-ansible-deploy/roles/custom/matrix-rageshake/tasks/main.yml_(IaC)_', 'matrix-docker-ansible-deploy/roles/custom/matrix-registration/tasks/main.yml_(IaC)_', 'matrix-docker-ansible-deploy/roles/custom/matrix-sliding-sync/tasks/install.yml_(IaC)_', 'matrix-docker-ansible-deploy/roles/custom/matrix-sliding-sync/tasks/main.yml_(IaC)_', 'matrix-docker-ansible-deploy/roles/custom/matrix-sygnal/tasks/main.yml_(IaC)_', 'matrix-docker-ansible-deploy/roles/custom/matrix-synapse-admin/tasks/main.yml_(IaC)_', 'matrix-docker-ansible-deploy/roles/custom/matrix-synapse-reverse-proxy-companion/tasks/main.yml_(IaC)_', 'matrix-docker-ansible-deploy/roles/custom/matrix-synapse/tasks/ext/setup_install.yml_(IaC)_', 'matrix-docker-ansible-deploy/roles/custom/matrix-synapse/tasks/ext/setup_uninstall.yml_(IaC)_', 'matrix-docker-ansible-deploy/roles/custom/matrix-synapse/tasks/main.yml_(IaC)_', 'matrix-docker-ansible-deploy/roles/custom/matrix-synapse/tasks/setup_install.yml_(IaC)_', 'matrix-docker-ansible-deploy/roles/custom/matrix-synapse/tasks/setup_uninstall.yml_(IaC)_', 'matrix-docker-ansible-deploy/roles/custom/matrix-synapse/tasks/synapse/setup_install.yml_(IaC)_', 'matrix-docker-ansible-deploy/roles/custom/matrix-user-creator/tasks/main.yml_(IaC)_', 'matrix-docker-ansible-deploy/roles/custom/matrix-user-verification-service/tasks/main.yml_(IaC)_', 'matrix-docker-ansible-deploy/roles/custom/matrix_playbook_migration/tasks/main.yml_(IaC)_']]",['dddfee16bc852fc989b057bd1867f0e85825846d'],[0.0],[0.0],[0],[0],[0]
[3],"[[609, 66, 195, 455, 429, 596, 409, 282, 349, 95, 511]]","[['matrix-docker-ansible-deploy/roles/custom/matrix-bridge-mautrix-twitter/tasks/setup_install.yml_(IaC)_', 'matrix-docker-ansible-deploy/roles/custom/matrix-bridge-appservice-kakaotalk/tasks/setup_install.yml_(IaC)_', 'matrix-docker-ansible-deploy/roles/custom/matrix-bridge-mautrix-telegram/tasks/setup_install.yml_(IaC)_', 'matrix-docker-ansible-deploy/roles/custom/matrix-synapse/tasks/self_check_federation_api.yml_(IaC)_', 'matrix-docker-ansible-deploy/roles/custom/matrix-bridge-mautrix-discord/tasks/setup_install.yml_(IaC)_', 'matrix-docker-ansible-deploy/roles/custom/matrix-bridge-mautrix-signal/tasks/setup_uninstall.yml_(IaC)_', 'matrix-docker-ansible-deploy/roles/custom/matrix-bridge-appservice-slack/templates/systemd/matrix-appservice-slack.service.j2_(Other)_', 'matrix-docker-ansible-deploy/roles/custom/matrix-bot-matrix-reminder-bot/tasks/validate_config.yml_(IaC)_', 'matrix-docker-ansible-deploy/roles/custom/matrix-registration/tasks/list_tokens.yml_(IaC)_', 'matrix-docker-ansible-deploy/roles/custom/matrix-bridge-sms/templates/systemd/matrix-sms-bridge.service.j2_(Other)_', 'matrix-docker-ansible-deploy/roles/custom/matrix-bridge-mx-puppet-slack/tasks/main.yml_(IaC)_']]","[['matrix-docker-ansible-deploy/roles/custom/etherpad-proxy-connect/tasks/main.yml_(IaC)_', 'matrix-docker-ansible-deploy/roles/custom/etherpad-proxy-connect/tasks/validate_config.yml_(IaC)_', 'matrix-docker-ansible-deploy/roles/custom/matrix-aux/tasks/main.yml_(IaC)_', 'matrix-docker-ansible-deploy/roles/custom/matrix-base/tasks/main.yml_(IaC)_', 'matrix-docker-ansible-deploy/roles/custom/matrix-bot-buscarron/tasks/main.yml_(IaC)_', 'matrix-docker-ansible-deploy/roles/custom/matrix-bot-chatgpt/tasks/main.yml_(IaC)_', 'matrix-docker-ansible-deploy/roles/custom/matrix-bot-draupnir/tasks/main.yml_(IaC)_', 'matrix-docker-ansible-deploy/roles/custom/matrix-bot-go-neb/tasks/main.yml_(IaC)_', 'matrix-docker-ansible-deploy/roles/custom/matrix-bot-honoroit/tasks/main.yml_(IaC)_', 'matrix-docker-ansible-deploy/roles/custom/matrix-bot-matrix-registration-bot/tasks/main.yml_(IaC)_', 'matrix-docker-ansible-deploy/roles/custom/matrix-bot-matrix-reminder-bot/tasks/main.yml_(IaC)_', 'matrix-docker-ansible-deploy/roles/custom/matrix-bot-maubot/tasks/main.yml_(IaC)_', 'matrix-docker-ansible-deploy/roles/custom/matrix-bot-mjolnir/tasks/main.yml_(IaC)_', 'matrix-docker-ansible-deploy/roles/custom/matrix-bot-postmoogle/tasks/main.yml_(IaC)_', 'matrix-docker-ansible-deploy/roles/custom/matrix-bridge-appservice-discord/tasks/main.yml_(IaC)_', 'matrix-docker-ansible-deploy/roles/custom/matrix-bridge-appservice-discord/tasks/setup_install.yml_(IaC)_', 'matrix-docker-ansible-deploy/roles/custom/matrix-bridge-appservice-irc/tasks/main.yml_(IaC)_', 'matrix-docker-ansible-deploy/roles/custom/matrix-bridge-appservice-irc/tasks/setup_install.yml_(IaC)_', 'matrix-docker-ansible-deploy/roles/custom/matrix-bridge-appservice-kakaotalk/tasks/main.yml_(IaC)_', 'matrix-docker-ansible-deploy/roles/custom/matrix-bridge-appservice-slack/tasks/main.yml_(IaC)_', 'matrix-docker-ansible-deploy/roles/custom/matrix-bridge-appservice-webhooks/tasks/main.yml_(IaC)_', 'matrix-docker-ansible-deploy/roles/custom/matrix-bridge-beeper-linkedin/tasks/main.yml_(IaC)_', 'matrix-docker-ansible-deploy/roles/custom/matrix-bridge-go-skype-bridge/tasks/main.yml_(IaC)_', 'matrix-docker-ansible-deploy/roles/custom/matrix-bridge-go-skype-bridge/tasks/setup_install.yml_(IaC)_', 'matrix-docker-ansible-deploy/roles/custom/matrix-bridge-heisenbridge/tasks/main.yml_(IaC)_', 'matrix-docker-ansible-deploy/roles/custom/matrix-bridge-hookshot/defaults/main.yml_(Other)_', 'matrix-docker-ansible-deploy/roles/custom/matrix-bridge-hookshot/tasks/main.yml_(IaC)_', 'matrix-docker-ansible-deploy/roles/custom/matrix-bridge-hookshot/tasks/setup_install.yml_(IaC)_', 'matrix-docker-ansible-deploy/roles/custom/matrix-bridge-mautrix-discord/tasks/main.yml_(IaC)_', 'matrix-docker-ansible-deploy/roles/custom/matrix-bridge-mautrix-facebook/tasks/main.yml_(IaC)_', 'matrix-docker-ansible-deploy/roles/custom/matrix-bridge-mautrix-facebook/tasks/setup_install.yml_(IaC)_', 'matrix-docker-ansible-deploy/roles/custom/matrix-bridge-mautrix-googlechat/tasks/main.yml_(IaC)_', 'matrix-docker-ansible-deploy/roles/custom/matrix-bridge-mautrix-hangouts/tasks/main.yml_(IaC)_', 'matrix-docker-ansible-deploy/roles/custom/matrix-bridge-mautrix-hangouts/tasks/setup_install.yml_(IaC)_', 'matrix-docker-ansible-deploy/roles/custom/matrix-bridge-mautrix-instagram/tasks/main.yml_(IaC)_', 'matrix-docker-ansible-deploy/roles/custom/matrix-bridge-mautrix-signal/tasks/main.yml_(IaC)_', 'matrix-docker-ansible-deploy/roles/custom/matrix-bridge-mautrix-slack/tasks/main.yml_(IaC)_', 'matrix-docker-ansible-deploy/roles/custom/matrix-bridge-mautrix-telegram/tasks/main.yml_(IaC)_', 'matrix-docker-ansible-deploy/roles/custom/matrix-bridge-mautrix-telegram/tasks/setup_install.yml_(IaC)_', 'matrix-docker-ansible-deploy/roles/custom/matrix-bridge-mautrix-twitter/tasks/main.yml_(IaC)_', 'matrix-docker-ansible-deploy/roles/custom/matrix-bridge-mautrix-whatsapp/tasks/main.yml_(IaC)_', 'matrix-docker-ansible-deploy/roles/custom/matrix-bridge-mautrix-whatsapp/tasks/setup_install.yml_(IaC)_', 'matrix-docker-ansible-deploy/roles/custom/matrix-bridge-mx-puppet-discord/tasks/main.yml_(IaC)_', 'matrix-docker-ansible-deploy/roles/custom/matrix-bridge-mx-puppet-groupme/tasks/main.yml_(IaC)_', 'matrix-docker-ansible-deploy/roles/custom/matrix-bridge-mx-puppet-groupme/tasks/setup_install.yml_(IaC)_', 'matrix-docker-ansible-deploy/roles/custom/matrix-bridge-mx-puppet-instagram/tasks/main.yml_(IaC)_', 'matrix-docker-ansible-deploy/roles/custom/matrix-bridge-mx-puppet-slack/tasks/main.yml_(IaC)_', 'matrix-docker-ansible-deploy/roles/custom/matrix-bridge-mx-puppet-slack/tasks/setup_install.yml_(IaC)_', 'matrix-docker-ansible-deploy/roles/custom/matrix-bridge-mx-puppet-steam/tasks/main.yml_(IaC)_', 'matrix-docker-ansible-deploy/roles/custom/matrix-bridge-mx-puppet-steam/tasks/setup_install.yml_(IaC)_', 'matrix-docker-ansible-deploy/roles/custom/matrix-bridge-mx-puppet-twitter/tasks/main.yml_(IaC)_', 'matrix-docker-ansible-deploy/roles/custom/matrix-bridge-mx-puppet-twitter/tasks/setup_install.yml_(IaC)_', 'matrix-docker-ansible-deploy/roles/custom/matrix-bridge-sms/tasks/main.yml_(IaC)_', 'matrix-docker-ansible-deploy/roles/custom/matrix-cactus-comments/tasks/main.yml_(IaC)_', 'matrix-docker-ansible-deploy/roles/custom/matrix-client-cinny/tasks/main.yml_(IaC)_', 'matrix-docker-ansible-deploy/roles/custom/matrix-client-element/tasks/main.yml_(IaC)_', 'matrix-docker-ansible-deploy/roles/custom/matrix-client-element/tasks/setup_install.yml_(IaC)_', 'matrix-docker-ansible-deploy/roles/custom/matrix-client-hydrogen/tasks/main.yml_(IaC)_', 'matrix-docker-ansible-deploy/roles/custom/matrix-common-after/tasks/main.yml_(IaC)_', 'matrix-docker-ansible-deploy/roles/custom/matrix-conduit/tasks/main.yml_(IaC)_', 'matrix-docker-ansible-deploy/roles/custom/matrix-corporal/tasks/main.yml_(IaC)_', 'matrix-docker-ansible-deploy/roles/custom/matrix-coturn/tasks/main.yml_(IaC)_', 'matrix-docker-ansible-deploy/roles/custom/matrix-coturn/tasks/setup_install.yml_(IaC)_', 'matrix-docker-ansible-deploy/roles/custom/matrix-dendrite/tasks/main.yml_(IaC)_', 'matrix-docker-ansible-deploy/roles/custom/matrix-dendrite/tasks/setup_install.yml_(IaC)_', 'matrix-docker-ansible-deploy/roles/custom/matrix-dimension/tasks/main.yml_(IaC)_', 'matrix-docker-ansible-deploy/roles/custom/matrix-dynamic-dns/tasks/main.yml_(IaC)_', 'matrix-docker-ansible-deploy/roles/custom/matrix-email2matrix/tasks/main.yml_(IaC)_', 'matrix-docker-ansible-deploy/roles/custom/matrix-jitsi/tasks/main.yml_(IaC)_', 'matrix-docker-ansible-deploy/roles/custom/matrix-jitsi/tasks/util/setup_jitsi_auth_uvs_install.yml_(IaC)_', 'matrix-docker-ansible-deploy/roles/custom/matrix-ldap-registration-proxy/tasks/main.yml_(IaC)_', 'matrix-docker-ansible-deploy/roles/custom/matrix-ma1sd/tasks/main.yml_(IaC)_', 'matrix-docker-ansible-deploy/roles/custom/matrix-ma1sd/tasks/setup_install.yml_(IaC)_', 'matrix-docker-ansible-deploy/roles/custom/matrix-mailer/tasks/main.yml_(IaC)_', 'matrix-docker-ansible-deploy/roles/custom/matrix-nginx-proxy/tasks/main.yml_(IaC)_', 'matrix-docker-ansible-deploy/roles/custom/matrix-nginx-proxy/tasks/ssl/setup_ssl_lets_encrypt_obtain_for_domain.yml_(IaC)_', 'matrix-docker-ansible-deploy/roles/custom/matrix-nginx-proxy/tasks/ssl/setup_ssl_self_signed_obtain_for_domain.yml_(IaC)_', 'matrix-docker-ansible-deploy/roles/custom/matrix-prometheus-nginxlog-exporter/tasks/main.yml_(IaC)_', 'matrix-docker-ansible-deploy/roles/custom/matrix-prometheus-services-proxy-connect/tasks/main.yml_(IaC)_', 'matrix-docker-ansible-deploy/roles/custom/matrix-prometheus/tasks/main.yml_(IaC)_', 'matrix-docker-ansible-deploy/roles/custom/matrix-rageshake/tasks/install.yml_(IaC)_', 'matrix-docker-ansible-deploy/roles/custom/matrix-rageshake/tasks/main.yml_(IaC)_', 'matrix-docker-ansible-deploy/roles/custom/matrix-registration/tasks/main.yml_(IaC)_', 'matrix-docker-ansible-deploy/roles/custom/matrix-sliding-sync/tasks/install.yml_(IaC)_', 'matrix-docker-ansible-deploy/roles/custom/matrix-sliding-sync/tasks/main.yml_(IaC)_', 'matrix-docker-ansible-deploy/roles/custom/matrix-sygnal/tasks/main.yml_(IaC)_', 'matrix-docker-ansible-deploy/roles/custom/matrix-synapse-admin/tasks/main.yml_(IaC)_', 'matrix-docker-ansible-deploy/roles/custom/matrix-synapse-reverse-proxy-companion/tasks/main.yml_(IaC)_', 'matrix-docker-ansible-deploy/roles/custom/matrix-synapse/tasks/ext/setup_install.yml_(IaC)_', 'matrix-docker-ansible-deploy/roles/custom/matrix-synapse/tasks/ext/setup_uninstall.yml_(IaC)_', 'matrix-docker-ansible-deploy/roles/custom/matrix-synapse/tasks/main.yml_(IaC)_', 'matrix-docker-ansible-deploy/roles/custom/matrix-synapse/tasks/setup_install.yml_(IaC)_', 'matrix-docker-ansible-deploy/roles/custom/matrix-synapse/tasks/setup_uninstall.yml_(IaC)_', 'matrix-docker-ansible-deploy/roles/custom/matrix-synapse/tasks/synapse/setup_install.yml_(IaC)_', 'matrix-docker-ansible-deploy/roles/custom/matrix-user-creator/tasks/main.yml_(IaC)_', 'matrix-docker-ansible-deploy/roles/custom/matrix-user-verification-service/tasks/main.yml_(IaC)_', 'matrix-docker-ansible-deploy/roles/custom/matrix_playbook_migration/tasks/main.yml_(IaC)_']]",['dddfee16bc852fc989b057bd1867f0e85825846d'],[0.3333333333333333],[0.010309278350515464],[0.02],[1],[0.3333333333333333]
[3],"[[129, 195, 99, 581, 172, 492, 429, 303, 145, 402, 281, 446]]","[['matrix-docker-ansible-deploy/roles/custom/matrix-bridge-mautrix-whatsapp/tasks/setup_install.yml_(IaC)_', 'matrix-docker-ansible-deploy/roles/custom/matrix-bridge-mautrix-telegram/tasks/setup_install.yml_(IaC)_', 'matrix-docker-ansible-deploy/roles/custom/matrix-bot-go-neb/tasks/main.yml_(IaC)_', 'matrix-docker-ansible-deploy/roles/custom/matrix-bridge-mautrix-hangouts/tasks/setup_install.yml_(IaC)_', 'matrix-docker-ansible-deploy/roles/custom/matrix-bridge-mautrix-googlechat/tasks/main.yml_(IaC)_', 'matrix-docker-ansible-deploy/roles/custom/matrix-synapse/templates/synapse/homeserver.yaml.j2_(Other)_', 'matrix-docker-ansible-deploy/roles/custom/matrix-bridge-mautrix-discord/tasks/setup_install.yml_(IaC)_', 'matrix-docker-ansible-deploy/roles/custom/matrix-bridge-mx-puppet-groupme/tasks/setup_install.yml_(IaC)_', 'matrix-docker-ansible-deploy/roles/custom/matrix-common-after/tasks/main.yml_(IaC)_', 'matrix-docker-ansible-deploy/roles/custom/matrix-bridge-appservice-slack/tasks/migrate_nedb_to_postgres.yml_(IaC)_', 'matrix-docker-ansible-deploy/roles/custom/matrix-bridge-heisenbridge/templates/systemd/matrix-heisenbridge.service.j2_(Other)_', 'matrix-docker-ansible-deploy/roles/custom/matrix-bridge-go-skype-bridge/defaults/main.yml_(Other)_']]","[['matrix-docker-ansible-deploy/roles/custom/etherpad-proxy-connect/tasks/main.yml_(IaC)_', 'matrix-docker-ansible-deploy/roles/custom/etherpad-proxy-connect/tasks/validate_config.yml_(IaC)_', 'matrix-docker-ansible-deploy/roles/custom/matrix-aux/tasks/main.yml_(IaC)_', 'matrix-docker-ansible-deploy/roles/custom/matrix-base/tasks/main.yml_(IaC)_', 'matrix-docker-ansible-deploy/roles/custom/matrix-bot-buscarron/tasks/main.yml_(IaC)_', 'matrix-docker-ansible-deploy/roles/custom/matrix-bot-chatgpt/tasks/main.yml_(IaC)_', 'matrix-docker-ansible-deploy/roles/custom/matrix-bot-draupnir/tasks/main.yml_(IaC)_', 'matrix-docker-ansible-deploy/roles/custom/matrix-bot-go-neb/tasks/main.yml_(IaC)_', 'matrix-docker-ansible-deploy/roles/custom/matrix-bot-honoroit/tasks/main.yml_(IaC)_', 'matrix-docker-ansible-deploy/roles/custom/matrix-bot-matrix-registration-bot/tasks/main.yml_(IaC)_', 'matrix-docker-ansible-deploy/roles/custom/matrix-bot-matrix-reminder-bot/tasks/main.yml_(IaC)_', 'matrix-docker-ansible-deploy/roles/custom/matrix-bot-maubot/tasks/main.yml_(IaC)_', 'matrix-docker-ansible-deploy/roles/custom/matrix-bot-mjolnir/tasks/main.yml_(IaC)_', 'matrix-docker-ansible-deploy/roles/custom/matrix-bot-postmoogle/tasks/main.yml_(IaC)_', 'matrix-docker-ansible-deploy/roles/custom/matrix-bridge-appservice-discord/tasks/main.yml_(IaC)_', 'matrix-docker-ansible-deploy/roles/custom/matrix-bridge-appservice-discord/tasks/setup_install.yml_(IaC)_', 'matrix-docker-ansible-deploy/roles/custom/matrix-bridge-appservice-irc/tasks/main.yml_(IaC)_', 'matrix-docker-ansible-deploy/roles/custom/matrix-bridge-appservice-irc/tasks/setup_install.yml_(IaC)_', 'matrix-docker-ansible-deploy/roles/custom/matrix-bridge-appservice-kakaotalk/tasks/main.yml_(IaC)_', 'matrix-docker-ansible-deploy/roles/custom/matrix-bridge-appservice-slack/tasks/main.yml_(IaC)_', 'matrix-docker-ansible-deploy/roles/custom/matrix-bridge-appservice-webhooks/tasks/main.yml_(IaC)_', 'matrix-docker-ansible-deploy/roles/custom/matrix-bridge-beeper-linkedin/tasks/main.yml_(IaC)_', 'matrix-docker-ansible-deploy/roles/custom/matrix-bridge-go-skype-bridge/tasks/main.yml_(IaC)_', 'matrix-docker-ansible-deploy/roles/custom/matrix-bridge-go-skype-bridge/tasks/setup_install.yml_(IaC)_', 'matrix-docker-ansible-deploy/roles/custom/matrix-bridge-heisenbridge/tasks/main.yml_(IaC)_', 'matrix-docker-ansible-deploy/roles/custom/matrix-bridge-hookshot/defaults/main.yml_(Other)_', 'matrix-docker-ansible-deploy/roles/custom/matrix-bridge-hookshot/tasks/main.yml_(IaC)_', 'matrix-docker-ansible-deploy/roles/custom/matrix-bridge-hookshot/tasks/setup_install.yml_(IaC)_', 'matrix-docker-ansible-deploy/roles/custom/matrix-bridge-mautrix-discord/tasks/main.yml_(IaC)_', 'matrix-docker-ansible-deploy/roles/custom/matrix-bridge-mautrix-facebook/tasks/main.yml_(IaC)_', 'matrix-docker-ansible-deploy/roles/custom/matrix-bridge-mautrix-facebook/tasks/setup_install.yml_(IaC)_', 'matrix-docker-ansible-deploy/roles/custom/matrix-bridge-mautrix-googlechat/tasks/main.yml_(IaC)_', 'matrix-docker-ansible-deploy/roles/custom/matrix-bridge-mautrix-hangouts/tasks/main.yml_(IaC)_', 'matrix-docker-ansible-deploy/roles/custom/matrix-bridge-mautrix-hangouts/tasks/setup_install.yml_(IaC)_', 'matrix-docker-ansible-deploy/roles/custom/matrix-bridge-mautrix-instagram/tasks/main.yml_(IaC)_', 'matrix-docker-ansible-deploy/roles/custom/matrix-bridge-mautrix-signal/tasks/main.yml_(IaC)_', 'matrix-docker-ansible-deploy/roles/custom/matrix-bridge-mautrix-slack/tasks/main.yml_(IaC)_', 'matrix-docker-ansible-deploy/roles/custom/matrix-bridge-mautrix-telegram/tasks/main.yml_(IaC)_', 'matrix-docker-ansible-deploy/roles/custom/matrix-bridge-mautrix-telegram/tasks/setup_install.yml_(IaC)_', 'matrix-docker-ansible-deploy/roles/custom/matrix-bridge-mautrix-twitter/tasks/main.yml_(IaC)_', 'matrix-docker-ansible-deploy/roles/custom/matrix-bridge-mautrix-whatsapp/tasks/main.yml_(IaC)_', 'matrix-docker-ansible-deploy/roles/custom/matrix-bridge-mautrix-whatsapp/tasks/setup_install.yml_(IaC)_', 'matrix-docker-ansible-deploy/roles/custom/matrix-bridge-mx-puppet-discord/tasks/main.yml_(IaC)_', 'matrix-docker-ansible-deploy/roles/custom/matrix-bridge-mx-puppet-groupme/tasks/main.yml_(IaC)_', 'matrix-docker-ansible-deploy/roles/custom/matrix-bridge-mx-puppet-groupme/tasks/setup_install.yml_(IaC)_', 'matrix-docker-ansible-deploy/roles/custom/matrix-bridge-mx-puppet-instagram/tasks/main.yml_(IaC)_', 'matrix-docker-ansible-deploy/roles/custom/matrix-bridge-mx-puppet-slack/tasks/main.yml_(IaC)_', 'matrix-docker-ansible-deploy/roles/custom/matrix-bridge-mx-puppet-slack/tasks/setup_install.yml_(IaC)_', 'matrix-docker-ansible-deploy/roles/custom/matrix-bridge-mx-puppet-steam/tasks/main.yml_(IaC)_', 'matrix-docker-ansible-deploy/roles/custom/matrix-bridge-mx-puppet-steam/tasks/setup_install.yml_(IaC)_', 'matrix-docker-ansible-deploy/roles/custom/matrix-bridge-mx-puppet-twitter/tasks/main.yml_(IaC)_', 'matrix-docker-ansible-deploy/roles/custom/matrix-bridge-mx-puppet-twitter/tasks/setup_install.yml_(IaC)_', 'matrix-docker-ansible-deploy/roles/custom/matrix-bridge-sms/tasks/main.yml_(IaC)_', 'matrix-docker-ansible-deploy/roles/custom/matrix-cactus-comments/tasks/main.yml_(IaC)_', 'matrix-docker-ansible-deploy/roles/custom/matrix-client-cinny/tasks/main.yml_(IaC)_', 'matrix-docker-ansible-deploy/roles/custom/matrix-client-element/tasks/main.yml_(IaC)_', 'matrix-docker-ansible-deploy/roles/custom/matrix-client-element/tasks/setup_install.yml_(IaC)_', 'matrix-docker-ansible-deploy/roles/custom/matrix-client-hydrogen/tasks/main.yml_(IaC)_', 'matrix-docker-ansible-deploy/roles/custom/matrix-common-after/tasks/main.yml_(IaC)_', 'matrix-docker-ansible-deploy/roles/custom/matrix-conduit/tasks/main.yml_(IaC)_', 'matrix-docker-ansible-deploy/roles/custom/matrix-corporal/tasks/main.yml_(IaC)_', 'matrix-docker-ansible-deploy/roles/custom/matrix-coturn/tasks/main.yml_(IaC)_', 'matrix-docker-ansible-deploy/roles/custom/matrix-coturn/tasks/setup_install.yml_(IaC)_', 'matrix-docker-ansible-deploy/roles/custom/matrix-dendrite/tasks/main.yml_(IaC)_', 'matrix-docker-ansible-deploy/roles/custom/matrix-dendrite/tasks/setup_install.yml_(IaC)_', 'matrix-docker-ansible-deploy/roles/custom/matrix-dimension/tasks/main.yml_(IaC)_', 'matrix-docker-ansible-deploy/roles/custom/matrix-dynamic-dns/tasks/main.yml_(IaC)_', 'matrix-docker-ansible-deploy/roles/custom/matrix-email2matrix/tasks/main.yml_(IaC)_', 'matrix-docker-ansible-deploy/roles/custom/matrix-jitsi/tasks/main.yml_(IaC)_', 'matrix-docker-ansible-deploy/roles/custom/matrix-jitsi/tasks/util/setup_jitsi_auth_uvs_install.yml_(IaC)_', 'matrix-docker-ansible-deploy/roles/custom/matrix-ldap-registration-proxy/tasks/main.yml_(IaC)_', 'matrix-docker-ansible-deploy/roles/custom/matrix-ma1sd/tasks/main.yml_(IaC)_', 'matrix-docker-ansible-deploy/roles/custom/matrix-ma1sd/tasks/setup_install.yml_(IaC)_', 'matrix-docker-ansible-deploy/roles/custom/matrix-mailer/tasks/main.yml_(IaC)_', 'matrix-docker-ansible-deploy/roles/custom/matrix-nginx-proxy/tasks/main.yml_(IaC)_', 'matrix-docker-ansible-deploy/roles/custom/matrix-nginx-proxy/tasks/ssl/setup_ssl_lets_encrypt_obtain_for_domain.yml_(IaC)_', 'matrix-docker-ansible-deploy/roles/custom/matrix-nginx-proxy/tasks/ssl/setup_ssl_self_signed_obtain_for_domain.yml_(IaC)_', 'matrix-docker-ansible-deploy/roles/custom/matrix-prometheus-nginxlog-exporter/tasks/main.yml_(IaC)_', 'matrix-docker-ansible-deploy/roles/custom/matrix-prometheus-services-proxy-connect/tasks/main.yml_(IaC)_', 'matrix-docker-ansible-deploy/roles/custom/matrix-prometheus/tasks/main.yml_(IaC)_', 'matrix-docker-ansible-deploy/roles/custom/matrix-rageshake/tasks/install.yml_(IaC)_', 'matrix-docker-ansible-deploy/roles/custom/matrix-rageshake/tasks/main.yml_(IaC)_', 'matrix-docker-ansible-deploy/roles/custom/matrix-registration/tasks/main.yml_(IaC)_', 'matrix-docker-ansible-deploy/roles/custom/matrix-sliding-sync/tasks/install.yml_(IaC)_', 'matrix-docker-ansible-deploy/roles/custom/matrix-sliding-sync/tasks/main.yml_(IaC)_', 'matrix-docker-ansible-deploy/roles/custom/matrix-sygnal/tasks/main.yml_(IaC)_', 'matrix-docker-ansible-deploy/roles/custom/matrix-synapse-admin/tasks/main.yml_(IaC)_', 'matrix-docker-ansible-deploy/roles/custom/matrix-synapse-reverse-proxy-companion/tasks/main.yml_(IaC)_', 'matrix-docker-ansible-deploy/roles/custom/matrix-synapse/tasks/ext/setup_install.yml_(IaC)_', 'matrix-docker-ansible-deploy/roles/custom/matrix-synapse/tasks/ext/setup_uninstall.yml_(IaC)_', 'matrix-docker-ansible-deploy/roles/custom/matrix-synapse/tasks/main.yml_(IaC)_', 'matrix-docker-ansible-deploy/roles/custom/matrix-synapse/tasks/setup_install.yml_(IaC)_', 'matrix-docker-ansible-deploy/roles/custom/matrix-synapse/tasks/setup_uninstall.yml_(IaC)_', 'matrix-docker-ansible-deploy/roles/custom/matrix-synapse/tasks/synapse/setup_install.yml_(IaC)_', 'matrix-docker-ansible-deploy/roles/custom/matrix-user-creator/tasks/main.yml_(IaC)_', 'matrix-docker-ansible-deploy/roles/custom/matrix-user-verification-service/tasks/main.yml_(IaC)_', 'matrix-docker-ansible-deploy/roles/custom/matrix_playbook_migration/tasks/main.yml_(IaC)_']]",['dddfee16bc852fc989b057bd1867f0e85825846d'],[1.0],[0.030927835051546393],[0.06000000000000001],[1],[1.0]
[3],"[[439, 195, 356, 510, 107, 403, 22, 278, 89, 62, 607]]","[['matrix-docker-ansible-deploy/roles/custom/matrix-ldap-registration-proxy/defaults/main.yml_(Other)_', 'matrix-docker-ansible-deploy/roles/custom/matrix-bridge-mautrix-telegram/tasks/setup_install.yml_(IaC)_', 'matrix-docker-ansible-deploy/roles/custom/matrix-bridge-mx-puppet-discord/tasks/setup_install.yml_(IaC)_', 'matrix-docker-ansible-deploy/roles/custom/matrix-bridge-mx-puppet-slack/tasks/setup_install.yml_(IaC)_', 'matrix-docker-ansible-deploy/roles/custom/matrix-bridge-mx-puppet-steam/tasks/setup_install.yml_(IaC)_', 'matrix-docker-ansible-deploy/roles/custom/matrix-bridge-appservice-slack/tasks/setup_uninstall.yml_(IaC)_', 'matrix-docker-ansible-deploy/roles/custom/matrix-conduit/tasks/setup_uninstall.yml_(IaC)_', 'matrix-docker-ansible-deploy/roles/custom/matrix-bridge-heisenbridge/tasks/setup_install.yml_(IaC)_', 'matrix-docker-ansible-deploy/roles/custom/matrix-sygnal/templates/systemd/matrix-sygnal.service.j2_(Other)_', 'matrix-docker-ansible-deploy/roles/custom/matrix-synapse-auto-compressor/templates/matrix-synapse-auto-compressor.timer.j2_(Other)_', 'matrix-docker-ansible-deploy/roles/custom/matrix-bridge-mautrix-twitter/tasks/setup_uninstall.yml_(IaC)_']]","[['matrix-docker-ansible-deploy/roles/custom/etherpad-proxy-connect/tasks/main.yml_(IaC)_', 'matrix-docker-ansible-deploy/roles/custom/etherpad-proxy-connect/tasks/validate_config.yml_(IaC)_', 'matrix-docker-ansible-deploy/roles/custom/matrix-aux/tasks/main.yml_(IaC)_', 'matrix-docker-ansible-deploy/roles/custom/matrix-base/tasks/main.yml_(IaC)_', 'matrix-docker-ansible-deploy/roles/custom/matrix-bot-buscarron/tasks/main.yml_(IaC)_', 'matrix-docker-ansible-deploy/roles/custom/matrix-bot-chatgpt/tasks/main.yml_(IaC)_', 'matrix-docker-ansible-deploy/roles/custom/matrix-bot-draupnir/tasks/main.yml_(IaC)_', 'matrix-docker-ansible-deploy/roles/custom/matrix-bot-go-neb/tasks/main.yml_(IaC)_', 'matrix-docker-ansible-deploy/roles/custom/matrix-bot-honoroit/tasks/main.yml_(IaC)_', 'matrix-docker-ansible-deploy/roles/custom/matrix-bot-matrix-registration-bot/tasks/main.yml_(IaC)_', 'matrix-docker-ansible-deploy/roles/custom/matrix-bot-matrix-reminder-bot/tasks/main.yml_(IaC)_', 'matrix-docker-ansible-deploy/roles/custom/matrix-bot-maubot/tasks/main.yml_(IaC)_', 'matrix-docker-ansible-deploy/roles/custom/matrix-bot-mjolnir/tasks/main.yml_(IaC)_', 'matrix-docker-ansible-deploy/roles/custom/matrix-bot-postmoogle/tasks/main.yml_(IaC)_', 'matrix-docker-ansible-deploy/roles/custom/matrix-bridge-appservice-discord/tasks/main.yml_(IaC)_', 'matrix-docker-ansible-deploy/roles/custom/matrix-bridge-appservice-discord/tasks/setup_install.yml_(IaC)_', 'matrix-docker-ansible-deploy/roles/custom/matrix-bridge-appservice-irc/tasks/main.yml_(IaC)_', 'matrix-docker-ansible-deploy/roles/custom/matrix-bridge-appservice-irc/tasks/setup_install.yml_(IaC)_', 'matrix-docker-ansible-deploy/roles/custom/matrix-bridge-appservice-kakaotalk/tasks/main.yml_(IaC)_', 'matrix-docker-ansible-deploy/roles/custom/matrix-bridge-appservice-slack/tasks/main.yml_(IaC)_', 'matrix-docker-ansible-deploy/roles/custom/matrix-bridge-appservice-webhooks/tasks/main.yml_(IaC)_', 'matrix-docker-ansible-deploy/roles/custom/matrix-bridge-beeper-linkedin/tasks/main.yml_(IaC)_', 'matrix-docker-ansible-deploy/roles/custom/matrix-bridge-go-skype-bridge/tasks/main.yml_(IaC)_', 'matrix-docker-ansible-deploy/roles/custom/matrix-bridge-go-skype-bridge/tasks/setup_install.yml_(IaC)_', 'matrix-docker-ansible-deploy/roles/custom/matrix-bridge-heisenbridge/tasks/main.yml_(IaC)_', 'matrix-docker-ansible-deploy/roles/custom/matrix-bridge-hookshot/defaults/main.yml_(Other)_', 'matrix-docker-ansible-deploy/roles/custom/matrix-bridge-hookshot/tasks/main.yml_(IaC)_', 'matrix-docker-ansible-deploy/roles/custom/matrix-bridge-hookshot/tasks/setup_install.yml_(IaC)_', 'matrix-docker-ansible-deploy/roles/custom/matrix-bridge-mautrix-discord/tasks/main.yml_(IaC)_', 'matrix-docker-ansible-deploy/roles/custom/matrix-bridge-mautrix-facebook/tasks/main.yml_(IaC)_', 'matrix-docker-ansible-deploy/roles/custom/matrix-bridge-mautrix-facebook/tasks/setup_install.yml_(IaC)_', 'matrix-docker-ansible-deploy/roles/custom/matrix-bridge-mautrix-googlechat/tasks/main.yml_(IaC)_', 'matrix-docker-ansible-deploy/roles/custom/matrix-bridge-mautrix-hangouts/tasks/main.yml_(IaC)_', 'matrix-docker-ansible-deploy/roles/custom/matrix-bridge-mautrix-hangouts/tasks/setup_install.yml_(IaC)_', 'matrix-docker-ansible-deploy/roles/custom/matrix-bridge-mautrix-instagram/tasks/main.yml_(IaC)_', 'matrix-docker-ansible-deploy/roles/custom/matrix-bridge-mautrix-signal/tasks/main.yml_(IaC)_', 'matrix-docker-ansible-deploy/roles/custom/matrix-bridge-mautrix-slack/tasks/main.yml_(IaC)_', 'matrix-docker-ansible-deploy/roles/custom/matrix-bridge-mautrix-telegram/tasks/main.yml_(IaC)_', 'matrix-docker-ansible-deploy/roles/custom/matrix-bridge-mautrix-telegram/tasks/setup_install.yml_(IaC)_', 'matrix-docker-ansible-deploy/roles/custom/matrix-bridge-mautrix-twitter/tasks/main.yml_(IaC)_', 'matrix-docker-ansible-deploy/roles/custom/matrix-bridge-mautrix-whatsapp/tasks/main.yml_(IaC)_', 'matrix-docker-ansible-deploy/roles/custom/matrix-bridge-mautrix-whatsapp/tasks/setup_install.yml_(IaC)_', 'matrix-docker-ansible-deploy/roles/custom/matrix-bridge-mx-puppet-discord/tasks/main.yml_(IaC)_', 'matrix-docker-ansible-deploy/roles/custom/matrix-bridge-mx-puppet-groupme/tasks/main.yml_(IaC)_', 'matrix-docker-ansible-deploy/roles/custom/matrix-bridge-mx-puppet-groupme/tasks/setup_install.yml_(IaC)_', 'matrix-docker-ansible-deploy/roles/custom/matrix-bridge-mx-puppet-instagram/tasks/main.yml_(IaC)_', 'matrix-docker-ansible-deploy/roles/custom/matrix-bridge-mx-puppet-slack/tasks/main.yml_(IaC)_', 'matrix-docker-ansible-deploy/roles/custom/matrix-bridge-mx-puppet-slack/tasks/setup_install.yml_(IaC)_', 'matrix-docker-ansible-deploy/roles/custom/matrix-bridge-mx-puppet-steam/tasks/main.yml_(IaC)_', 'matrix-docker-ansible-deploy/roles/custom/matrix-bridge-mx-puppet-steam/tasks/setup_install.yml_(IaC)_', 'matrix-docker-ansible-deploy/roles/custom/matrix-bridge-mx-puppet-twitter/tasks/main.yml_(IaC)_', 'matrix-docker-ansible-deploy/roles/custom/matrix-bridge-mx-puppet-twitter/tasks/setup_install.yml_(IaC)_', 'matrix-docker-ansible-deploy/roles/custom/matrix-bridge-sms/tasks/main.yml_(IaC)_', 'matrix-docker-ansible-deploy/roles/custom/matrix-cactus-comments/tasks/main.yml_(IaC)_', 'matrix-docker-ansible-deploy/roles/custom/matrix-client-cinny/tasks/main.yml_(IaC)_', 'matrix-docker-ansible-deploy/roles/custom/matrix-client-element/tasks/main.yml_(IaC)_', 'matrix-docker-ansible-deploy/roles/custom/matrix-client-element/tasks/setup_install.yml_(IaC)_', 'matrix-docker-ansible-deploy/roles/custom/matrix-client-hydrogen/tasks/main.yml_(IaC)_', 'matrix-docker-ansible-deploy/roles/custom/matrix-common-after/tasks/main.yml_(IaC)_', 'matrix-docker-ansible-deploy/roles/custom/matrix-conduit/tasks/main.yml_(IaC)_', 'matrix-docker-ansible-deploy/roles/custom/matrix-corporal/tasks/main.yml_(IaC)_', 'matrix-docker-ansible-deploy/roles/custom/matrix-coturn/tasks/main.yml_(IaC)_', 'matrix-docker-ansible-deploy/roles/custom/matrix-coturn/tasks/setup_install.yml_(IaC)_', 'matrix-docker-ansible-deploy/roles/custom/matrix-dendrite/tasks/main.yml_(IaC)_', 'matrix-docker-ansible-deploy/roles/custom/matrix-dendrite/tasks/setup_install.yml_(IaC)_', 'matrix-docker-ansible-deploy/roles/custom/matrix-dimension/tasks/main.yml_(IaC)_', 'matrix-docker-ansible-deploy/roles/custom/matrix-dynamic-dns/tasks/main.yml_(IaC)_', 'matrix-docker-ansible-deploy/roles/custom/matrix-email2matrix/tasks/main.yml_(IaC)_', 'matrix-docker-ansible-deploy/roles/custom/matrix-jitsi/tasks/main.yml_(IaC)_', 'matrix-docker-ansible-deploy/roles/custom/matrix-jitsi/tasks/util/setup_jitsi_auth_uvs_install.yml_(IaC)_', 'matrix-docker-ansible-deploy/roles/custom/matrix-ldap-registration-proxy/tasks/main.yml_(IaC)_', 'matrix-docker-ansible-deploy/roles/custom/matrix-ma1sd/tasks/main.yml_(IaC)_', 'matrix-docker-ansible-deploy/roles/custom/matrix-ma1sd/tasks/setup_install.yml_(IaC)_', 'matrix-docker-ansible-deploy/roles/custom/matrix-mailer/tasks/main.yml_(IaC)_', 'matrix-docker-ansible-deploy/roles/custom/matrix-nginx-proxy/tasks/main.yml_(IaC)_', 'matrix-docker-ansible-deploy/roles/custom/matrix-nginx-proxy/tasks/ssl/setup_ssl_lets_encrypt_obtain_for_domain.yml_(IaC)_', 'matrix-docker-ansible-deploy/roles/custom/matrix-nginx-proxy/tasks/ssl/setup_ssl_self_signed_obtain_for_domain.yml_(IaC)_', 'matrix-docker-ansible-deploy/roles/custom/matrix-prometheus-nginxlog-exporter/tasks/main.yml_(IaC)_', 'matrix-docker-ansible-deploy/roles/custom/matrix-prometheus-services-proxy-connect/tasks/main.yml_(IaC)_', 'matrix-docker-ansible-deploy/roles/custom/matrix-prometheus/tasks/main.yml_(IaC)_', 'matrix-docker-ansible-deploy/roles/custom/matrix-rageshake/tasks/install.yml_(IaC)_', 'matrix-docker-ansible-deploy/roles/custom/matrix-rageshake/tasks/main.yml_(IaC)_', 'matrix-docker-ansible-deploy/roles/custom/matrix-registration/tasks/main.yml_(IaC)_', 'matrix-docker-ansible-deploy/roles/custom/matrix-sliding-sync/tasks/install.yml_(IaC)_', 'matrix-docker-ansible-deploy/roles/custom/matrix-sliding-sync/tasks/main.yml_(IaC)_', 'matrix-docker-ansible-deploy/roles/custom/matrix-sygnal/tasks/main.yml_(IaC)_', 'matrix-docker-ansible-deploy/roles/custom/matrix-synapse-admin/tasks/main.yml_(IaC)_', 'matrix-docker-ansible-deploy/roles/custom/matrix-synapse-reverse-proxy-companion/tasks/main.yml_(IaC)_', 'matrix-docker-ansible-deploy/roles/custom/matrix-synapse/tasks/ext/setup_install.yml_(IaC)_', 'matrix-docker-ansible-deploy/roles/custom/matrix-synapse/tasks/ext/setup_uninstall.yml_(IaC)_', 'matrix-docker-ansible-deploy/roles/custom/matrix-synapse/tasks/main.yml_(IaC)_', 'matrix-docker-ansible-deploy/roles/custom/matrix-synapse/tasks/setup_install.yml_(IaC)_', 'matrix-docker-ansible-deploy/roles/custom/matrix-synapse/tasks/setup_uninstall.yml_(IaC)_', 'matrix-docker-ansible-deploy/roles/custom/matrix-synapse/tasks/synapse/setup_install.yml_(IaC)_', 'matrix-docker-ansible-deploy/roles/custom/matrix-user-creator/tasks/main.yml_(IaC)_', 'matrix-docker-ansible-deploy/roles/custom/matrix-user-verification-service/tasks/main.yml_(IaC)_', 'matrix-docker-ansible-deploy/roles/custom/matrix_playbook_migration/tasks/main.yml_(IaC)_']]",['dddfee16bc852fc989b057bd1867f0e85825846d'],[0.3333333333333333],[0.010309278350515464],[0.02],[1],[0.5]
[3],"[[609, 195, 163, 614, 70, 582, 458, 466, 564, 477]]","[['matrix-docker-ansible-deploy/roles/custom/matrix-bridge-mautrix-twitter/tasks/setup_install.yml_(IaC)_', 'matrix-docker-ansible-deploy/roles/custom/matrix-bridge-mautrix-telegram/tasks/setup_install.yml_(IaC)_', 'matrix-docker-ansible-deploy/roles/custom/matrix-bridge-mautrix-facebook/tasks/setup_install.yml_(IaC)_', 'matrix-docker-ansible-deploy/roles/custom/matrix-coturn/tasks/validate_config.yml_(IaC)_', 'matrix-docker-ansible-deploy/roles/custom/matrix-bridge-appservice-kakaotalk/templates/node-config.json.j2_(Other)_', 'matrix-docker-ansible-deploy/roles/custom/matrix-bridge-mautrix-hangouts/tasks/main.yml_(IaC)_', 'matrix-docker-ansible-deploy/roles/custom/matrix-synapse/tasks/setup_install.yml_(IaC)_', 'matrix-docker-ansible-deploy/roles/custom/matrix-synapse/tasks/ext/setup_install.yml_(IaC)_', 'matrix-docker-ansible-deploy/roles/custom/matrix-bridge-appservice-irc/tasks/setup_uninstall.yml_(IaC)_', 'matrix-docker-ansible-deploy/roles/custom/matrix-synapse/tasks/ext/encryption-disabler/setup_install.yml_(IaC)_']]","[['matrix-docker-ansible-deploy/roles/custom/etherpad-proxy-connect/tasks/main.yml_(IaC)_', 'matrix-docker-ansible-deploy/roles/custom/etherpad-proxy-connect/tasks/validate_config.yml_(IaC)_', 'matrix-docker-ansible-deploy/roles/custom/matrix-aux/tasks/main.yml_(IaC)_', 'matrix-docker-ansible-deploy/roles/custom/matrix-base/tasks/main.yml_(IaC)_', 'matrix-docker-ansible-deploy/roles/custom/matrix-bot-buscarron/tasks/main.yml_(IaC)_', 'matrix-docker-ansible-deploy/roles/custom/matrix-bot-chatgpt/tasks/main.yml_(IaC)_', 'matrix-docker-ansible-deploy/roles/custom/matrix-bot-draupnir/tasks/main.yml_(IaC)_', 'matrix-docker-ansible-deploy/roles/custom/matrix-bot-go-neb/tasks/main.yml_(IaC)_', 'matrix-docker-ansible-deploy/roles/custom/matrix-bot-honoroit/tasks/main.yml_(IaC)_', 'matrix-docker-ansible-deploy/roles/custom/matrix-bot-matrix-registration-bot/tasks/main.yml_(IaC)_', 'matrix-docker-ansible-deploy/roles/custom/matrix-bot-matrix-reminder-bot/tasks/main.yml_(IaC)_', 'matrix-docker-ansible-deploy/roles/custom/matrix-bot-maubot/tasks/main.yml_(IaC)_', 'matrix-docker-ansible-deploy/roles/custom/matrix-bot-mjolnir/tasks/main.yml_(IaC)_', 'matrix-docker-ansible-deploy/roles/custom/matrix-bot-postmoogle/tasks/main.yml_(IaC)_', 'matrix-docker-ansible-deploy/roles/custom/matrix-bridge-appservice-discord/tasks/main.yml_(IaC)_', 'matrix-docker-ansible-deploy/roles/custom/matrix-bridge-appservice-discord/tasks/setup_install.yml_(IaC)_', 'matrix-docker-ansible-deploy/roles/custom/matrix-bridge-appservice-irc/tasks/main.yml_(IaC)_', 'matrix-docker-ansible-deploy/roles/custom/matrix-bridge-appservice-irc/tasks/setup_install.yml_(IaC)_', 'matrix-docker-ansible-deploy/roles/custom/matrix-bridge-appservice-kakaotalk/tasks/main.yml_(IaC)_', 'matrix-docker-ansible-deploy/roles/custom/matrix-bridge-appservice-slack/tasks/main.yml_(IaC)_', 'matrix-docker-ansible-deploy/roles/custom/matrix-bridge-appservice-webhooks/tasks/main.yml_(IaC)_', 'matrix-docker-ansible-deploy/roles/custom/matrix-bridge-beeper-linkedin/tasks/main.yml_(IaC)_', 'matrix-docker-ansible-deploy/roles/custom/matrix-bridge-go-skype-bridge/tasks/main.yml_(IaC)_', 'matrix-docker-ansible-deploy/roles/custom/matrix-bridge-go-skype-bridge/tasks/setup_install.yml_(IaC)_', 'matrix-docker-ansible-deploy/roles/custom/matrix-bridge-heisenbridge/tasks/main.yml_(IaC)_', 'matrix-docker-ansible-deploy/roles/custom/matrix-bridge-hookshot/defaults/main.yml_(Other)_', 'matrix-docker-ansible-deploy/roles/custom/matrix-bridge-hookshot/tasks/main.yml_(IaC)_', 'matrix-docker-ansible-deploy/roles/custom/matrix-bridge-hookshot/tasks/setup_install.yml_(IaC)_', 'matrix-docker-ansible-deploy/roles/custom/matrix-bridge-mautrix-discord/tasks/main.yml_(IaC)_', 'matrix-docker-ansible-deploy/roles/custom/matrix-bridge-mautrix-facebook/tasks/main.yml_(IaC)_', 'matrix-docker-ansible-deploy/roles/custom/matrix-bridge-mautrix-facebook/tasks/setup_install.yml_(IaC)_', 'matrix-docker-ansible-deploy/roles/custom/matrix-bridge-mautrix-googlechat/tasks/main.yml_(IaC)_', 'matrix-docker-ansible-deploy/roles/custom/matrix-bridge-mautrix-hangouts/tasks/main.yml_(IaC)_', 'matrix-docker-ansible-deploy/roles/custom/matrix-bridge-mautrix-hangouts/tasks/setup_install.yml_(IaC)_', 'matrix-docker-ansible-deploy/roles/custom/matrix-bridge-mautrix-instagram/tasks/main.yml_(IaC)_', 'matrix-docker-ansible-deploy/roles/custom/matrix-bridge-mautrix-signal/tasks/main.yml_(IaC)_', 'matrix-docker-ansible-deploy/roles/custom/matrix-bridge-mautrix-slack/tasks/main.yml_(IaC)_', 'matrix-docker-ansible-deploy/roles/custom/matrix-bridge-mautrix-telegram/tasks/main.yml_(IaC)_', 'matrix-docker-ansible-deploy/roles/custom/matrix-bridge-mautrix-telegram/tasks/setup_install.yml_(IaC)_', 'matrix-docker-ansible-deploy/roles/custom/matrix-bridge-mautrix-twitter/tasks/main.yml_(IaC)_', 'matrix-docker-ansible-deploy/roles/custom/matrix-bridge-mautrix-whatsapp/tasks/main.yml_(IaC)_', 'matrix-docker-ansible-deploy/roles/custom/matrix-bridge-mautrix-whatsapp/tasks/setup_install.yml_(IaC)_', 'matrix-docker-ansible-deploy/roles/custom/matrix-bridge-mx-puppet-discord/tasks/main.yml_(IaC)_', 'matrix-docker-ansible-deploy/roles/custom/matrix-bridge-mx-puppet-groupme/tasks/main.yml_(IaC)_', 'matrix-docker-ansible-deploy/roles/custom/matrix-bridge-mx-puppet-groupme/tasks/setup_install.yml_(IaC)_', 'matrix-docker-ansible-deploy/roles/custom/matrix-bridge-mx-puppet-instagram/tasks/main.yml_(IaC)_', 'matrix-docker-ansible-deploy/roles/custom/matrix-bridge-mx-puppet-slack/tasks/main.yml_(IaC)_', 'matrix-docker-ansible-deploy/roles/custom/matrix-bridge-mx-puppet-slack/tasks/setup_install.yml_(IaC)_', 'matrix-docker-ansible-deploy/roles/custom/matrix-bridge-mx-puppet-steam/tasks/main.yml_(IaC)_', 'matrix-docker-ansible-deploy/roles/custom/matrix-bridge-mx-puppet-steam/tasks/setup_install.yml_(IaC)_', 'matrix-docker-ansible-deploy/roles/custom/matrix-bridge-mx-puppet-twitter/tasks/main.yml_(IaC)_', 'matrix-docker-ansible-deploy/roles/custom/matrix-bridge-mx-puppet-twitter/tasks/setup_install.yml_(IaC)_', 'matrix-docker-ansible-deploy/roles/custom/matrix-bridge-sms/tasks/main.yml_(IaC)_', 'matrix-docker-ansible-deploy/roles/custom/matrix-cactus-comments/tasks/main.yml_(IaC)_', 'matrix-docker-ansible-deploy/roles/custom/matrix-client-cinny/tasks/main.yml_(IaC)_', 'matrix-docker-ansible-deploy/roles/custom/matrix-client-element/tasks/main.yml_(IaC)_', 'matrix-docker-ansible-deploy/roles/custom/matrix-client-element/tasks/setup_install.yml_(IaC)_', 'matrix-docker-ansible-deploy/roles/custom/matrix-client-hydrogen/tasks/main.yml_(IaC)_', 'matrix-docker-ansible-deploy/roles/custom/matrix-common-after/tasks/main.yml_(IaC)_', 'matrix-docker-ansible-deploy/roles/custom/matrix-conduit/tasks/main.yml_(IaC)_', 'matrix-docker-ansible-deploy/roles/custom/matrix-corporal/tasks/main.yml_(IaC)_', 'matrix-docker-ansible-deploy/roles/custom/matrix-coturn/tasks/main.yml_(IaC)_', 'matrix-docker-ansible-deploy/roles/custom/matrix-coturn/tasks/setup_install.yml_(IaC)_', 'matrix-docker-ansible-deploy/roles/custom/matrix-dendrite/tasks/main.yml_(IaC)_', 'matrix-docker-ansible-deploy/roles/custom/matrix-dendrite/tasks/setup_install.yml_(IaC)_', 'matrix-docker-ansible-deploy/roles/custom/matrix-dimension/tasks/main.yml_(IaC)_', 'matrix-docker-ansible-deploy/roles/custom/matrix-dynamic-dns/tasks/main.yml_(IaC)_', 'matrix-docker-ansible-deploy/roles/custom/matrix-email2matrix/tasks/main.yml_(IaC)_', 'matrix-docker-ansible-deploy/roles/custom/matrix-jitsi/tasks/main.yml_(IaC)_', 'matrix-docker-ansible-deploy/roles/custom/matrix-jitsi/tasks/util/setup_jitsi_auth_uvs_install.yml_(IaC)_', 'matrix-docker-ansible-deploy/roles/custom/matrix-ldap-registration-proxy/tasks/main.yml_(IaC)_', 'matrix-docker-ansible-deploy/roles/custom/matrix-ma1sd/tasks/main.yml_(IaC)_', 'matrix-docker-ansible-deploy/roles/custom/matrix-ma1sd/tasks/setup_install.yml_(IaC)_', 'matrix-docker-ansible-deploy/roles/custom/matrix-mailer/tasks/main.yml_(IaC)_', 'matrix-docker-ansible-deploy/roles/custom/matrix-nginx-proxy/tasks/main.yml_(IaC)_', 'matrix-docker-ansible-deploy/roles/custom/matrix-nginx-proxy/tasks/ssl/setup_ssl_lets_encrypt_obtain_for_domain.yml_(IaC)_', 'matrix-docker-ansible-deploy/roles/custom/matrix-nginx-proxy/tasks/ssl/setup_ssl_self_signed_obtain_for_domain.yml_(IaC)_', 'matrix-docker-ansible-deploy/roles/custom/matrix-prometheus-nginxlog-exporter/tasks/main.yml_(IaC)_', 'matrix-docker-ansible-deploy/roles/custom/matrix-prometheus-services-proxy-connect/tasks/main.yml_(IaC)_', 'matrix-docker-ansible-deploy/roles/custom/matrix-prometheus/tasks/main.yml_(IaC)_', 'matrix-docker-ansible-deploy/roles/custom/matrix-rageshake/tasks/install.yml_(IaC)_', 'matrix-docker-ansible-deploy/roles/custom/matrix-rageshake/tasks/main.yml_(IaC)_', 'matrix-docker-ansible-deploy/roles/custom/matrix-registration/tasks/main.yml_(IaC)_', 'matrix-docker-ansible-deploy/roles/custom/matrix-sliding-sync/tasks/install.yml_(IaC)_', 'matrix-docker-ansible-deploy/roles/custom/matrix-sliding-sync/tasks/main.yml_(IaC)_', 'matrix-docker-ansible-deploy/roles/custom/matrix-sygnal/tasks/main.yml_(IaC)_', 'matrix-docker-ansible-deploy/roles/custom/matrix-synapse-admin/tasks/main.yml_(IaC)_', 'matrix-docker-ansible-deploy/roles/custom/matrix-synapse-reverse-proxy-companion/tasks/main.yml_(IaC)_', 'matrix-docker-ansible-deploy/roles/custom/matrix-synapse/tasks/ext/setup_install.yml_(IaC)_', 'matrix-docker-ansible-deploy/roles/custom/matrix-synapse/tasks/ext/setup_uninstall.yml_(IaC)_', 'matrix-docker-ansible-deploy/roles/custom/matrix-synapse/tasks/main.yml_(IaC)_', 'matrix-docker-ansible-deploy/roles/custom/matrix-synapse/tasks/setup_install.yml_(IaC)_', 'matrix-docker-ansible-deploy/roles/custom/matrix-synapse/tasks/setup_uninstall.yml_(IaC)_', 'matrix-docker-ansible-deploy/roles/custom/matrix-synapse/tasks/synapse/setup_install.yml_(IaC)_', 'matrix-docker-ansible-deploy/roles/custom/matrix-user-creator/tasks/main.yml_(IaC)_', 'matrix-docker-ansible-deploy/roles/custom/matrix-user-verification-service/tasks/main.yml_(IaC)_', 'matrix-docker-ansible-deploy/roles/custom/matrix_playbook_migration/tasks/main.yml_(IaC)_']]",['dddfee16bc852fc989b057bd1867f0e85825846d'],[0.6666666666666666],[0.020618556701030927],[0.04],[1],[0.5]
[3],"[[609, 163, 4, 581, 203, 235, 303, 179, 533, 565, 30, 474, 446, 607]]","[['matrix-docker-ansible-deploy/roles/custom/matrix-bridge-mautrix-twitter/tasks/setup_install.yml_(IaC)_', 'matrix-docker-ansible-deploy/roles/custom/matrix-bridge-mautrix-facebook/tasks/setup_install.yml_(IaC)_', 'matrix-docker-ansible-deploy/requirements.yml_(Other)_', 'matrix-docker-ansible-deploy/roles/custom/matrix-bridge-mautrix-hangouts/tasks/setup_install.yml_(IaC)_', 'matrix-docker-ansible-deploy/roles/custom/matrix-client-hydrogen/tasks/setup_install.yml_(IaC)_', 'matrix-docker-ansible-deploy/roles/custom/matrix-nginx-proxy/tasks/ssl/setup_ssl_manually_managed.yml_(IaC)_', 'matrix-docker-ansible-deploy/roles/custom/matrix-bridge-mx-puppet-groupme/tasks/setup_install.yml_(IaC)_', 'matrix-docker-ansible-deploy/roles/custom/matrix-email2matrix/tasks/main.yml_(IaC)_', 'matrix-docker-ansible-deploy/roles/custom/matrix-base/tasks/validate_config.yml_(IaC)_', 'matrix-docker-ansible-deploy/roles/custom/matrix-bridge-appservice-irc/tasks/setup_install.yml_(IaC)_', 'matrix-docker-ansible-deploy/roles/custom/matrix-bot-buscarron/tasks/setup_install.yml_(IaC)_', 'matrix-docker-ansible-deploy/roles/custom/matrix-synapse/tasks/ext/s3-storage-provider/setup_uninstall.yml_(IaC)_', 'matrix-docker-ansible-deploy/roles/custom/matrix-bridge-go-skype-bridge/defaults/main.yml_(Other)_', 'matrix-docker-ansible-deploy/roles/custom/matrix-bridge-mautrix-twitter/tasks/setup_uninstall.yml_(IaC)_']]","[['matrix-docker-ansible-deploy/roles/custom/etherpad-proxy-connect/tasks/main.yml_(IaC)_', 'matrix-docker-ansible-deploy/roles/custom/etherpad-proxy-connect/tasks/validate_config.yml_(IaC)_', 'matrix-docker-ansible-deploy/roles/custom/matrix-aux/tasks/main.yml_(IaC)_', 'matrix-docker-ansible-deploy/roles/custom/matrix-base/tasks/main.yml_(IaC)_', 'matrix-docker-ansible-deploy/roles/custom/matrix-bot-buscarron/tasks/main.yml_(IaC)_', 'matrix-docker-ansible-deploy/roles/custom/matrix-bot-chatgpt/tasks/main.yml_(IaC)_', 'matrix-docker-ansible-deploy/roles/custom/matrix-bot-draupnir/tasks/main.yml_(IaC)_', 'matrix-docker-ansible-deploy/roles/custom/matrix-bot-go-neb/tasks/main.yml_(IaC)_', 'matrix-docker-ansible-deploy/roles/custom/matrix-bot-honoroit/tasks/main.yml_(IaC)_', 'matrix-docker-ansible-deploy/roles/custom/matrix-bot-matrix-registration-bot/tasks/main.yml_(IaC)_', 'matrix-docker-ansible-deploy/roles/custom/matrix-bot-matrix-reminder-bot/tasks/main.yml_(IaC)_', 'matrix-docker-ansible-deploy/roles/custom/matrix-bot-maubot/tasks/main.yml_(IaC)_', 'matrix-docker-ansible-deploy/roles/custom/matrix-bot-mjolnir/tasks/main.yml_(IaC)_', 'matrix-docker-ansible-deploy/roles/custom/matrix-bot-postmoogle/tasks/main.yml_(IaC)_', 'matrix-docker-ansible-deploy/roles/custom/matrix-bridge-appservice-discord/tasks/main.yml_(IaC)_', 'matrix-docker-ansible-deploy/roles/custom/matrix-bridge-appservice-discord/tasks/setup_install.yml_(IaC)_', 'matrix-docker-ansible-deploy/roles/custom/matrix-bridge-appservice-irc/tasks/main.yml_(IaC)_', 'matrix-docker-ansible-deploy/roles/custom/matrix-bridge-appservice-irc/tasks/setup_install.yml_(IaC)_', 'matrix-docker-ansible-deploy/roles/custom/matrix-bridge-appservice-kakaotalk/tasks/main.yml_(IaC)_', 'matrix-docker-ansible-deploy/roles/custom/matrix-bridge-appservice-slack/tasks/main.yml_(IaC)_', 'matrix-docker-ansible-deploy/roles/custom/matrix-bridge-appservice-webhooks/tasks/main.yml_(IaC)_', 'matrix-docker-ansible-deploy/roles/custom/matrix-bridge-beeper-linkedin/tasks/main.yml_(IaC)_', 'matrix-docker-ansible-deploy/roles/custom/matrix-bridge-go-skype-bridge/tasks/main.yml_(IaC)_', 'matrix-docker-ansible-deploy/roles/custom/matrix-bridge-go-skype-bridge/tasks/setup_install.yml_(IaC)_', 'matrix-docker-ansible-deploy/roles/custom/matrix-bridge-heisenbridge/tasks/main.yml_(IaC)_', 'matrix-docker-ansible-deploy/roles/custom/matrix-bridge-hookshot/defaults/main.yml_(Other)_', 'matrix-docker-ansible-deploy/roles/custom/matrix-bridge-hookshot/tasks/main.yml_(IaC)_', 'matrix-docker-ansible-deploy/roles/custom/matrix-bridge-hookshot/tasks/setup_install.yml_(IaC)_', 'matrix-docker-ansible-deploy/roles/custom/matrix-bridge-mautrix-discord/tasks/main.yml_(IaC)_', 'matrix-docker-ansible-deploy/roles/custom/matrix-bridge-mautrix-facebook/tasks/main.yml_(IaC)_', 'matrix-docker-ansible-deploy/roles/custom/matrix-bridge-mautrix-facebook/tasks/setup_install.yml_(IaC)_', 'matrix-docker-ansible-deploy/roles/custom/matrix-bridge-mautrix-googlechat/tasks/main.yml_(IaC)_', 'matrix-docker-ansible-deploy/roles/custom/matrix-bridge-mautrix-hangouts/tasks/main.yml_(IaC)_', 'matrix-docker-ansible-deploy/roles/custom/matrix-bridge-mautrix-hangouts/tasks/setup_install.yml_(IaC)_', 'matrix-docker-ansible-deploy/roles/custom/matrix-bridge-mautrix-instagram/tasks/main.yml_(IaC)_', 'matrix-docker-ansible-deploy/roles/custom/matrix-bridge-mautrix-signal/tasks/main.yml_(IaC)_', 'matrix-docker-ansible-deploy/roles/custom/matrix-bridge-mautrix-slack/tasks/main.yml_(IaC)_', 'matrix-docker-ansible-deploy/roles/custom/matrix-bridge-mautrix-telegram/tasks/main.yml_(IaC)_', 'matrix-docker-ansible-deploy/roles/custom/matrix-bridge-mautrix-telegram/tasks/setup_install.yml_(IaC)_', 'matrix-docker-ansible-deploy/roles/custom/matrix-bridge-mautrix-twitter/tasks/main.yml_(IaC)_', 'matrix-docker-ansible-deploy/roles/custom/matrix-bridge-mautrix-whatsapp/tasks/main.yml_(IaC)_', 'matrix-docker-ansible-deploy/roles/custom/matrix-bridge-mautrix-whatsapp/tasks/setup_install.yml_(IaC)_', 'matrix-docker-ansible-deploy/roles/custom/matrix-bridge-mx-puppet-discord/tasks/main.yml_(IaC)_', 'matrix-docker-ansible-deploy/roles/custom/matrix-bridge-mx-puppet-groupme/tasks/main.yml_(IaC)_', 'matrix-docker-ansible-deploy/roles/custom/matrix-bridge-mx-puppet-groupme/tasks/setup_install.yml_(IaC)_', 'matrix-docker-ansible-deploy/roles/custom/matrix-bridge-mx-puppet-instagram/tasks/main.yml_(IaC)_', 'matrix-docker-ansible-deploy/roles/custom/matrix-bridge-mx-puppet-slack/tasks/main.yml_(IaC)_', 'matrix-docker-ansible-deploy/roles/custom/matrix-bridge-mx-puppet-slack/tasks/setup_install.yml_(IaC)_', 'matrix-docker-ansible-deploy/roles/custom/matrix-bridge-mx-puppet-steam/tasks/main.yml_(IaC)_', 'matrix-docker-ansible-deploy/roles/custom/matrix-bridge-mx-puppet-steam/tasks/setup_install.yml_(IaC)_', 'matrix-docker-ansible-deploy/roles/custom/matrix-bridge-mx-puppet-twitter/tasks/main.yml_(IaC)_', 'matrix-docker-ansible-deploy/roles/custom/matrix-bridge-mx-puppet-twitter/tasks/setup_install.yml_(IaC)_', 'matrix-docker-ansible-deploy/roles/custom/matrix-bridge-sms/tasks/main.yml_(IaC)_', 'matrix-docker-ansible-deploy/roles/custom/matrix-cactus-comments/tasks/main.yml_(IaC)_', 'matrix-docker-ansible-deploy/roles/custom/matrix-client-cinny/tasks/main.yml_(IaC)_', 'matrix-docker-ansible-deploy/roles/custom/matrix-client-element/tasks/main.yml_(IaC)_', 'matrix-docker-ansible-deploy/roles/custom/matrix-client-element/tasks/setup_install.yml_(IaC)_', 'matrix-docker-ansible-deploy/roles/custom/matrix-client-hydrogen/tasks/main.yml_(IaC)_', 'matrix-docker-ansible-deploy/roles/custom/matrix-common-after/tasks/main.yml_(IaC)_', 'matrix-docker-ansible-deploy/roles/custom/matrix-conduit/tasks/main.yml_(IaC)_', 'matrix-docker-ansible-deploy/roles/custom/matrix-corporal/tasks/main.yml_(IaC)_', 'matrix-docker-ansible-deploy/roles/custom/matrix-coturn/tasks/main.yml_(IaC)_', 'matrix-docker-ansible-deploy/roles/custom/matrix-coturn/tasks/setup_install.yml_(IaC)_', 'matrix-docker-ansible-deploy/roles/custom/matrix-dendrite/tasks/main.yml_(IaC)_', 'matrix-docker-ansible-deploy/roles/custom/matrix-dendrite/tasks/setup_install.yml_(IaC)_', 'matrix-docker-ansible-deploy/roles/custom/matrix-dimension/tasks/main.yml_(IaC)_', 'matrix-docker-ansible-deploy/roles/custom/matrix-dynamic-dns/tasks/main.yml_(IaC)_', 'matrix-docker-ansible-deploy/roles/custom/matrix-email2matrix/tasks/main.yml_(IaC)_', 'matrix-docker-ansible-deploy/roles/custom/matrix-jitsi/tasks/main.yml_(IaC)_', 'matrix-docker-ansible-deploy/roles/custom/matrix-jitsi/tasks/util/setup_jitsi_auth_uvs_install.yml_(IaC)_', 'matrix-docker-ansible-deploy/roles/custom/matrix-ldap-registration-proxy/tasks/main.yml_(IaC)_', 'matrix-docker-ansible-deploy/roles/custom/matrix-ma1sd/tasks/main.yml_(IaC)_', 'matrix-docker-ansible-deploy/roles/custom/matrix-ma1sd/tasks/setup_install.yml_(IaC)_', 'matrix-docker-ansible-deploy/roles/custom/matrix-mailer/tasks/main.yml_(IaC)_', 'matrix-docker-ansible-deploy/roles/custom/matrix-nginx-proxy/tasks/main.yml_(IaC)_', 'matrix-docker-ansible-deploy/roles/custom/matrix-nginx-proxy/tasks/ssl/setup_ssl_lets_encrypt_obtain_for_domain.yml_(IaC)_', 'matrix-docker-ansible-deploy/roles/custom/matrix-nginx-proxy/tasks/ssl/setup_ssl_self_signed_obtain_for_domain.yml_(IaC)_', 'matrix-docker-ansible-deploy/roles/custom/matrix-prometheus-nginxlog-exporter/tasks/main.yml_(IaC)_', 'matrix-docker-ansible-deploy/roles/custom/matrix-prometheus-services-proxy-connect/tasks/main.yml_(IaC)_', 'matrix-docker-ansible-deploy/roles/custom/matrix-prometheus/tasks/main.yml_(IaC)_', 'matrix-docker-ansible-deploy/roles/custom/matrix-rageshake/tasks/install.yml_(IaC)_', 'matrix-docker-ansible-deploy/roles/custom/matrix-rageshake/tasks/main.yml_(IaC)_', 'matrix-docker-ansible-deploy/roles/custom/matrix-registration/tasks/main.yml_(IaC)_', 'matrix-docker-ansible-deploy/roles/custom/matrix-sliding-sync/tasks/install.yml_(IaC)_', 'matrix-docker-ansible-deploy/roles/custom/matrix-sliding-sync/tasks/main.yml_(IaC)_', 'matrix-docker-ansible-deploy/roles/custom/matrix-sygnal/tasks/main.yml_(IaC)_', 'matrix-docker-ansible-deploy/roles/custom/matrix-synapse-admin/tasks/main.yml_(IaC)_', 'matrix-docker-ansible-deploy/roles/custom/matrix-synapse-reverse-proxy-companion/tasks/main.yml_(IaC)_', 'matrix-docker-ansible-deploy/roles/custom/matrix-synapse/tasks/ext/setup_install.yml_(IaC)_', 'matrix-docker-ansible-deploy/roles/custom/matrix-synapse/tasks/ext/setup_uninstall.yml_(IaC)_', 'matrix-docker-ansible-deploy/roles/custom/matrix-synapse/tasks/main.yml_(IaC)_', 'matrix-docker-ansible-deploy/roles/custom/matrix-synapse/tasks/setup_install.yml_(IaC)_', 'matrix-docker-ansible-deploy/roles/custom/matrix-synapse/tasks/setup_uninstall.yml_(IaC)_', 'matrix-docker-ansible-deploy/roles/custom/matrix-synapse/tasks/synapse/setup_install.yml_(IaC)_', 'matrix-docker-ansible-deploy/roles/custom/matrix-user-creator/tasks/main.yml_(IaC)_', 'matrix-docker-ansible-deploy/roles/custom/matrix-user-verification-service/tasks/main.yml_(IaC)_', 'matrix-docker-ansible-deploy/roles/custom/matrix_playbook_migration/tasks/main.yml_(IaC)_']]",['dddfee16bc852fc989b057bd1867f0e85825846d'],[0.3333333333333333],[0.010309278350515464],[0.02],[1],[0.5]
[3],"[[129, 163, 68, 455, 383, 395, 44, 526, 217, 510, 511]]","[['matrix-docker-ansible-deploy/roles/custom/matrix-bridge-mautrix-whatsapp/tasks/setup_install.yml_(IaC)_', 'matrix-docker-ansible-deploy/roles/custom/matrix-bridge-mautrix-facebook/tasks/setup_install.yml_(IaC)_', 'matrix-docker-ansible-deploy/roles/custom/matrix-bridge-appservice-kakaotalk/defaults/main.yml_(Other)_', 'matrix-docker-ansible-deploy/roles/custom/matrix-synapse/tasks/self_check_federation_api.yml_(IaC)_', 'matrix-docker-ansible-deploy/roles/custom/matrix-bridge-mautrix-instagram/tasks/setup_install.yml_(IaC)_', 'matrix-docker-ansible-deploy/roles/custom/matrix-bot-matrix-registration-bot/tasks/setup_uninstall.yml_(IaC)_', 'matrix-docker-ansible-deploy/roles/custom/matrix-client-cinny/tasks/setup_uninstall.yml_(IaC)_', 'matrix-docker-ansible-deploy/roles/custom/matrix-bridge-appservice-webhooks/tasks/setup_install.yml_(IaC)_', 'matrix-docker-ansible-deploy/roles/custom/matrix-bot-honoroit/tasks/validate_config.yml_(IaC)_', 'matrix-docker-ansible-deploy/roles/custom/matrix-bridge-mx-puppet-slack/tasks/setup_install.yml_(IaC)_', 'matrix-docker-ansible-deploy/roles/custom/matrix-bridge-mx-puppet-slack/tasks/main.yml_(IaC)_']]","[['matrix-docker-ansible-deploy/roles/custom/etherpad-proxy-connect/tasks/main.yml_(IaC)_', 'matrix-docker-ansible-deploy/roles/custom/etherpad-proxy-connect/tasks/validate_config.yml_(IaC)_', 'matrix-docker-ansible-deploy/roles/custom/matrix-aux/tasks/main.yml_(IaC)_', 'matrix-docker-ansible-deploy/roles/custom/matrix-base/tasks/main.yml_(IaC)_', 'matrix-docker-ansible-deploy/roles/custom/matrix-bot-buscarron/tasks/main.yml_(IaC)_', 'matrix-docker-ansible-deploy/roles/custom/matrix-bot-chatgpt/tasks/main.yml_(IaC)_', 'matrix-docker-ansible-deploy/roles/custom/matrix-bot-draupnir/tasks/main.yml_(IaC)_', 'matrix-docker-ansible-deploy/roles/custom/matrix-bot-go-neb/tasks/main.yml_(IaC)_', 'matrix-docker-ansible-deploy/roles/custom/matrix-bot-honoroit/tasks/main.yml_(IaC)_', 'matrix-docker-ansible-deploy/roles/custom/matrix-bot-matrix-registration-bot/tasks/main.yml_(IaC)_', 'matrix-docker-ansible-deploy/roles/custom/matrix-bot-matrix-reminder-bot/tasks/main.yml_(IaC)_', 'matrix-docker-ansible-deploy/roles/custom/matrix-bot-maubot/tasks/main.yml_(IaC)_', 'matrix-docker-ansible-deploy/roles/custom/matrix-bot-mjolnir/tasks/main.yml_(IaC)_', 'matrix-docker-ansible-deploy/roles/custom/matrix-bot-postmoogle/tasks/main.yml_(IaC)_', 'matrix-docker-ansible-deploy/roles/custom/matrix-bridge-appservice-discord/tasks/main.yml_(IaC)_', 'matrix-docker-ansible-deploy/roles/custom/matrix-bridge-appservice-discord/tasks/setup_install.yml_(IaC)_', 'matrix-docker-ansible-deploy/roles/custom/matrix-bridge-appservice-irc/tasks/main.yml_(IaC)_', 'matrix-docker-ansible-deploy/roles/custom/matrix-bridge-appservice-irc/tasks/setup_install.yml_(IaC)_', 'matrix-docker-ansible-deploy/roles/custom/matrix-bridge-appservice-kakaotalk/tasks/main.yml_(IaC)_', 'matrix-docker-ansible-deploy/roles/custom/matrix-bridge-appservice-slack/tasks/main.yml_(IaC)_', 'matrix-docker-ansible-deploy/roles/custom/matrix-bridge-appservice-webhooks/tasks/main.yml_(IaC)_', 'matrix-docker-ansible-deploy/roles/custom/matrix-bridge-beeper-linkedin/tasks/main.yml_(IaC)_', 'matrix-docker-ansible-deploy/roles/custom/matrix-bridge-go-skype-bridge/tasks/main.yml_(IaC)_', 'matrix-docker-ansible-deploy/roles/custom/matrix-bridge-go-skype-bridge/tasks/setup_install.yml_(IaC)_', 'matrix-docker-ansible-deploy/roles/custom/matrix-bridge-heisenbridge/tasks/main.yml_(IaC)_', 'matrix-docker-ansible-deploy/roles/custom/matrix-bridge-hookshot/defaults/main.yml_(Other)_', 'matrix-docker-ansible-deploy/roles/custom/matrix-bridge-hookshot/tasks/main.yml_(IaC)_', 'matrix-docker-ansible-deploy/roles/custom/matrix-bridge-hookshot/tasks/setup_install.yml_(IaC)_', 'matrix-docker-ansible-deploy/roles/custom/matrix-bridge-mautrix-discord/tasks/main.yml_(IaC)_', 'matrix-docker-ansible-deploy/roles/custom/matrix-bridge-mautrix-facebook/tasks/main.yml_(IaC)_', 'matrix-docker-ansible-deploy/roles/custom/matrix-bridge-mautrix-facebook/tasks/setup_install.yml_(IaC)_', 'matrix-docker-ansible-deploy/roles/custom/matrix-bridge-mautrix-googlechat/tasks/main.yml_(IaC)_', 'matrix-docker-ansible-deploy/roles/custom/matrix-bridge-mautrix-hangouts/tasks/main.yml_(IaC)_', 'matrix-docker-ansible-deploy/roles/custom/matrix-bridge-mautrix-hangouts/tasks/setup_install.yml_(IaC)_', 'matrix-docker-ansible-deploy/roles/custom/matrix-bridge-mautrix-instagram/tasks/main.yml_(IaC)_', 'matrix-docker-ansible-deploy/roles/custom/matrix-bridge-mautrix-signal/tasks/main.yml_(IaC)_', 'matrix-docker-ansible-deploy/roles/custom/matrix-bridge-mautrix-slack/tasks/main.yml_(IaC)_', 'matrix-docker-ansible-deploy/roles/custom/matrix-bridge-mautrix-telegram/tasks/main.yml_(IaC)_', 'matrix-docker-ansible-deploy/roles/custom/matrix-bridge-mautrix-telegram/tasks/setup_install.yml_(IaC)_', 'matrix-docker-ansible-deploy/roles/custom/matrix-bridge-mautrix-twitter/tasks/main.yml_(IaC)_', 'matrix-docker-ansible-deploy/roles/custom/matrix-bridge-mautrix-whatsapp/tasks/main.yml_(IaC)_', 'matrix-docker-ansible-deploy/roles/custom/matrix-bridge-mautrix-whatsapp/tasks/setup_install.yml_(IaC)_', 'matrix-docker-ansible-deploy/roles/custom/matrix-bridge-mx-puppet-discord/tasks/main.yml_(IaC)_', 'matrix-docker-ansible-deploy/roles/custom/matrix-bridge-mx-puppet-groupme/tasks/main.yml_(IaC)_', 'matrix-docker-ansible-deploy/roles/custom/matrix-bridge-mx-puppet-groupme/tasks/setup_install.yml_(IaC)_', 'matrix-docker-ansible-deploy/roles/custom/matrix-bridge-mx-puppet-instagram/tasks/main.yml_(IaC)_', 'matrix-docker-ansible-deploy/roles/custom/matrix-bridge-mx-puppet-slack/tasks/main.yml_(IaC)_', 'matrix-docker-ansible-deploy/roles/custom/matrix-bridge-mx-puppet-slack/tasks/setup_install.yml_(IaC)_', 'matrix-docker-ansible-deploy/roles/custom/matrix-bridge-mx-puppet-steam/tasks/main.yml_(IaC)_', 'matrix-docker-ansible-deploy/roles/custom/matrix-bridge-mx-puppet-steam/tasks/setup_install.yml_(IaC)_', 'matrix-docker-ansible-deploy/roles/custom/matrix-bridge-mx-puppet-twitter/tasks/main.yml_(IaC)_', 'matrix-docker-ansible-deploy/roles/custom/matrix-bridge-mx-puppet-twitter/tasks/setup_install.yml_(IaC)_', 'matrix-docker-ansible-deploy/roles/custom/matrix-bridge-sms/tasks/main.yml_(IaC)_', 'matrix-docker-ansible-deploy/roles/custom/matrix-cactus-comments/tasks/main.yml_(IaC)_', 'matrix-docker-ansible-deploy/roles/custom/matrix-client-cinny/tasks/main.yml_(IaC)_', 'matrix-docker-ansible-deploy/roles/custom/matrix-client-element/tasks/main.yml_(IaC)_', 'matrix-docker-ansible-deploy/roles/custom/matrix-client-element/tasks/setup_install.yml_(IaC)_', 'matrix-docker-ansible-deploy/roles/custom/matrix-client-hydrogen/tasks/main.yml_(IaC)_', 'matrix-docker-ansible-deploy/roles/custom/matrix-common-after/tasks/main.yml_(IaC)_', 'matrix-docker-ansible-deploy/roles/custom/matrix-conduit/tasks/main.yml_(IaC)_', 'matrix-docker-ansible-deploy/roles/custom/matrix-corporal/tasks/main.yml_(IaC)_', 'matrix-docker-ansible-deploy/roles/custom/matrix-coturn/tasks/main.yml_(IaC)_', 'matrix-docker-ansible-deploy/roles/custom/matrix-coturn/tasks/setup_install.yml_(IaC)_', 'matrix-docker-ansible-deploy/roles/custom/matrix-dendrite/tasks/main.yml_(IaC)_', 'matrix-docker-ansible-deploy/roles/custom/matrix-dendrite/tasks/setup_install.yml_(IaC)_', 'matrix-docker-ansible-deploy/roles/custom/matrix-dimension/tasks/main.yml_(IaC)_', 'matrix-docker-ansible-deploy/roles/custom/matrix-dynamic-dns/tasks/main.yml_(IaC)_', 'matrix-docker-ansible-deploy/roles/custom/matrix-email2matrix/tasks/main.yml_(IaC)_', 'matrix-docker-ansible-deploy/roles/custom/matrix-jitsi/tasks/main.yml_(IaC)_', 'matrix-docker-ansible-deploy/roles/custom/matrix-jitsi/tasks/util/setup_jitsi_auth_uvs_install.yml_(IaC)_', 'matrix-docker-ansible-deploy/roles/custom/matrix-ldap-registration-proxy/tasks/main.yml_(IaC)_', 'matrix-docker-ansible-deploy/roles/custom/matrix-ma1sd/tasks/main.yml_(IaC)_', 'matrix-docker-ansible-deploy/roles/custom/matrix-ma1sd/tasks/setup_install.yml_(IaC)_', 'matrix-docker-ansible-deploy/roles/custom/matrix-mailer/tasks/main.yml_(IaC)_', 'matrix-docker-ansible-deploy/roles/custom/matrix-nginx-proxy/tasks/main.yml_(IaC)_', 'matrix-docker-ansible-deploy/roles/custom/matrix-nginx-proxy/tasks/ssl/setup_ssl_lets_encrypt_obtain_for_domain.yml_(IaC)_', 'matrix-docker-ansible-deploy/roles/custom/matrix-nginx-proxy/tasks/ssl/setup_ssl_self_signed_obtain_for_domain.yml_(IaC)_', 'matrix-docker-ansible-deploy/roles/custom/matrix-prometheus-nginxlog-exporter/tasks/main.yml_(IaC)_', 'matrix-docker-ansible-deploy/roles/custom/matrix-prometheus-services-proxy-connect/tasks/main.yml_(IaC)_', 'matrix-docker-ansible-deploy/roles/custom/matrix-prometheus/tasks/main.yml_(IaC)_', 'matrix-docker-ansible-deploy/roles/custom/matrix-rageshake/tasks/install.yml_(IaC)_', 'matrix-docker-ansible-deploy/roles/custom/matrix-rageshake/tasks/main.yml_(IaC)_', 'matrix-docker-ansible-deploy/roles/custom/matrix-registration/tasks/main.yml_(IaC)_', 'matrix-docker-ansible-deploy/roles/custom/matrix-sliding-sync/tasks/install.yml_(IaC)_', 'matrix-docker-ansible-deploy/roles/custom/matrix-sliding-sync/tasks/main.yml_(IaC)_', 'matrix-docker-ansible-deploy/roles/custom/matrix-sygnal/tasks/main.yml_(IaC)_', 'matrix-docker-ansible-deploy/roles/custom/matrix-synapse-admin/tasks/main.yml_(IaC)_', 'matrix-docker-ansible-deploy/roles/custom/matrix-synapse-reverse-proxy-companion/tasks/main.yml_(IaC)_', 'matrix-docker-ansible-deploy/roles/custom/matrix-synapse/tasks/ext/setup_install.yml_(IaC)_', 'matrix-docker-ansible-deploy/roles/custom/matrix-synapse/tasks/ext/setup_uninstall.yml_(IaC)_', 'matrix-docker-ansible-deploy/roles/custom/matrix-synapse/tasks/main.yml_(IaC)_', 'matrix-docker-ansible-deploy/roles/custom/matrix-synapse/tasks/setup_install.yml_(IaC)_', 'matrix-docker-ansible-deploy/roles/custom/matrix-synapse/tasks/setup_uninstall.yml_(IaC)_', 'matrix-docker-ansible-deploy/roles/custom/matrix-synapse/tasks/synapse/setup_install.yml_(IaC)_', 'matrix-docker-ansible-deploy/roles/custom/matrix-user-creator/tasks/main.yml_(IaC)_', 'matrix-docker-ansible-deploy/roles/custom/matrix-user-verification-service/tasks/main.yml_(IaC)_', 'matrix-docker-ansible-deploy/roles/custom/matrix_playbook_migration/tasks/main.yml_(IaC)_']]",['dddfee16bc852fc989b057bd1867f0e85825846d'],[0.6666666666666666],[0.020618556701030927],[0.04],[1],[1.0]
[3],"[[195, 581, 169, 236, 270, 629, 598, 24, 572, 63]]","[['matrix-docker-ansible-deploy/roles/custom/matrix-bridge-mautrix-telegram/tasks/setup_install.yml_(IaC)_', 'matrix-docker-ansible-deploy/roles/custom/matrix-bridge-mautrix-hangouts/tasks/setup_install.yml_(IaC)_', 'matrix-docker-ansible-deploy/roles/custom/matrix-bridge-mautrix-googlechat/tasks/setup_uninstall.yml_(IaC)_', 'matrix-docker-ansible-deploy/roles/custom/matrix-nginx-proxy/tasks/ssl/setup_ssl_lets_encrypt.yml_(IaC)_', 'matrix-docker-ansible-deploy/roles/custom/matrix-corporal/tasks/setup_uninstall.yml_(IaC)_', 'matrix-docker-ansible-deploy/roles/custom/matrix-bot-maubot/templates/config/config.yaml.j2_(Other)_', 'matrix-docker-ansible-deploy/roles/custom/matrix-bridge-mautrix-signal/tasks/setup_install.yml_(IaC)_', 'matrix-docker-ansible-deploy/roles/custom/matrix-conduit/tasks/main.yml_(IaC)_', 'matrix-docker-ansible-deploy/roles/custom/matrix-synapse-admin/tasks/inject_into_nginx_proxy.yml_(IaC)_', 'matrix-docker-ansible-deploy/roles/custom/matrix-synapse-auto-compressor/templates/env.j2_(Other)_']]","[['matrix-docker-ansible-deploy/roles/custom/etherpad-proxy-connect/tasks/main.yml_(IaC)_', 'matrix-docker-ansible-deploy/roles/custom/etherpad-proxy-connect/tasks/validate_config.yml_(IaC)_', 'matrix-docker-ansible-deploy/roles/custom/matrix-aux/tasks/main.yml_(IaC)_', 'matrix-docker-ansible-deploy/roles/custom/matrix-base/tasks/main.yml_(IaC)_', 'matrix-docker-ansible-deploy/roles/custom/matrix-bot-buscarron/tasks/main.yml_(IaC)_', 'matrix-docker-ansible-deploy/roles/custom/matrix-bot-chatgpt/tasks/main.yml_(IaC)_', 'matrix-docker-ansible-deploy/roles/custom/matrix-bot-draupnir/tasks/main.yml_(IaC)_', 'matrix-docker-ansible-deploy/roles/custom/matrix-bot-go-neb/tasks/main.yml_(IaC)_', 'matrix-docker-ansible-deploy/roles/custom/matrix-bot-honoroit/tasks/main.yml_(IaC)_', 'matrix-docker-ansible-deploy/roles/custom/matrix-bot-matrix-registration-bot/tasks/main.yml_(IaC)_', 'matrix-docker-ansible-deploy/roles/custom/matrix-bot-matrix-reminder-bot/tasks/main.yml_(IaC)_', 'matrix-docker-ansible-deploy/roles/custom/matrix-bot-maubot/tasks/main.yml_(IaC)_', 'matrix-docker-ansible-deploy/roles/custom/matrix-bot-mjolnir/tasks/main.yml_(IaC)_', 'matrix-docker-ansible-deploy/roles/custom/matrix-bot-postmoogle/tasks/main.yml_(IaC)_', 'matrix-docker-ansible-deploy/roles/custom/matrix-bridge-appservice-discord/tasks/main.yml_(IaC)_', 'matrix-docker-ansible-deploy/roles/custom/matrix-bridge-appservice-discord/tasks/setup_install.yml_(IaC)_', 'matrix-docker-ansible-deploy/roles/custom/matrix-bridge-appservice-irc/tasks/main.yml_(IaC)_', 'matrix-docker-ansible-deploy/roles/custom/matrix-bridge-appservice-irc/tasks/setup_install.yml_(IaC)_', 'matrix-docker-ansible-deploy/roles/custom/matrix-bridge-appservice-kakaotalk/tasks/main.yml_(IaC)_', 'matrix-docker-ansible-deploy/roles/custom/matrix-bridge-appservice-slack/tasks/main.yml_(IaC)_', 'matrix-docker-ansible-deploy/roles/custom/matrix-bridge-appservice-webhooks/tasks/main.yml_(IaC)_', 'matrix-docker-ansible-deploy/roles/custom/matrix-bridge-beeper-linkedin/tasks/main.yml_(IaC)_', 'matrix-docker-ansible-deploy/roles/custom/matrix-bridge-go-skype-bridge/tasks/main.yml_(IaC)_', 'matrix-docker-ansible-deploy/roles/custom/matrix-bridge-go-skype-bridge/tasks/setup_install.yml_(IaC)_', 'matrix-docker-ansible-deploy/roles/custom/matrix-bridge-heisenbridge/tasks/main.yml_(IaC)_', 'matrix-docker-ansible-deploy/roles/custom/matrix-bridge-hookshot/defaults/main.yml_(Other)_', 'matrix-docker-ansible-deploy/roles/custom/matrix-bridge-hookshot/tasks/main.yml_(IaC)_', 'matrix-docker-ansible-deploy/roles/custom/matrix-bridge-hookshot/tasks/setup_install.yml_(IaC)_', 'matrix-docker-ansible-deploy/roles/custom/matrix-bridge-mautrix-discord/tasks/main.yml_(IaC)_', 'matrix-docker-ansible-deploy/roles/custom/matrix-bridge-mautrix-facebook/tasks/main.yml_(IaC)_', 'matrix-docker-ansible-deploy/roles/custom/matrix-bridge-mautrix-facebook/tasks/setup_install.yml_(IaC)_', 'matrix-docker-ansible-deploy/roles/custom/matrix-bridge-mautrix-googlechat/tasks/main.yml_(IaC)_', 'matrix-docker-ansible-deploy/roles/custom/matrix-bridge-mautrix-hangouts/tasks/main.yml_(IaC)_', 'matrix-docker-ansible-deploy/roles/custom/matrix-bridge-mautrix-hangouts/tasks/setup_install.yml_(IaC)_', 'matrix-docker-ansible-deploy/roles/custom/matrix-bridge-mautrix-instagram/tasks/main.yml_(IaC)_', 'matrix-docker-ansible-deploy/roles/custom/matrix-bridge-mautrix-signal/tasks/main.yml_(IaC)_', 'matrix-docker-ansible-deploy/roles/custom/matrix-bridge-mautrix-slack/tasks/main.yml_(IaC)_', 'matrix-docker-ansible-deploy/roles/custom/matrix-bridge-mautrix-telegram/tasks/main.yml_(IaC)_', 'matrix-docker-ansible-deploy/roles/custom/matrix-bridge-mautrix-telegram/tasks/setup_install.yml_(IaC)_', 'matrix-docker-ansible-deploy/roles/custom/matrix-bridge-mautrix-twitter/tasks/main.yml_(IaC)_', 'matrix-docker-ansible-deploy/roles/custom/matrix-bridge-mautrix-whatsapp/tasks/main.yml_(IaC)_', 'matrix-docker-ansible-deploy/roles/custom/matrix-bridge-mautrix-whatsapp/tasks/setup_install.yml_(IaC)_', 'matrix-docker-ansible-deploy/roles/custom/matrix-bridge-mx-puppet-discord/tasks/main.yml_(IaC)_', 'matrix-docker-ansible-deploy/roles/custom/matrix-bridge-mx-puppet-groupme/tasks/main.yml_(IaC)_', 'matrix-docker-ansible-deploy/roles/custom/matrix-bridge-mx-puppet-groupme/tasks/setup_install.yml_(IaC)_', 'matrix-docker-ansible-deploy/roles/custom/matrix-bridge-mx-puppet-instagram/tasks/main.yml_(IaC)_', 'matrix-docker-ansible-deploy/roles/custom/matrix-bridge-mx-puppet-slack/tasks/main.yml_(IaC)_', 'matrix-docker-ansible-deploy/roles/custom/matrix-bridge-mx-puppet-slack/tasks/setup_install.yml_(IaC)_', 'matrix-docker-ansible-deploy/roles/custom/matrix-bridge-mx-puppet-steam/tasks/main.yml_(IaC)_', 'matrix-docker-ansible-deploy/roles/custom/matrix-bridge-mx-puppet-steam/tasks/setup_install.yml_(IaC)_', 'matrix-docker-ansible-deploy/roles/custom/matrix-bridge-mx-puppet-twitter/tasks/main.yml_(IaC)_', 'matrix-docker-ansible-deploy/roles/custom/matrix-bridge-mx-puppet-twitter/tasks/setup_install.yml_(IaC)_', 'matrix-docker-ansible-deploy/roles/custom/matrix-bridge-sms/tasks/main.yml_(IaC)_', 'matrix-docker-ansible-deploy/roles/custom/matrix-cactus-comments/tasks/main.yml_(IaC)_', 'matrix-docker-ansible-deploy/roles/custom/matrix-client-cinny/tasks/main.yml_(IaC)_', 'matrix-docker-ansible-deploy/roles/custom/matrix-client-element/tasks/main.yml_(IaC)_', 'matrix-docker-ansible-deploy/roles/custom/matrix-client-element/tasks/setup_install.yml_(IaC)_', 'matrix-docker-ansible-deploy/roles/custom/matrix-client-hydrogen/tasks/main.yml_(IaC)_', 'matrix-docker-ansible-deploy/roles/custom/matrix-common-after/tasks/main.yml_(IaC)_', 'matrix-docker-ansible-deploy/roles/custom/matrix-conduit/tasks/main.yml_(IaC)_', 'matrix-docker-ansible-deploy/roles/custom/matrix-corporal/tasks/main.yml_(IaC)_', 'matrix-docker-ansible-deploy/roles/custom/matrix-coturn/tasks/main.yml_(IaC)_', 'matrix-docker-ansible-deploy/roles/custom/matrix-coturn/tasks/setup_install.yml_(IaC)_', 'matrix-docker-ansible-deploy/roles/custom/matrix-dendrite/tasks/main.yml_(IaC)_', 'matrix-docker-ansible-deploy/roles/custom/matrix-dendrite/tasks/setup_install.yml_(IaC)_', 'matrix-docker-ansible-deploy/roles/custom/matrix-dimension/tasks/main.yml_(IaC)_', 'matrix-docker-ansible-deploy/roles/custom/matrix-dynamic-dns/tasks/main.yml_(IaC)_', 'matrix-docker-ansible-deploy/roles/custom/matrix-email2matrix/tasks/main.yml_(IaC)_', 'matrix-docker-ansible-deploy/roles/custom/matrix-jitsi/tasks/main.yml_(IaC)_', 'matrix-docker-ansible-deploy/roles/custom/matrix-jitsi/tasks/util/setup_jitsi_auth_uvs_install.yml_(IaC)_', 'matrix-docker-ansible-deploy/roles/custom/matrix-ldap-registration-proxy/tasks/main.yml_(IaC)_', 'matrix-docker-ansible-deploy/roles/custom/matrix-ma1sd/tasks/main.yml_(IaC)_', 'matrix-docker-ansible-deploy/roles/custom/matrix-ma1sd/tasks/setup_install.yml_(IaC)_', 'matrix-docker-ansible-deploy/roles/custom/matrix-mailer/tasks/main.yml_(IaC)_', 'matrix-docker-ansible-deploy/roles/custom/matrix-nginx-proxy/tasks/main.yml_(IaC)_', 'matrix-docker-ansible-deploy/roles/custom/matrix-nginx-proxy/tasks/ssl/setup_ssl_lets_encrypt_obtain_for_domain.yml_(IaC)_', 'matrix-docker-ansible-deploy/roles/custom/matrix-nginx-proxy/tasks/ssl/setup_ssl_self_signed_obtain_for_domain.yml_(IaC)_', 'matrix-docker-ansible-deploy/roles/custom/matrix-prometheus-nginxlog-exporter/tasks/main.yml_(IaC)_', 'matrix-docker-ansible-deploy/roles/custom/matrix-prometheus-services-proxy-connect/tasks/main.yml_(IaC)_', 'matrix-docker-ansible-deploy/roles/custom/matrix-prometheus/tasks/main.yml_(IaC)_', 'matrix-docker-ansible-deploy/roles/custom/matrix-rageshake/tasks/install.yml_(IaC)_', 'matrix-docker-ansible-deploy/roles/custom/matrix-rageshake/tasks/main.yml_(IaC)_', 'matrix-docker-ansible-deploy/roles/custom/matrix-registration/tasks/main.yml_(IaC)_', 'matrix-docker-ansible-deploy/roles/custom/matrix-sliding-sync/tasks/install.yml_(IaC)_', 'matrix-docker-ansible-deploy/roles/custom/matrix-sliding-sync/tasks/main.yml_(IaC)_', 'matrix-docker-ansible-deploy/roles/custom/matrix-sygnal/tasks/main.yml_(IaC)_', 'matrix-docker-ansible-deploy/roles/custom/matrix-synapse-admin/tasks/main.yml_(IaC)_', 'matrix-docker-ansible-deploy/roles/custom/matrix-synapse-reverse-proxy-companion/tasks/main.yml_(IaC)_', 'matrix-docker-ansible-deploy/roles/custom/matrix-synapse/tasks/ext/setup_install.yml_(IaC)_', 'matrix-docker-ansible-deploy/roles/custom/matrix-synapse/tasks/ext/setup_uninstall.yml_(IaC)_', 'matrix-docker-ansible-deploy/roles/custom/matrix-synapse/tasks/main.yml_(IaC)_', 'matrix-docker-ansible-deploy/roles/custom/matrix-synapse/tasks/setup_install.yml_(IaC)_', 'matrix-docker-ansible-deploy/roles/custom/matrix-synapse/tasks/setup_uninstall.yml_(IaC)_', 'matrix-docker-ansible-deploy/roles/custom/matrix-synapse/tasks/synapse/setup_install.yml_(IaC)_', 'matrix-docker-ansible-deploy/roles/custom/matrix-user-creator/tasks/main.yml_(IaC)_', 'matrix-docker-ansible-deploy/roles/custom/matrix-user-verification-service/tasks/main.yml_(IaC)_', 'matrix-docker-ansible-deploy/roles/custom/matrix_playbook_migration/tasks/main.yml_(IaC)_']]",['dddfee16bc852fc989b057bd1867f0e85825846d'],[0.6666666666666666],[0.020618556701030927],[0.04],[1],[1.0]
[3],"[[121, 230, 107, 429, 469, 565, 215, 310, 94, 510]]","[['matrix-docker-ansible-deploy/roles/custom/matrix-bridge-mautrix-slack/tasks/setup_install.yml_(IaC)_', 'matrix-docker-ansible-deploy/roles/custom/matrix-nginx-proxy/tasks/setup_nginx_proxy.yml_(IaC)_', 'matrix-docker-ansible-deploy/roles/custom/matrix-bridge-mx-puppet-steam/tasks/setup_install.yml_(IaC)_', 'matrix-docker-ansible-deploy/roles/custom/matrix-bridge-mautrix-discord/tasks/setup_install.yml_(IaC)_', 'matrix-docker-ansible-deploy/roles/custom/matrix-synapse/tasks/ext/shared-secret-auth/setup_uninstall.yml_(IaC)_', 'matrix-docker-ansible-deploy/roles/custom/matrix-bridge-appservice-irc/tasks/setup_install.yml_(IaC)_', 'matrix-docker-ansible-deploy/roles/custom/matrix-bot-mjolnir/templates/production.yaml.j2_(Other)_', 'matrix-docker-ansible-deploy/roles/custom/matrix-bridge-appservice-discord/tasks/setup_install.yml_(IaC)_', 'matrix-docker-ansible-deploy/roles/custom/matrix-bridge-sms/defaults/main.yml_(Other)_', 'matrix-docker-ansible-deploy/roles/custom/matrix-bridge-mx-puppet-slack/tasks/setup_install.yml_(IaC)_']]","[['matrix-docker-ansible-deploy/roles/custom/etherpad-proxy-connect/tasks/main.yml_(IaC)_', 'matrix-docker-ansible-deploy/roles/custom/etherpad-proxy-connect/tasks/validate_config.yml_(IaC)_', 'matrix-docker-ansible-deploy/roles/custom/matrix-aux/tasks/main.yml_(IaC)_', 'matrix-docker-ansible-deploy/roles/custom/matrix-base/tasks/main.yml_(IaC)_', 'matrix-docker-ansible-deploy/roles/custom/matrix-bot-buscarron/tasks/main.yml_(IaC)_', 'matrix-docker-ansible-deploy/roles/custom/matrix-bot-chatgpt/tasks/main.yml_(IaC)_', 'matrix-docker-ansible-deploy/roles/custom/matrix-bot-draupnir/tasks/main.yml_(IaC)_', 'matrix-docker-ansible-deploy/roles/custom/matrix-bot-go-neb/tasks/main.yml_(IaC)_', 'matrix-docker-ansible-deploy/roles/custom/matrix-bot-honoroit/tasks/main.yml_(IaC)_', 'matrix-docker-ansible-deploy/roles/custom/matrix-bot-matrix-registration-bot/tasks/main.yml_(IaC)_', 'matrix-docker-ansible-deploy/roles/custom/matrix-bot-matrix-reminder-bot/tasks/main.yml_(IaC)_', 'matrix-docker-ansible-deploy/roles/custom/matrix-bot-maubot/tasks/main.yml_(IaC)_', 'matrix-docker-ansible-deploy/roles/custom/matrix-bot-mjolnir/tasks/main.yml_(IaC)_', 'matrix-docker-ansible-deploy/roles/custom/matrix-bot-postmoogle/tasks/main.yml_(IaC)_', 'matrix-docker-ansible-deploy/roles/custom/matrix-bridge-appservice-discord/tasks/main.yml_(IaC)_', 'matrix-docker-ansible-deploy/roles/custom/matrix-bridge-appservice-discord/tasks/setup_install.yml_(IaC)_', 'matrix-docker-ansible-deploy/roles/custom/matrix-bridge-appservice-irc/tasks/main.yml_(IaC)_', 'matrix-docker-ansible-deploy/roles/custom/matrix-bridge-appservice-irc/tasks/setup_install.yml_(IaC)_', 'matrix-docker-ansible-deploy/roles/custom/matrix-bridge-appservice-kakaotalk/tasks/main.yml_(IaC)_', 'matrix-docker-ansible-deploy/roles/custom/matrix-bridge-appservice-slack/tasks/main.yml_(IaC)_', 'matrix-docker-ansible-deploy/roles/custom/matrix-bridge-appservice-webhooks/tasks/main.yml_(IaC)_', 'matrix-docker-ansible-deploy/roles/custom/matrix-bridge-beeper-linkedin/tasks/main.yml_(IaC)_', 'matrix-docker-ansible-deploy/roles/custom/matrix-bridge-go-skype-bridge/tasks/main.yml_(IaC)_', 'matrix-docker-ansible-deploy/roles/custom/matrix-bridge-go-skype-bridge/tasks/setup_install.yml_(IaC)_', 'matrix-docker-ansible-deploy/roles/custom/matrix-bridge-heisenbridge/tasks/main.yml_(IaC)_', 'matrix-docker-ansible-deploy/roles/custom/matrix-bridge-hookshot/defaults/main.yml_(Other)_', 'matrix-docker-ansible-deploy/roles/custom/matrix-bridge-hookshot/tasks/main.yml_(IaC)_', 'matrix-docker-ansible-deploy/roles/custom/matrix-bridge-hookshot/tasks/setup_install.yml_(IaC)_', 'matrix-docker-ansible-deploy/roles/custom/matrix-bridge-mautrix-discord/tasks/main.yml_(IaC)_', 'matrix-docker-ansible-deploy/roles/custom/matrix-bridge-mautrix-facebook/tasks/main.yml_(IaC)_', 'matrix-docker-ansible-deploy/roles/custom/matrix-bridge-mautrix-facebook/tasks/setup_install.yml_(IaC)_', 'matrix-docker-ansible-deploy/roles/custom/matrix-bridge-mautrix-googlechat/tasks/main.yml_(IaC)_', 'matrix-docker-ansible-deploy/roles/custom/matrix-bridge-mautrix-hangouts/tasks/main.yml_(IaC)_', 'matrix-docker-ansible-deploy/roles/custom/matrix-bridge-mautrix-hangouts/tasks/setup_install.yml_(IaC)_', 'matrix-docker-ansible-deploy/roles/custom/matrix-bridge-mautrix-instagram/tasks/main.yml_(IaC)_', 'matrix-docker-ansible-deploy/roles/custom/matrix-bridge-mautrix-signal/tasks/main.yml_(IaC)_', 'matrix-docker-ansible-deploy/roles/custom/matrix-bridge-mautrix-slack/tasks/main.yml_(IaC)_', 'matrix-docker-ansible-deploy/roles/custom/matrix-bridge-mautrix-telegram/tasks/main.yml_(IaC)_', 'matrix-docker-ansible-deploy/roles/custom/matrix-bridge-mautrix-telegram/tasks/setup_install.yml_(IaC)_', 'matrix-docker-ansible-deploy/roles/custom/matrix-bridge-mautrix-twitter/tasks/main.yml_(IaC)_', 'matrix-docker-ansible-deploy/roles/custom/matrix-bridge-mautrix-whatsapp/tasks/main.yml_(IaC)_', 'matrix-docker-ansible-deploy/roles/custom/matrix-bridge-mautrix-whatsapp/tasks/setup_install.yml_(IaC)_', 'matrix-docker-ansible-deploy/roles/custom/matrix-bridge-mx-puppet-discord/tasks/main.yml_(IaC)_', 'matrix-docker-ansible-deploy/roles/custom/matrix-bridge-mx-puppet-groupme/tasks/main.yml_(IaC)_', 'matrix-docker-ansible-deploy/roles/custom/matrix-bridge-mx-puppet-groupme/tasks/setup_install.yml_(IaC)_', 'matrix-docker-ansible-deploy/roles/custom/matrix-bridge-mx-puppet-instagram/tasks/main.yml_(IaC)_', 'matrix-docker-ansible-deploy/roles/custom/matrix-bridge-mx-puppet-slack/tasks/main.yml_(IaC)_', 'matrix-docker-ansible-deploy/roles/custom/matrix-bridge-mx-puppet-slack/tasks/setup_install.yml_(IaC)_', 'matrix-docker-ansible-deploy/roles/custom/matrix-bridge-mx-puppet-steam/tasks/main.yml_(IaC)_', 'matrix-docker-ansible-deploy/roles/custom/matrix-bridge-mx-puppet-steam/tasks/setup_install.yml_(IaC)_', 'matrix-docker-ansible-deploy/roles/custom/matrix-bridge-mx-puppet-twitter/tasks/main.yml_(IaC)_', 'matrix-docker-ansible-deploy/roles/custom/matrix-bridge-mx-puppet-twitter/tasks/setup_install.yml_(IaC)_', 'matrix-docker-ansible-deploy/roles/custom/matrix-bridge-sms/tasks/main.yml_(IaC)_', 'matrix-docker-ansible-deploy/roles/custom/matrix-cactus-comments/tasks/main.yml_(IaC)_', 'matrix-docker-ansible-deploy/roles/custom/matrix-client-cinny/tasks/main.yml_(IaC)_', 'matrix-docker-ansible-deploy/roles/custom/matrix-client-element/tasks/main.yml_(IaC)_', 'matrix-docker-ansible-deploy/roles/custom/matrix-client-element/tasks/setup_install.yml_(IaC)_', 'matrix-docker-ansible-deploy/roles/custom/matrix-client-hydrogen/tasks/main.yml_(IaC)_', 'matrix-docker-ansible-deploy/roles/custom/matrix-common-after/tasks/main.yml_(IaC)_', 'matrix-docker-ansible-deploy/roles/custom/matrix-conduit/tasks/main.yml_(IaC)_', 'matrix-docker-ansible-deploy/roles/custom/matrix-corporal/tasks/main.yml_(IaC)_', 'matrix-docker-ansible-deploy/roles/custom/matrix-coturn/tasks/main.yml_(IaC)_', 'matrix-docker-ansible-deploy/roles/custom/matrix-coturn/tasks/setup_install.yml_(IaC)_', 'matrix-docker-ansible-deploy/roles/custom/matrix-dendrite/tasks/main.yml_(IaC)_', 'matrix-docker-ansible-deploy/roles/custom/matrix-dendrite/tasks/setup_install.yml_(IaC)_', 'matrix-docker-ansible-deploy/roles/custom/matrix-dimension/tasks/main.yml_(IaC)_', 'matrix-docker-ansible-deploy/roles/custom/matrix-dynamic-dns/tasks/main.yml_(IaC)_', 'matrix-docker-ansible-deploy/roles/custom/matrix-email2matrix/tasks/main.yml_(IaC)_', 'matrix-docker-ansible-deploy/roles/custom/matrix-jitsi/tasks/main.yml_(IaC)_', 'matrix-docker-ansible-deploy/roles/custom/matrix-jitsi/tasks/util/setup_jitsi_auth_uvs_install.yml_(IaC)_', 'matrix-docker-ansible-deploy/roles/custom/matrix-ldap-registration-proxy/tasks/main.yml_(IaC)_', 'matrix-docker-ansible-deploy/roles/custom/matrix-ma1sd/tasks/main.yml_(IaC)_', 'matrix-docker-ansible-deploy/roles/custom/matrix-ma1sd/tasks/setup_install.yml_(IaC)_', 'matrix-docker-ansible-deploy/roles/custom/matrix-mailer/tasks/main.yml_(IaC)_', 'matrix-docker-ansible-deploy/roles/custom/matrix-nginx-proxy/tasks/main.yml_(IaC)_', 'matrix-docker-ansible-deploy/roles/custom/matrix-nginx-proxy/tasks/ssl/setup_ssl_lets_encrypt_obtain_for_domain.yml_(IaC)_', 'matrix-docker-ansible-deploy/roles/custom/matrix-nginx-proxy/tasks/ssl/setup_ssl_self_signed_obtain_for_domain.yml_(IaC)_', 'matrix-docker-ansible-deploy/roles/custom/matrix-prometheus-nginxlog-exporter/tasks/main.yml_(IaC)_', 'matrix-docker-ansible-deploy/roles/custom/matrix-prometheus-services-proxy-connect/tasks/main.yml_(IaC)_', 'matrix-docker-ansible-deploy/roles/custom/matrix-prometheus/tasks/main.yml_(IaC)_', 'matrix-docker-ansible-deploy/roles/custom/matrix-rageshake/tasks/install.yml_(IaC)_', 'matrix-docker-ansible-deploy/roles/custom/matrix-rageshake/tasks/main.yml_(IaC)_', 'matrix-docker-ansible-deploy/roles/custom/matrix-registration/tasks/main.yml_(IaC)_', 'matrix-docker-ansible-deploy/roles/custom/matrix-sliding-sync/tasks/install.yml_(IaC)_', 'matrix-docker-ansible-deploy/roles/custom/matrix-sliding-sync/tasks/main.yml_(IaC)_', 'matrix-docker-ansible-deploy/roles/custom/matrix-sygnal/tasks/main.yml_(IaC)_', 'matrix-docker-ansible-deploy/roles/custom/matrix-synapse-admin/tasks/main.yml_(IaC)_', 'matrix-docker-ansible-deploy/roles/custom/matrix-synapse-reverse-proxy-companion/tasks/main.yml_(IaC)_', 'matrix-docker-ansible-deploy/roles/custom/matrix-synapse/tasks/ext/setup_install.yml_(IaC)_', 'matrix-docker-ansible-deploy/roles/custom/matrix-synapse/tasks/ext/setup_uninstall.yml_(IaC)_', 'matrix-docker-ansible-deploy/roles/custom/matrix-synapse/tasks/main.yml_(IaC)_', 'matrix-docker-ansible-deploy/roles/custom/matrix-synapse/tasks/setup_install.yml_(IaC)_', 'matrix-docker-ansible-deploy/roles/custom/matrix-synapse/tasks/setup_uninstall.yml_(IaC)_', 'matrix-docker-ansible-deploy/roles/custom/matrix-synapse/tasks/synapse/setup_install.yml_(IaC)_', 'matrix-docker-ansible-deploy/roles/custom/matrix-user-creator/tasks/main.yml_(IaC)_', 'matrix-docker-ansible-deploy/roles/custom/matrix-user-verification-service/tasks/main.yml_(IaC)_', 'matrix-docker-ansible-deploy/roles/custom/matrix_playbook_migration/tasks/main.yml_(IaC)_']]",['dddfee16bc852fc989b057bd1867f0e85825846d'],[0.3333333333333333],[0.010309278350515464],[0.02],[1],[0.3333333333333333]
[3],"[[129, 66, 195, 228, 327, 430, 464, 84, 181, 412, 127]]","[['matrix-docker-ansible-deploy/roles/custom/matrix-bridge-mautrix-whatsapp/tasks/setup_install.yml_(IaC)_', 'matrix-docker-ansible-deploy/roles/custom/matrix-bridge-appservice-kakaotalk/tasks/setup_install.yml_(IaC)_', 'matrix-docker-ansible-deploy/roles/custom/matrix-bridge-mautrix-telegram/tasks/setup_install.yml_(IaC)_', 'matrix-docker-ansible-deploy/roles/custom/matrix-nginx-proxy/tasks/setup_well_known.yml_(IaC)_', 'matrix-docker-ansible-deploy/roles/custom/matrix-bridge-beeper-linkedin/templates/config.yaml.j2_(Other)_', 'matrix-docker-ansible-deploy/roles/custom/matrix-bridge-mautrix-discord/tasks/main.yml_(IaC)_', 'matrix-docker-ansible-deploy/roles/custom/matrix-synapse/tasks/goofys/setup_install.yml_(IaC)_', 'matrix-docker-ansible-deploy/roles/custom/matrix-sygnal/tasks/install.yml_(IaC)_', 'matrix-docker-ansible-deploy/roles/custom/matrix-email2matrix/templates/config.json.j2_(Other)_', 'matrix-docker-ansible-deploy/roles/custom/matrix-user-creator/tasks/main.yml_(IaC)_', 'matrix-docker-ansible-deploy/roles/custom/matrix-bridge-mautrix-whatsapp/tasks/setup_uninstall.yml_(IaC)_']]","[['matrix-docker-ansible-deploy/roles/custom/etherpad-proxy-connect/tasks/main.yml_(IaC)_', 'matrix-docker-ansible-deploy/roles/custom/etherpad-proxy-connect/tasks/validate_config.yml_(IaC)_', 'matrix-docker-ansible-deploy/roles/custom/matrix-aux/tasks/main.yml_(IaC)_', 'matrix-docker-ansible-deploy/roles/custom/matrix-base/tasks/main.yml_(IaC)_', 'matrix-docker-ansible-deploy/roles/custom/matrix-bot-buscarron/tasks/main.yml_(IaC)_', 'matrix-docker-ansible-deploy/roles/custom/matrix-bot-chatgpt/tasks/main.yml_(IaC)_', 'matrix-docker-ansible-deploy/roles/custom/matrix-bot-draupnir/tasks/main.yml_(IaC)_', 'matrix-docker-ansible-deploy/roles/custom/matrix-bot-go-neb/tasks/main.yml_(IaC)_', 'matrix-docker-ansible-deploy/roles/custom/matrix-bot-honoroit/tasks/main.yml_(IaC)_', 'matrix-docker-ansible-deploy/roles/custom/matrix-bot-matrix-registration-bot/tasks/main.yml_(IaC)_', 'matrix-docker-ansible-deploy/roles/custom/matrix-bot-matrix-reminder-bot/tasks/main.yml_(IaC)_', 'matrix-docker-ansible-deploy/roles/custom/matrix-bot-maubot/tasks/main.yml_(IaC)_', 'matrix-docker-ansible-deploy/roles/custom/matrix-bot-mjolnir/tasks/main.yml_(IaC)_', 'matrix-docker-ansible-deploy/roles/custom/matrix-bot-postmoogle/tasks/main.yml_(IaC)_', 'matrix-docker-ansible-deploy/roles/custom/matrix-bridge-appservice-discord/tasks/main.yml_(IaC)_', 'matrix-docker-ansible-deploy/roles/custom/matrix-bridge-appservice-discord/tasks/setup_install.yml_(IaC)_', 'matrix-docker-ansible-deploy/roles/custom/matrix-bridge-appservice-irc/tasks/main.yml_(IaC)_', 'matrix-docker-ansible-deploy/roles/custom/matrix-bridge-appservice-irc/tasks/setup_install.yml_(IaC)_', 'matrix-docker-ansible-deploy/roles/custom/matrix-bridge-appservice-kakaotalk/tasks/main.yml_(IaC)_', 'matrix-docker-ansible-deploy/roles/custom/matrix-bridge-appservice-slack/tasks/main.yml_(IaC)_', 'matrix-docker-ansible-deploy/roles/custom/matrix-bridge-appservice-webhooks/tasks/main.yml_(IaC)_', 'matrix-docker-ansible-deploy/roles/custom/matrix-bridge-beeper-linkedin/tasks/main.yml_(IaC)_', 'matrix-docker-ansible-deploy/roles/custom/matrix-bridge-go-skype-bridge/tasks/main.yml_(IaC)_', 'matrix-docker-ansible-deploy/roles/custom/matrix-bridge-go-skype-bridge/tasks/setup_install.yml_(IaC)_', 'matrix-docker-ansible-deploy/roles/custom/matrix-bridge-heisenbridge/tasks/main.yml_(IaC)_', 'matrix-docker-ansible-deploy/roles/custom/matrix-bridge-hookshot/defaults/main.yml_(Other)_', 'matrix-docker-ansible-deploy/roles/custom/matrix-bridge-hookshot/tasks/main.yml_(IaC)_', 'matrix-docker-ansible-deploy/roles/custom/matrix-bridge-hookshot/tasks/setup_install.yml_(IaC)_', 'matrix-docker-ansible-deploy/roles/custom/matrix-bridge-mautrix-discord/tasks/main.yml_(IaC)_', 'matrix-docker-ansible-deploy/roles/custom/matrix-bridge-mautrix-facebook/tasks/main.yml_(IaC)_', 'matrix-docker-ansible-deploy/roles/custom/matrix-bridge-mautrix-facebook/tasks/setup_install.yml_(IaC)_', 'matrix-docker-ansible-deploy/roles/custom/matrix-bridge-mautrix-googlechat/tasks/main.yml_(IaC)_', 'matrix-docker-ansible-deploy/roles/custom/matrix-bridge-mautrix-hangouts/tasks/main.yml_(IaC)_', 'matrix-docker-ansible-deploy/roles/custom/matrix-bridge-mautrix-hangouts/tasks/setup_install.yml_(IaC)_', 'matrix-docker-ansible-deploy/roles/custom/matrix-bridge-mautrix-instagram/tasks/main.yml_(IaC)_', 'matrix-docker-ansible-deploy/roles/custom/matrix-bridge-mautrix-signal/tasks/main.yml_(IaC)_', 'matrix-docker-ansible-deploy/roles/custom/matrix-bridge-mautrix-slack/tasks/main.yml_(IaC)_', 'matrix-docker-ansible-deploy/roles/custom/matrix-bridge-mautrix-telegram/tasks/main.yml_(IaC)_', 'matrix-docker-ansible-deploy/roles/custom/matrix-bridge-mautrix-telegram/tasks/setup_install.yml_(IaC)_', 'matrix-docker-ansible-deploy/roles/custom/matrix-bridge-mautrix-twitter/tasks/main.yml_(IaC)_', 'matrix-docker-ansible-deploy/roles/custom/matrix-bridge-mautrix-whatsapp/tasks/main.yml_(IaC)_', 'matrix-docker-ansible-deploy/roles/custom/matrix-bridge-mautrix-whatsapp/tasks/setup_install.yml_(IaC)_', 'matrix-docker-ansible-deploy/roles/custom/matrix-bridge-mx-puppet-discord/tasks/main.yml_(IaC)_', 'matrix-docker-ansible-deploy/roles/custom/matrix-bridge-mx-puppet-groupme/tasks/main.yml_(IaC)_', 'matrix-docker-ansible-deploy/roles/custom/matrix-bridge-mx-puppet-groupme/tasks/setup_install.yml_(IaC)_', 'matrix-docker-ansible-deploy/roles/custom/matrix-bridge-mx-puppet-instagram/tasks/main.yml_(IaC)_', 'matrix-docker-ansible-deploy/roles/custom/matrix-bridge-mx-puppet-slack/tasks/main.yml_(IaC)_', 'matrix-docker-ansible-deploy/roles/custom/matrix-bridge-mx-puppet-slack/tasks/setup_install.yml_(IaC)_', 'matrix-docker-ansible-deploy/roles/custom/matrix-bridge-mx-puppet-steam/tasks/main.yml_(IaC)_', 'matrix-docker-ansible-deploy/roles/custom/matrix-bridge-mx-puppet-steam/tasks/setup_install.yml_(IaC)_', 'matrix-docker-ansible-deploy/roles/custom/matrix-bridge-mx-puppet-twitter/tasks/main.yml_(IaC)_', 'matrix-docker-ansible-deploy/roles/custom/matrix-bridge-mx-puppet-twitter/tasks/setup_install.yml_(IaC)_', 'matrix-docker-ansible-deploy/roles/custom/matrix-bridge-sms/tasks/main.yml_(IaC)_', 'matrix-docker-ansible-deploy/roles/custom/matrix-cactus-comments/tasks/main.yml_(IaC)_', 'matrix-docker-ansible-deploy/roles/custom/matrix-client-cinny/tasks/main.yml_(IaC)_', 'matrix-docker-ansible-deploy/roles/custom/matrix-client-element/tasks/main.yml_(IaC)_', 'matrix-docker-ansible-deploy/roles/custom/matrix-client-element/tasks/setup_install.yml_(IaC)_', 'matrix-docker-ansible-deploy/roles/custom/matrix-client-hydrogen/tasks/main.yml_(IaC)_', 'matrix-docker-ansible-deploy/roles/custom/matrix-common-after/tasks/main.yml_(IaC)_', 'matrix-docker-ansible-deploy/roles/custom/matrix-conduit/tasks/main.yml_(IaC)_', 'matrix-docker-ansible-deploy/roles/custom/matrix-corporal/tasks/main.yml_(IaC)_', 'matrix-docker-ansible-deploy/roles/custom/matrix-coturn/tasks/main.yml_(IaC)_', 'matrix-docker-ansible-deploy/roles/custom/matrix-coturn/tasks/setup_install.yml_(IaC)_', 'matrix-docker-ansible-deploy/roles/custom/matrix-dendrite/tasks/main.yml_(IaC)_', 'matrix-docker-ansible-deploy/roles/custom/matrix-dendrite/tasks/setup_install.yml_(IaC)_', 'matrix-docker-ansible-deploy/roles/custom/matrix-dimension/tasks/main.yml_(IaC)_', 'matrix-docker-ansible-deploy/roles/custom/matrix-dynamic-dns/tasks/main.yml_(IaC)_', 'matrix-docker-ansible-deploy/roles/custom/matrix-email2matrix/tasks/main.yml_(IaC)_', 'matrix-docker-ansible-deploy/roles/custom/matrix-jitsi/tasks/main.yml_(IaC)_', 'matrix-docker-ansible-deploy/roles/custom/matrix-jitsi/tasks/util/setup_jitsi_auth_uvs_install.yml_(IaC)_', 'matrix-docker-ansible-deploy/roles/custom/matrix-ldap-registration-proxy/tasks/main.yml_(IaC)_', 'matrix-docker-ansible-deploy/roles/custom/matrix-ma1sd/tasks/main.yml_(IaC)_', 'matrix-docker-ansible-deploy/roles/custom/matrix-ma1sd/tasks/setup_install.yml_(IaC)_', 'matrix-docker-ansible-deploy/roles/custom/matrix-mailer/tasks/main.yml_(IaC)_', 'matrix-docker-ansible-deploy/roles/custom/matrix-nginx-proxy/tasks/main.yml_(IaC)_', 'matrix-docker-ansible-deploy/roles/custom/matrix-nginx-proxy/tasks/ssl/setup_ssl_lets_encrypt_obtain_for_domain.yml_(IaC)_', 'matrix-docker-ansible-deploy/roles/custom/matrix-nginx-proxy/tasks/ssl/setup_ssl_self_signed_obtain_for_domain.yml_(IaC)_', 'matrix-docker-ansible-deploy/roles/custom/matrix-prometheus-nginxlog-exporter/tasks/main.yml_(IaC)_', 'matrix-docker-ansible-deploy/roles/custom/matrix-prometheus-services-proxy-connect/tasks/main.yml_(IaC)_', 'matrix-docker-ansible-deploy/roles/custom/matrix-prometheus/tasks/main.yml_(IaC)_', 'matrix-docker-ansible-deploy/roles/custom/matrix-rageshake/tasks/install.yml_(IaC)_', 'matrix-docker-ansible-deploy/roles/custom/matrix-rageshake/tasks/main.yml_(IaC)_', 'matrix-docker-ansible-deploy/roles/custom/matrix-registration/tasks/main.yml_(IaC)_', 'matrix-docker-ansible-deploy/roles/custom/matrix-sliding-sync/tasks/install.yml_(IaC)_', 'matrix-docker-ansible-deploy/roles/custom/matrix-sliding-sync/tasks/main.yml_(IaC)_', 'matrix-docker-ansible-deploy/roles/custom/matrix-sygnal/tasks/main.yml_(IaC)_', 'matrix-docker-ansible-deploy/roles/custom/matrix-synapse-admin/tasks/main.yml_(IaC)_', 'matrix-docker-ansible-deploy/roles/custom/matrix-synapse-reverse-proxy-companion/tasks/main.yml_(IaC)_', 'matrix-docker-ansible-deploy/roles/custom/matrix-synapse/tasks/ext/setup_install.yml_(IaC)_', 'matrix-docker-ansible-deploy/roles/custom/matrix-synapse/tasks/ext/setup_uninstall.yml_(IaC)_', 'matrix-docker-ansible-deploy/roles/custom/matrix-synapse/tasks/main.yml_(IaC)_', 'matrix-docker-ansible-deploy/roles/custom/matrix-synapse/tasks/setup_install.yml_(IaC)_', 'matrix-docker-ansible-deploy/roles/custom/matrix-synapse/tasks/setup_uninstall.yml_(IaC)_', 'matrix-docker-ansible-deploy/roles/custom/matrix-synapse/tasks/synapse/setup_install.yml_(IaC)_', 'matrix-docker-ansible-deploy/roles/custom/matrix-user-creator/tasks/main.yml_(IaC)_', 'matrix-docker-ansible-deploy/roles/custom/matrix-user-verification-service/tasks/main.yml_(IaC)_', 'matrix-docker-ansible-deploy/roles/custom/matrix_playbook_migration/tasks/main.yml_(IaC)_']]",['dddfee16bc852fc989b057bd1867f0e85825846d'],[0.6666666666666666],[0.020618556701030927],[0.04],[1],[1.0]
[3],"[[129, 66, 581, 587, 178, 21, 502, 55, 25, 282]]","[['matrix-docker-ansible-deploy/roles/custom/matrix-bridge-mautrix-whatsapp/tasks/setup_install.yml_(IaC)_', 'matrix-docker-ansible-deploy/roles/custom/matrix-bridge-appservice-kakaotalk/tasks/setup_install.yml_(IaC)_', 'matrix-docker-ansible-deploy/roles/custom/matrix-bridge-mautrix-hangouts/tasks/setup_install.yml_(IaC)_', 'matrix-docker-ansible-deploy/roles/custom/matrix_playbook_migration/tasks/cleanup_usr_local_bin.yml_(IaC)_', 'matrix-docker-ansible-deploy/roles/custom/matrix-email2matrix/tasks/setup_install.yml_(IaC)_', 'matrix-docker-ansible-deploy/roles/custom/matrix-conduit/vars/main.yml_(Other)_', 'matrix-docker-ansible-deploy/roles/custom/matrix-synapse/templates/synapse/ext/s3-storage-provider/bin/migrate.j2_(Other)_', 'matrix-docker-ansible-deploy/roles/custom/matrix-prometheus-services-connect/defaults/main.yml_(Other)_', 'matrix-docker-ansible-deploy/roles/custom/matrix-conduit/defaults/main.yml_(Other)_', 'matrix-docker-ansible-deploy/roles/custom/matrix-bot-matrix-reminder-bot/tasks/validate_config.yml_(IaC)_']]","[['matrix-docker-ansible-deploy/roles/custom/etherpad-proxy-connect/tasks/main.yml_(IaC)_', 'matrix-docker-ansible-deploy/roles/custom/etherpad-proxy-connect/tasks/validate_config.yml_(IaC)_', 'matrix-docker-ansible-deploy/roles/custom/matrix-aux/tasks/main.yml_(IaC)_', 'matrix-docker-ansible-deploy/roles/custom/matrix-base/tasks/main.yml_(IaC)_', 'matrix-docker-ansible-deploy/roles/custom/matrix-bot-buscarron/tasks/main.yml_(IaC)_', 'matrix-docker-ansible-deploy/roles/custom/matrix-bot-chatgpt/tasks/main.yml_(IaC)_', 'matrix-docker-ansible-deploy/roles/custom/matrix-bot-draupnir/tasks/main.yml_(IaC)_', 'matrix-docker-ansible-deploy/roles/custom/matrix-bot-go-neb/tasks/main.yml_(IaC)_', 'matrix-docker-ansible-deploy/roles/custom/matrix-bot-honoroit/tasks/main.yml_(IaC)_', 'matrix-docker-ansible-deploy/roles/custom/matrix-bot-matrix-registration-bot/tasks/main.yml_(IaC)_', 'matrix-docker-ansible-deploy/roles/custom/matrix-bot-matrix-reminder-bot/tasks/main.yml_(IaC)_', 'matrix-docker-ansible-deploy/roles/custom/matrix-bot-maubot/tasks/main.yml_(IaC)_', 'matrix-docker-ansible-deploy/roles/custom/matrix-bot-mjolnir/tasks/main.yml_(IaC)_', 'matrix-docker-ansible-deploy/roles/custom/matrix-bot-postmoogle/tasks/main.yml_(IaC)_', 'matrix-docker-ansible-deploy/roles/custom/matrix-bridge-appservice-discord/tasks/main.yml_(IaC)_', 'matrix-docker-ansible-deploy/roles/custom/matrix-bridge-appservice-discord/tasks/setup_install.yml_(IaC)_', 'matrix-docker-ansible-deploy/roles/custom/matrix-bridge-appservice-irc/tasks/main.yml_(IaC)_', 'matrix-docker-ansible-deploy/roles/custom/matrix-bridge-appservice-irc/tasks/setup_install.yml_(IaC)_', 'matrix-docker-ansible-deploy/roles/custom/matrix-bridge-appservice-kakaotalk/tasks/main.yml_(IaC)_', 'matrix-docker-ansible-deploy/roles/custom/matrix-bridge-appservice-slack/tasks/main.yml_(IaC)_', 'matrix-docker-ansible-deploy/roles/custom/matrix-bridge-appservice-webhooks/tasks/main.yml_(IaC)_', 'matrix-docker-ansible-deploy/roles/custom/matrix-bridge-beeper-linkedin/tasks/main.yml_(IaC)_', 'matrix-docker-ansible-deploy/roles/custom/matrix-bridge-go-skype-bridge/tasks/main.yml_(IaC)_', 'matrix-docker-ansible-deploy/roles/custom/matrix-bridge-go-skype-bridge/tasks/setup_install.yml_(IaC)_', 'matrix-docker-ansible-deploy/roles/custom/matrix-bridge-heisenbridge/tasks/main.yml_(IaC)_', 'matrix-docker-ansible-deploy/roles/custom/matrix-bridge-hookshot/defaults/main.yml_(Other)_', 'matrix-docker-ansible-deploy/roles/custom/matrix-bridge-hookshot/tasks/main.yml_(IaC)_', 'matrix-docker-ansible-deploy/roles/custom/matrix-bridge-hookshot/tasks/setup_install.yml_(IaC)_', 'matrix-docker-ansible-deploy/roles/custom/matrix-bridge-mautrix-discord/tasks/main.yml_(IaC)_', 'matrix-docker-ansible-deploy/roles/custom/matrix-bridge-mautrix-facebook/tasks/main.yml_(IaC)_', 'matrix-docker-ansible-deploy/roles/custom/matrix-bridge-mautrix-facebook/tasks/setup_install.yml_(IaC)_', 'matrix-docker-ansible-deploy/roles/custom/matrix-bridge-mautrix-googlechat/tasks/main.yml_(IaC)_', 'matrix-docker-ansible-deploy/roles/custom/matrix-bridge-mautrix-hangouts/tasks/main.yml_(IaC)_', 'matrix-docker-ansible-deploy/roles/custom/matrix-bridge-mautrix-hangouts/tasks/setup_install.yml_(IaC)_', 'matrix-docker-ansible-deploy/roles/custom/matrix-bridge-mautrix-instagram/tasks/main.yml_(IaC)_', 'matrix-docker-ansible-deploy/roles/custom/matrix-bridge-mautrix-signal/tasks/main.yml_(IaC)_', 'matrix-docker-ansible-deploy/roles/custom/matrix-bridge-mautrix-slack/tasks/main.yml_(IaC)_', 'matrix-docker-ansible-deploy/roles/custom/matrix-bridge-mautrix-telegram/tasks/main.yml_(IaC)_', 'matrix-docker-ansible-deploy/roles/custom/matrix-bridge-mautrix-telegram/tasks/setup_install.yml_(IaC)_', 'matrix-docker-ansible-deploy/roles/custom/matrix-bridge-mautrix-twitter/tasks/main.yml_(IaC)_', 'matrix-docker-ansible-deploy/roles/custom/matrix-bridge-mautrix-whatsapp/tasks/main.yml_(IaC)_', 'matrix-docker-ansible-deploy/roles/custom/matrix-bridge-mautrix-whatsapp/tasks/setup_install.yml_(IaC)_', 'matrix-docker-ansible-deploy/roles/custom/matrix-bridge-mx-puppet-discord/tasks/main.yml_(IaC)_', 'matrix-docker-ansible-deploy/roles/custom/matrix-bridge-mx-puppet-groupme/tasks/main.yml_(IaC)_', 'matrix-docker-ansible-deploy/roles/custom/matrix-bridge-mx-puppet-groupme/tasks/setup_install.yml_(IaC)_', 'matrix-docker-ansible-deploy/roles/custom/matrix-bridge-mx-puppet-instagram/tasks/main.yml_(IaC)_', 'matrix-docker-ansible-deploy/roles/custom/matrix-bridge-mx-puppet-slack/tasks/main.yml_(IaC)_', 'matrix-docker-ansible-deploy/roles/custom/matrix-bridge-mx-puppet-slack/tasks/setup_install.yml_(IaC)_', 'matrix-docker-ansible-deploy/roles/custom/matrix-bridge-mx-puppet-steam/tasks/main.yml_(IaC)_', 'matrix-docker-ansible-deploy/roles/custom/matrix-bridge-mx-puppet-steam/tasks/setup_install.yml_(IaC)_', 'matrix-docker-ansible-deploy/roles/custom/matrix-bridge-mx-puppet-twitter/tasks/main.yml_(IaC)_', 'matrix-docker-ansible-deploy/roles/custom/matrix-bridge-mx-puppet-twitter/tasks/setup_install.yml_(IaC)_', 'matrix-docker-ansible-deploy/roles/custom/matrix-bridge-sms/tasks/main.yml_(IaC)_', 'matrix-docker-ansible-deploy/roles/custom/matrix-cactus-comments/tasks/main.yml_(IaC)_', 'matrix-docker-ansible-deploy/roles/custom/matrix-client-cinny/tasks/main.yml_(IaC)_', 'matrix-docker-ansible-deploy/roles/custom/matrix-client-element/tasks/main.yml_(IaC)_', 'matrix-docker-ansible-deploy/roles/custom/matrix-client-element/tasks/setup_install.yml_(IaC)_', 'matrix-docker-ansible-deploy/roles/custom/matrix-client-hydrogen/tasks/main.yml_(IaC)_', 'matrix-docker-ansible-deploy/roles/custom/matrix-common-after/tasks/main.yml_(IaC)_', 'matrix-docker-ansible-deploy/roles/custom/matrix-conduit/tasks/main.yml_(IaC)_', 'matrix-docker-ansible-deploy/roles/custom/matrix-corporal/tasks/main.yml_(IaC)_', 'matrix-docker-ansible-deploy/roles/custom/matrix-coturn/tasks/main.yml_(IaC)_', 'matrix-docker-ansible-deploy/roles/custom/matrix-coturn/tasks/setup_install.yml_(IaC)_', 'matrix-docker-ansible-deploy/roles/custom/matrix-dendrite/tasks/main.yml_(IaC)_', 'matrix-docker-ansible-deploy/roles/custom/matrix-dendrite/tasks/setup_install.yml_(IaC)_', 'matrix-docker-ansible-deploy/roles/custom/matrix-dimension/tasks/main.yml_(IaC)_', 'matrix-docker-ansible-deploy/roles/custom/matrix-dynamic-dns/tasks/main.yml_(IaC)_', 'matrix-docker-ansible-deploy/roles/custom/matrix-email2matrix/tasks/main.yml_(IaC)_', 'matrix-docker-ansible-deploy/roles/custom/matrix-jitsi/tasks/main.yml_(IaC)_', 'matrix-docker-ansible-deploy/roles/custom/matrix-jitsi/tasks/util/setup_jitsi_auth_uvs_install.yml_(IaC)_', 'matrix-docker-ansible-deploy/roles/custom/matrix-ldap-registration-proxy/tasks/main.yml_(IaC)_', 'matrix-docker-ansible-deploy/roles/custom/matrix-ma1sd/tasks/main.yml_(IaC)_', 'matrix-docker-ansible-deploy/roles/custom/matrix-ma1sd/tasks/setup_install.yml_(IaC)_', 'matrix-docker-ansible-deploy/roles/custom/matrix-mailer/tasks/main.yml_(IaC)_', 'matrix-docker-ansible-deploy/roles/custom/matrix-nginx-proxy/tasks/main.yml_(IaC)_', 'matrix-docker-ansible-deploy/roles/custom/matrix-nginx-proxy/tasks/ssl/setup_ssl_lets_encrypt_obtain_for_domain.yml_(IaC)_', 'matrix-docker-ansible-deploy/roles/custom/matrix-nginx-proxy/tasks/ssl/setup_ssl_self_signed_obtain_for_domain.yml_(IaC)_', 'matrix-docker-ansible-deploy/roles/custom/matrix-prometheus-nginxlog-exporter/tasks/main.yml_(IaC)_', 'matrix-docker-ansible-deploy/roles/custom/matrix-prometheus-services-proxy-connect/tasks/main.yml_(IaC)_', 'matrix-docker-ansible-deploy/roles/custom/matrix-prometheus/tasks/main.yml_(IaC)_', 'matrix-docker-ansible-deploy/roles/custom/matrix-rageshake/tasks/install.yml_(IaC)_', 'matrix-docker-ansible-deploy/roles/custom/matrix-rageshake/tasks/main.yml_(IaC)_', 'matrix-docker-ansible-deploy/roles/custom/matrix-registration/tasks/main.yml_(IaC)_', 'matrix-docker-ansible-deploy/roles/custom/matrix-sliding-sync/tasks/install.yml_(IaC)_', 'matrix-docker-ansible-deploy/roles/custom/matrix-sliding-sync/tasks/main.yml_(IaC)_', 'matrix-docker-ansible-deploy/roles/custom/matrix-sygnal/tasks/main.yml_(IaC)_', 'matrix-docker-ansible-deploy/roles/custom/matrix-synapse-admin/tasks/main.yml_(IaC)_', 'matrix-docker-ansible-deploy/roles/custom/matrix-synapse-reverse-proxy-companion/tasks/main.yml_(IaC)_', 'matrix-docker-ansible-deploy/roles/custom/matrix-synapse/tasks/ext/setup_install.yml_(IaC)_', 'matrix-docker-ansible-deploy/roles/custom/matrix-synapse/tasks/ext/setup_uninstall.yml_(IaC)_', 'matrix-docker-ansible-deploy/roles/custom/matrix-synapse/tasks/main.yml_(IaC)_', 'matrix-docker-ansible-deploy/roles/custom/matrix-synapse/tasks/setup_install.yml_(IaC)_', 'matrix-docker-ansible-deploy/roles/custom/matrix-synapse/tasks/setup_uninstall.yml_(IaC)_', 'matrix-docker-ansible-deploy/roles/custom/matrix-synapse/tasks/synapse/setup_install.yml_(IaC)_', 'matrix-docker-ansible-deploy/roles/custom/matrix-user-creator/tasks/main.yml_(IaC)_', 'matrix-docker-ansible-deploy/roles/custom/matrix-user-verification-service/tasks/main.yml_(IaC)_', 'matrix-docker-ansible-deploy/roles/custom/matrix_playbook_migration/tasks/main.yml_(IaC)_']]",['dddfee16bc852fc989b057bd1867f0e85825846d'],[0.6666666666666666],[0.020618556701030927],[0.04],[1],[1.0]
[3],"[[129, 195, 488, 396, 623, 176, 372, 120, 444, 157]]","[['matrix-docker-ansible-deploy/roles/custom/matrix-bridge-mautrix-whatsapp/tasks/setup_install.yml_(IaC)_', 'matrix-docker-ansible-deploy/roles/custom/matrix-bridge-mautrix-telegram/tasks/setup_install.yml_(IaC)_', 'matrix-docker-ansible-deploy/roles/custom/matrix-synapse/tasks/synapse/workers/util/inject_worker.yml_(IaC)_', 'matrix-docker-ansible-deploy/roles/custom/matrix-bot-matrix-registration-bot/tasks/setup_install.yml_(IaC)_', 'matrix-docker-ansible-deploy/roles/custom/matrix-bot-maubot/tasks/validate_config.yml_(IaC)_', 'matrix-docker-ansible-deploy/roles/custom/matrix-email2matrix/tasks/validate_config.yml_(IaC)_', 'matrix-docker-ansible-deploy/roles/custom/matrix-ma1sd/tasks/setup_uninstall.yml_(IaC)_', 'matrix-docker-ansible-deploy/roles/custom/matrix-bridge-mautrix-slack/tasks/setup_uninstall.yml_(IaC)_', 'matrix-docker-ansible-deploy/roles/custom/matrix-bridge-go-skype-bridge/tasks/setup_install.yml_(IaC)_', 'matrix-docker-ansible-deploy/roles/custom/matrix-bot-postmoogle/defaults/main.yml_(Other)_']]","[['matrix-docker-ansible-deploy/roles/custom/etherpad-proxy-connect/tasks/main.yml_(IaC)_', 'matrix-docker-ansible-deploy/roles/custom/etherpad-proxy-connect/tasks/validate_config.yml_(IaC)_', 'matrix-docker-ansible-deploy/roles/custom/matrix-aux/tasks/main.yml_(IaC)_', 'matrix-docker-ansible-deploy/roles/custom/matrix-base/tasks/main.yml_(IaC)_', 'matrix-docker-ansible-deploy/roles/custom/matrix-bot-buscarron/tasks/main.yml_(IaC)_', 'matrix-docker-ansible-deploy/roles/custom/matrix-bot-chatgpt/tasks/main.yml_(IaC)_', 'matrix-docker-ansible-deploy/roles/custom/matrix-bot-draupnir/tasks/main.yml_(IaC)_', 'matrix-docker-ansible-deploy/roles/custom/matrix-bot-go-neb/tasks/main.yml_(IaC)_', 'matrix-docker-ansible-deploy/roles/custom/matrix-bot-honoroit/tasks/main.yml_(IaC)_', 'matrix-docker-ansible-deploy/roles/custom/matrix-bot-matrix-registration-bot/tasks/main.yml_(IaC)_', 'matrix-docker-ansible-deploy/roles/custom/matrix-bot-matrix-reminder-bot/tasks/main.yml_(IaC)_', 'matrix-docker-ansible-deploy/roles/custom/matrix-bot-maubot/tasks/main.yml_(IaC)_', 'matrix-docker-ansible-deploy/roles/custom/matrix-bot-mjolnir/tasks/main.yml_(IaC)_', 'matrix-docker-ansible-deploy/roles/custom/matrix-bot-postmoogle/tasks/main.yml_(IaC)_', 'matrix-docker-ansible-deploy/roles/custom/matrix-bridge-appservice-discord/tasks/main.yml_(IaC)_', 'matrix-docker-ansible-deploy/roles/custom/matrix-bridge-appservice-discord/tasks/setup_install.yml_(IaC)_', 'matrix-docker-ansible-deploy/roles/custom/matrix-bridge-appservice-irc/tasks/main.yml_(IaC)_', 'matrix-docker-ansible-deploy/roles/custom/matrix-bridge-appservice-irc/tasks/setup_install.yml_(IaC)_', 'matrix-docker-ansible-deploy/roles/custom/matrix-bridge-appservice-kakaotalk/tasks/main.yml_(IaC)_', 'matrix-docker-ansible-deploy/roles/custom/matrix-bridge-appservice-slack/tasks/main.yml_(IaC)_', 'matrix-docker-ansible-deploy/roles/custom/matrix-bridge-appservice-webhooks/tasks/main.yml_(IaC)_', 'matrix-docker-ansible-deploy/roles/custom/matrix-bridge-beeper-linkedin/tasks/main.yml_(IaC)_', 'matrix-docker-ansible-deploy/roles/custom/matrix-bridge-go-skype-bridge/tasks/main.yml_(IaC)_', 'matrix-docker-ansible-deploy/roles/custom/matrix-bridge-go-skype-bridge/tasks/setup_install.yml_(IaC)_', 'matrix-docker-ansible-deploy/roles/custom/matrix-bridge-heisenbridge/tasks/main.yml_(IaC)_', 'matrix-docker-ansible-deploy/roles/custom/matrix-bridge-hookshot/defaults/main.yml_(Other)_', 'matrix-docker-ansible-deploy/roles/custom/matrix-bridge-hookshot/tasks/main.yml_(IaC)_', 'matrix-docker-ansible-deploy/roles/custom/matrix-bridge-hookshot/tasks/setup_install.yml_(IaC)_', 'matrix-docker-ansible-deploy/roles/custom/matrix-bridge-mautrix-discord/tasks/main.yml_(IaC)_', 'matrix-docker-ansible-deploy/roles/custom/matrix-bridge-mautrix-facebook/tasks/main.yml_(IaC)_', 'matrix-docker-ansible-deploy/roles/custom/matrix-bridge-mautrix-facebook/tasks/setup_install.yml_(IaC)_', 'matrix-docker-ansible-deploy/roles/custom/matrix-bridge-mautrix-googlechat/tasks/main.yml_(IaC)_', 'matrix-docker-ansible-deploy/roles/custom/matrix-bridge-mautrix-hangouts/tasks/main.yml_(IaC)_', 'matrix-docker-ansible-deploy/roles/custom/matrix-bridge-mautrix-hangouts/tasks/setup_install.yml_(IaC)_', 'matrix-docker-ansible-deploy/roles/custom/matrix-bridge-mautrix-instagram/tasks/main.yml_(IaC)_', 'matrix-docker-ansible-deploy/roles/custom/matrix-bridge-mautrix-signal/tasks/main.yml_(IaC)_', 'matrix-docker-ansible-deploy/roles/custom/matrix-bridge-mautrix-slack/tasks/main.yml_(IaC)_', 'matrix-docker-ansible-deploy/roles/custom/matrix-bridge-mautrix-telegram/tasks/main.yml_(IaC)_', 'matrix-docker-ansible-deploy/roles/custom/matrix-bridge-mautrix-telegram/tasks/setup_install.yml_(IaC)_', 'matrix-docker-ansible-deploy/roles/custom/matrix-bridge-mautrix-twitter/tasks/main.yml_(IaC)_', 'matrix-docker-ansible-deploy/roles/custom/matrix-bridge-mautrix-whatsapp/tasks/main.yml_(IaC)_', 'matrix-docker-ansible-deploy/roles/custom/matrix-bridge-mautrix-whatsapp/tasks/setup_install.yml_(IaC)_', 'matrix-docker-ansible-deploy/roles/custom/matrix-bridge-mx-puppet-discord/tasks/main.yml_(IaC)_', 'matrix-docker-ansible-deploy/roles/custom/matrix-bridge-mx-puppet-groupme/tasks/main.yml_(IaC)_', 'matrix-docker-ansible-deploy/roles/custom/matrix-bridge-mx-puppet-groupme/tasks/setup_install.yml_(IaC)_', 'matrix-docker-ansible-deploy/roles/custom/matrix-bridge-mx-puppet-instagram/tasks/main.yml_(IaC)_', 'matrix-docker-ansible-deploy/roles/custom/matrix-bridge-mx-puppet-slack/tasks/main.yml_(IaC)_', 'matrix-docker-ansible-deploy/roles/custom/matrix-bridge-mx-puppet-slack/tasks/setup_install.yml_(IaC)_', 'matrix-docker-ansible-deploy/roles/custom/matrix-bridge-mx-puppet-steam/tasks/main.yml_(IaC)_', 'matrix-docker-ansible-deploy/roles/custom/matrix-bridge-mx-puppet-steam/tasks/setup_install.yml_(IaC)_', 'matrix-docker-ansible-deploy/roles/custom/matrix-bridge-mx-puppet-twitter/tasks/main.yml_(IaC)_', 'matrix-docker-ansible-deploy/roles/custom/matrix-bridge-mx-puppet-twitter/tasks/setup_install.yml_(IaC)_', 'matrix-docker-ansible-deploy/roles/custom/matrix-bridge-sms/tasks/main.yml_(IaC)_', 'matrix-docker-ansible-deploy/roles/custom/matrix-cactus-comments/tasks/main.yml_(IaC)_', 'matrix-docker-ansible-deploy/roles/custom/matrix-client-cinny/tasks/main.yml_(IaC)_', 'matrix-docker-ansible-deploy/roles/custom/matrix-client-element/tasks/main.yml_(IaC)_', 'matrix-docker-ansible-deploy/roles/custom/matrix-client-element/tasks/setup_install.yml_(IaC)_', 'matrix-docker-ansible-deploy/roles/custom/matrix-client-hydrogen/tasks/main.yml_(IaC)_', 'matrix-docker-ansible-deploy/roles/custom/matrix-common-after/tasks/main.yml_(IaC)_', 'matrix-docker-ansible-deploy/roles/custom/matrix-conduit/tasks/main.yml_(IaC)_', 'matrix-docker-ansible-deploy/roles/custom/matrix-corporal/tasks/main.yml_(IaC)_', 'matrix-docker-ansible-deploy/roles/custom/matrix-coturn/tasks/main.yml_(IaC)_', 'matrix-docker-ansible-deploy/roles/custom/matrix-coturn/tasks/setup_install.yml_(IaC)_', 'matrix-docker-ansible-deploy/roles/custom/matrix-dendrite/tasks/main.yml_(IaC)_', 'matrix-docker-ansible-deploy/roles/custom/matrix-dendrite/tasks/setup_install.yml_(IaC)_', 'matrix-docker-ansible-deploy/roles/custom/matrix-dimension/tasks/main.yml_(IaC)_', 'matrix-docker-ansible-deploy/roles/custom/matrix-dynamic-dns/tasks/main.yml_(IaC)_', 'matrix-docker-ansible-deploy/roles/custom/matrix-email2matrix/tasks/main.yml_(IaC)_', 'matrix-docker-ansible-deploy/roles/custom/matrix-jitsi/tasks/main.yml_(IaC)_', 'matrix-docker-ansible-deploy/roles/custom/matrix-jitsi/tasks/util/setup_jitsi_auth_uvs_install.yml_(IaC)_', 'matrix-docker-ansible-deploy/roles/custom/matrix-ldap-registration-proxy/tasks/main.yml_(IaC)_', 'matrix-docker-ansible-deploy/roles/custom/matrix-ma1sd/tasks/main.yml_(IaC)_', 'matrix-docker-ansible-deploy/roles/custom/matrix-ma1sd/tasks/setup_install.yml_(IaC)_', 'matrix-docker-ansible-deploy/roles/custom/matrix-mailer/tasks/main.yml_(IaC)_', 'matrix-docker-ansible-deploy/roles/custom/matrix-nginx-proxy/tasks/main.yml_(IaC)_', 'matrix-docker-ansible-deploy/roles/custom/matrix-nginx-proxy/tasks/ssl/setup_ssl_lets_encrypt_obtain_for_domain.yml_(IaC)_', 'matrix-docker-ansible-deploy/roles/custom/matrix-nginx-proxy/tasks/ssl/setup_ssl_self_signed_obtain_for_domain.yml_(IaC)_', 'matrix-docker-ansible-deploy/roles/custom/matrix-prometheus-nginxlog-exporter/tasks/main.yml_(IaC)_', 'matrix-docker-ansible-deploy/roles/custom/matrix-prometheus-services-proxy-connect/tasks/main.yml_(IaC)_', 'matrix-docker-ansible-deploy/roles/custom/matrix-prometheus/tasks/main.yml_(IaC)_', 'matrix-docker-ansible-deploy/roles/custom/matrix-rageshake/tasks/install.yml_(IaC)_', 'matrix-docker-ansible-deploy/roles/custom/matrix-rageshake/tasks/main.yml_(IaC)_', 'matrix-docker-ansible-deploy/roles/custom/matrix-registration/tasks/main.yml_(IaC)_', 'matrix-docker-ansible-deploy/roles/custom/matrix-sliding-sync/tasks/install.yml_(IaC)_', 'matrix-docker-ansible-deploy/roles/custom/matrix-sliding-sync/tasks/main.yml_(IaC)_', 'matrix-docker-ansible-deploy/roles/custom/matrix-sygnal/tasks/main.yml_(IaC)_', 'matrix-docker-ansible-deploy/roles/custom/matrix-synapse-admin/tasks/main.yml_(IaC)_', 'matrix-docker-ansible-deploy/roles/custom/matrix-synapse-reverse-proxy-companion/tasks/main.yml_(IaC)_', 'matrix-docker-ansible-deploy/roles/custom/matrix-synapse/tasks/ext/setup_install.yml_(IaC)_', 'matrix-docker-ansible-deploy/roles/custom/matrix-synapse/tasks/ext/setup_uninstall.yml_(IaC)_', 'matrix-docker-ansible-deploy/roles/custom/matrix-synapse/tasks/main.yml_(IaC)_', 'matrix-docker-ansible-deploy/roles/custom/matrix-synapse/tasks/setup_install.yml_(IaC)_', 'matrix-docker-ansible-deploy/roles/custom/matrix-synapse/tasks/setup_uninstall.yml_(IaC)_', 'matrix-docker-ansible-deploy/roles/custom/matrix-synapse/tasks/synapse/setup_install.yml_(IaC)_', 'matrix-docker-ansible-deploy/roles/custom/matrix-user-creator/tasks/main.yml_(IaC)_', 'matrix-docker-ansible-deploy/roles/custom/matrix-user-verification-service/tasks/main.yml_(IaC)_', 'matrix-docker-ansible-deploy/roles/custom/matrix_playbook_migration/tasks/main.yml_(IaC)_']]",['dddfee16bc852fc989b057bd1867f0e85825846d'],[0.6666666666666666],[0.020618556701030927],[0.04],[1],[1.0]
[3],"[[129, 195, 132, 548, 332, 403, 535, 184, 219, 476, 29]]","[['matrix-docker-ansible-deploy/roles/custom/matrix-bridge-mautrix-whatsapp/tasks/setup_install.yml_(IaC)_', 'matrix-docker-ansible-deploy/roles/custom/matrix-bridge-mautrix-telegram/tasks/setup_install.yml_(IaC)_', 'matrix-docker-ansible-deploy/roles/custom/matrix-bridge-mautrix-whatsapp/templates/config.yaml.j2_(Other)_', 'matrix-docker-ansible-deploy/roles/custom/matrix-base/templates/static-files/well-known/matrix-client.j2_(Other)_', 'matrix-docker-ansible-deploy/roles/custom/matrix-bridge-mx-puppet-twitter/tasks/setup_install.yml_(IaC)_', 'matrix-docker-ansible-deploy/roles/custom/matrix-bridge-appservice-slack/tasks/setup_uninstall.yml_(IaC)_', 'matrix-docker-ansible-deploy/roles/custom/matrix-base/tasks/setup_well_known.yml_(IaC)_', 'matrix-docker-ansible-deploy/roles/custom/matrix-dimension/tasks/validate_config.yml_(IaC)_', 'matrix-docker-ansible-deploy/roles/custom/matrix-bot-honoroit/tasks/setup_install.yml_(IaC)_', 'matrix-docker-ansible-deploy/roles/custom/matrix-synapse/tasks/ext/encryption-disabler/setup_uninstall.yml_(IaC)_', 'matrix-docker-ansible-deploy/roles/custom/matrix-bot-buscarron/tasks/setup_uninstall.yml_(IaC)_']]","[['matrix-docker-ansible-deploy/roles/custom/etherpad-proxy-connect/tasks/main.yml_(IaC)_', 'matrix-docker-ansible-deploy/roles/custom/etherpad-proxy-connect/tasks/validate_config.yml_(IaC)_', 'matrix-docker-ansible-deploy/roles/custom/matrix-aux/tasks/main.yml_(IaC)_', 'matrix-docker-ansible-deploy/roles/custom/matrix-base/tasks/main.yml_(IaC)_', 'matrix-docker-ansible-deploy/roles/custom/matrix-bot-buscarron/tasks/main.yml_(IaC)_', 'matrix-docker-ansible-deploy/roles/custom/matrix-bot-chatgpt/tasks/main.yml_(IaC)_', 'matrix-docker-ansible-deploy/roles/custom/matrix-bot-draupnir/tasks/main.yml_(IaC)_', 'matrix-docker-ansible-deploy/roles/custom/matrix-bot-go-neb/tasks/main.yml_(IaC)_', 'matrix-docker-ansible-deploy/roles/custom/matrix-bot-honoroit/tasks/main.yml_(IaC)_', 'matrix-docker-ansible-deploy/roles/custom/matrix-bot-matrix-registration-bot/tasks/main.yml_(IaC)_', 'matrix-docker-ansible-deploy/roles/custom/matrix-bot-matrix-reminder-bot/tasks/main.yml_(IaC)_', 'matrix-docker-ansible-deploy/roles/custom/matrix-bot-maubot/tasks/main.yml_(IaC)_', 'matrix-docker-ansible-deploy/roles/custom/matrix-bot-mjolnir/tasks/main.yml_(IaC)_', 'matrix-docker-ansible-deploy/roles/custom/matrix-bot-postmoogle/tasks/main.yml_(IaC)_', 'matrix-docker-ansible-deploy/roles/custom/matrix-bridge-appservice-discord/tasks/main.yml_(IaC)_', 'matrix-docker-ansible-deploy/roles/custom/matrix-bridge-appservice-discord/tasks/setup_install.yml_(IaC)_', 'matrix-docker-ansible-deploy/roles/custom/matrix-bridge-appservice-irc/tasks/main.yml_(IaC)_', 'matrix-docker-ansible-deploy/roles/custom/matrix-bridge-appservice-irc/tasks/setup_install.yml_(IaC)_', 'matrix-docker-ansible-deploy/roles/custom/matrix-bridge-appservice-kakaotalk/tasks/main.yml_(IaC)_', 'matrix-docker-ansible-deploy/roles/custom/matrix-bridge-appservice-slack/tasks/main.yml_(IaC)_', 'matrix-docker-ansible-deploy/roles/custom/matrix-bridge-appservice-webhooks/tasks/main.yml_(IaC)_', 'matrix-docker-ansible-deploy/roles/custom/matrix-bridge-beeper-linkedin/tasks/main.yml_(IaC)_', 'matrix-docker-ansible-deploy/roles/custom/matrix-bridge-go-skype-bridge/tasks/main.yml_(IaC)_', 'matrix-docker-ansible-deploy/roles/custom/matrix-bridge-go-skype-bridge/tasks/setup_install.yml_(IaC)_', 'matrix-docker-ansible-deploy/roles/custom/matrix-bridge-heisenbridge/tasks/main.yml_(IaC)_', 'matrix-docker-ansible-deploy/roles/custom/matrix-bridge-hookshot/defaults/main.yml_(Other)_', 'matrix-docker-ansible-deploy/roles/custom/matrix-bridge-hookshot/tasks/main.yml_(IaC)_', 'matrix-docker-ansible-deploy/roles/custom/matrix-bridge-hookshot/tasks/setup_install.yml_(IaC)_', 'matrix-docker-ansible-deploy/roles/custom/matrix-bridge-mautrix-discord/tasks/main.yml_(IaC)_', 'matrix-docker-ansible-deploy/roles/custom/matrix-bridge-mautrix-facebook/tasks/main.yml_(IaC)_', 'matrix-docker-ansible-deploy/roles/custom/matrix-bridge-mautrix-facebook/tasks/setup_install.yml_(IaC)_', 'matrix-docker-ansible-deploy/roles/custom/matrix-bridge-mautrix-googlechat/tasks/main.yml_(IaC)_', 'matrix-docker-ansible-deploy/roles/custom/matrix-bridge-mautrix-hangouts/tasks/main.yml_(IaC)_', 'matrix-docker-ansible-deploy/roles/custom/matrix-bridge-mautrix-hangouts/tasks/setup_install.yml_(IaC)_', 'matrix-docker-ansible-deploy/roles/custom/matrix-bridge-mautrix-instagram/tasks/main.yml_(IaC)_', 'matrix-docker-ansible-deploy/roles/custom/matrix-bridge-mautrix-signal/tasks/main.yml_(IaC)_', 'matrix-docker-ansible-deploy/roles/custom/matrix-bridge-mautrix-slack/tasks/main.yml_(IaC)_', 'matrix-docker-ansible-deploy/roles/custom/matrix-bridge-mautrix-telegram/tasks/main.yml_(IaC)_', 'matrix-docker-ansible-deploy/roles/custom/matrix-bridge-mautrix-telegram/tasks/setup_install.yml_(IaC)_', 'matrix-docker-ansible-deploy/roles/custom/matrix-bridge-mautrix-twitter/tasks/main.yml_(IaC)_', 'matrix-docker-ansible-deploy/roles/custom/matrix-bridge-mautrix-whatsapp/tasks/main.yml_(IaC)_', 'matrix-docker-ansible-deploy/roles/custom/matrix-bridge-mautrix-whatsapp/tasks/setup_install.yml_(IaC)_', 'matrix-docker-ansible-deploy/roles/custom/matrix-bridge-mx-puppet-discord/tasks/main.yml_(IaC)_', 'matrix-docker-ansible-deploy/roles/custom/matrix-bridge-mx-puppet-groupme/tasks/main.yml_(IaC)_', 'matrix-docker-ansible-deploy/roles/custom/matrix-bridge-mx-puppet-groupme/tasks/setup_install.yml_(IaC)_', 'matrix-docker-ansible-deploy/roles/custom/matrix-bridge-mx-puppet-instagram/tasks/main.yml_(IaC)_', 'matrix-docker-ansible-deploy/roles/custom/matrix-bridge-mx-puppet-slack/tasks/main.yml_(IaC)_', 'matrix-docker-ansible-deploy/roles/custom/matrix-bridge-mx-puppet-slack/tasks/setup_install.yml_(IaC)_', 'matrix-docker-ansible-deploy/roles/custom/matrix-bridge-mx-puppet-steam/tasks/main.yml_(IaC)_', 'matrix-docker-ansible-deploy/roles/custom/matrix-bridge-mx-puppet-steam/tasks/setup_install.yml_(IaC)_', 'matrix-docker-ansible-deploy/roles/custom/matrix-bridge-mx-puppet-twitter/tasks/main.yml_(IaC)_', 'matrix-docker-ansible-deploy/roles/custom/matrix-bridge-mx-puppet-twitter/tasks/setup_install.yml_(IaC)_', 'matrix-docker-ansible-deploy/roles/custom/matrix-bridge-sms/tasks/main.yml_(IaC)_', 'matrix-docker-ansible-deploy/roles/custom/matrix-cactus-comments/tasks/main.yml_(IaC)_', 'matrix-docker-ansible-deploy/roles/custom/matrix-client-cinny/tasks/main.yml_(IaC)_', 'matrix-docker-ansible-deploy/roles/custom/matrix-client-element/tasks/main.yml_(IaC)_', 'matrix-docker-ansible-deploy/roles/custom/matrix-client-element/tasks/setup_install.yml_(IaC)_', 'matrix-docker-ansible-deploy/roles/custom/matrix-client-hydrogen/tasks/main.yml_(IaC)_', 'matrix-docker-ansible-deploy/roles/custom/matrix-common-after/tasks/main.yml_(IaC)_', 'matrix-docker-ansible-deploy/roles/custom/matrix-conduit/tasks/main.yml_(IaC)_', 'matrix-docker-ansible-deploy/roles/custom/matrix-corporal/tasks/main.yml_(IaC)_', 'matrix-docker-ansible-deploy/roles/custom/matrix-coturn/tasks/main.yml_(IaC)_', 'matrix-docker-ansible-deploy/roles/custom/matrix-coturn/tasks/setup_install.yml_(IaC)_', 'matrix-docker-ansible-deploy/roles/custom/matrix-dendrite/tasks/main.yml_(IaC)_', 'matrix-docker-ansible-deploy/roles/custom/matrix-dendrite/tasks/setup_install.yml_(IaC)_', 'matrix-docker-ansible-deploy/roles/custom/matrix-dimension/tasks/main.yml_(IaC)_', 'matrix-docker-ansible-deploy/roles/custom/matrix-dynamic-dns/tasks/main.yml_(IaC)_', 'matrix-docker-ansible-deploy/roles/custom/matrix-email2matrix/tasks/main.yml_(IaC)_', 'matrix-docker-ansible-deploy/roles/custom/matrix-jitsi/tasks/main.yml_(IaC)_', 'matrix-docker-ansible-deploy/roles/custom/matrix-jitsi/tasks/util/setup_jitsi_auth_uvs_install.yml_(IaC)_', 'matrix-docker-ansible-deploy/roles/custom/matrix-ldap-registration-proxy/tasks/main.yml_(IaC)_', 'matrix-docker-ansible-deploy/roles/custom/matrix-ma1sd/tasks/main.yml_(IaC)_', 'matrix-docker-ansible-deploy/roles/custom/matrix-ma1sd/tasks/setup_install.yml_(IaC)_', 'matrix-docker-ansible-deploy/roles/custom/matrix-mailer/tasks/main.yml_(IaC)_', 'matrix-docker-ansible-deploy/roles/custom/matrix-nginx-proxy/tasks/main.yml_(IaC)_', 'matrix-docker-ansible-deploy/roles/custom/matrix-nginx-proxy/tasks/ssl/setup_ssl_lets_encrypt_obtain_for_domain.yml_(IaC)_', 'matrix-docker-ansible-deploy/roles/custom/matrix-nginx-proxy/tasks/ssl/setup_ssl_self_signed_obtain_for_domain.yml_(IaC)_', 'matrix-docker-ansible-deploy/roles/custom/matrix-prometheus-nginxlog-exporter/tasks/main.yml_(IaC)_', 'matrix-docker-ansible-deploy/roles/custom/matrix-prometheus-services-proxy-connect/tasks/main.yml_(IaC)_', 'matrix-docker-ansible-deploy/roles/custom/matrix-prometheus/tasks/main.yml_(IaC)_', 'matrix-docker-ansible-deploy/roles/custom/matrix-rageshake/tasks/install.yml_(IaC)_', 'matrix-docker-ansible-deploy/roles/custom/matrix-rageshake/tasks/main.yml_(IaC)_', 'matrix-docker-ansible-deploy/roles/custom/matrix-registration/tasks/main.yml_(IaC)_', 'matrix-docker-ansible-deploy/roles/custom/matrix-sliding-sync/tasks/install.yml_(IaC)_', 'matrix-docker-ansible-deploy/roles/custom/matrix-sliding-sync/tasks/main.yml_(IaC)_', 'matrix-docker-ansible-deploy/roles/custom/matrix-sygnal/tasks/main.yml_(IaC)_', 'matrix-docker-ansible-deploy/roles/custom/matrix-synapse-admin/tasks/main.yml_(IaC)_', 'matrix-docker-ansible-deploy/roles/custom/matrix-synapse-reverse-proxy-companion/tasks/main.yml_(IaC)_', 'matrix-docker-ansible-deploy/roles/custom/matrix-synapse/tasks/ext/setup_install.yml_(IaC)_', 'matrix-docker-ansible-deploy/roles/custom/matrix-synapse/tasks/ext/setup_uninstall.yml_(IaC)_', 'matrix-docker-ansible-deploy/roles/custom/matrix-synapse/tasks/main.yml_(IaC)_', 'matrix-docker-ansible-deploy/roles/custom/matrix-synapse/tasks/setup_install.yml_(IaC)_', 'matrix-docker-ansible-deploy/roles/custom/matrix-synapse/tasks/setup_uninstall.yml_(IaC)_', 'matrix-docker-ansible-deploy/roles/custom/matrix-synapse/tasks/synapse/setup_install.yml_(IaC)_', 'matrix-docker-ansible-deploy/roles/custom/matrix-user-creator/tasks/main.yml_(IaC)_', 'matrix-docker-ansible-deploy/roles/custom/matrix-user-verification-service/tasks/main.yml_(IaC)_', 'matrix-docker-ansible-deploy/roles/custom/matrix_playbook_migration/tasks/main.yml_(IaC)_']]",['dddfee16bc852fc989b057bd1867f0e85825846d'],[0.6666666666666666],[0.020618556701030927],[0.04],[1],[1.0]
[3],"[[483, 163, 421, 195, 75, 219, 339, 340, 24, 411, 252, 350]]","[['matrix-docker-ansible-deploy/roles/custom/matrix-synapse/tasks/synapse/setup_install.yml_(IaC)_', 'matrix-docker-ansible-deploy/roles/custom/matrix-bridge-mautrix-facebook/tasks/setup_install.yml_(IaC)_', 'matrix-docker-ansible-deploy/roles/custom/matrix-bridge-hookshot/tasks/setup_install.yml_(IaC)_', 'matrix-docker-ansible-deploy/roles/custom/matrix-bridge-mautrix-telegram/tasks/setup_install.yml_(IaC)_', 'matrix-docker-ansible-deploy/roles/custom/matrix-sliding-sync/tasks/uninstall.yml_(IaC)_', 'matrix-docker-ansible-deploy/roles/custom/matrix-bot-honoroit/tasks/setup_install.yml_(IaC)_', 'matrix-docker-ansible-deploy/roles/custom/matrix-user-verification-service/tasks/setup_install.yml_(IaC)_', 'matrix-docker-ansible-deploy/roles/custom/matrix-user-verification-service/tasks/main.yml_(IaC)_', 'matrix-docker-ansible-deploy/roles/custom/matrix-conduit/tasks/main.yml_(IaC)_', 'matrix-docker-ansible-deploy/roles/custom/matrix-user-creator/tasks/setup.yml_(IaC)_', 'matrix-docker-ansible-deploy/roles/custom/matrix-nginx-proxy/templates/nginx/conf.d/nginx-http.conf.j2_(Other)_', 'matrix-docker-ansible-deploy/roles/custom/matrix-registration/tasks/main.yml_(IaC)_']]","[['matrix-docker-ansible-deploy/roles/custom/etherpad-proxy-connect/tasks/main.yml_(IaC)_', 'matrix-docker-ansible-deploy/roles/custom/etherpad-proxy-connect/tasks/validate_config.yml_(IaC)_', 'matrix-docker-ansible-deploy/roles/custom/matrix-aux/tasks/main.yml_(IaC)_', 'matrix-docker-ansible-deploy/roles/custom/matrix-base/tasks/main.yml_(IaC)_', 'matrix-docker-ansible-deploy/roles/custom/matrix-bot-buscarron/tasks/main.yml_(IaC)_', 'matrix-docker-ansible-deploy/roles/custom/matrix-bot-chatgpt/tasks/main.yml_(IaC)_', 'matrix-docker-ansible-deploy/roles/custom/matrix-bot-draupnir/tasks/main.yml_(IaC)_', 'matrix-docker-ansible-deploy/roles/custom/matrix-bot-go-neb/tasks/main.yml_(IaC)_', 'matrix-docker-ansible-deploy/roles/custom/matrix-bot-honoroit/tasks/main.yml_(IaC)_', 'matrix-docker-ansible-deploy/roles/custom/matrix-bot-matrix-registration-bot/tasks/main.yml_(IaC)_', 'matrix-docker-ansible-deploy/roles/custom/matrix-bot-matrix-reminder-bot/tasks/main.yml_(IaC)_', 'matrix-docker-ansible-deploy/roles/custom/matrix-bot-maubot/tasks/main.yml_(IaC)_', 'matrix-docker-ansible-deploy/roles/custom/matrix-bot-mjolnir/tasks/main.yml_(IaC)_', 'matrix-docker-ansible-deploy/roles/custom/matrix-bot-postmoogle/tasks/main.yml_(IaC)_', 'matrix-docker-ansible-deploy/roles/custom/matrix-bridge-appservice-discord/tasks/main.yml_(IaC)_', 'matrix-docker-ansible-deploy/roles/custom/matrix-bridge-appservice-discord/tasks/setup_install.yml_(IaC)_', 'matrix-docker-ansible-deploy/roles/custom/matrix-bridge-appservice-irc/tasks/main.yml_(IaC)_', 'matrix-docker-ansible-deploy/roles/custom/matrix-bridge-appservice-irc/tasks/setup_install.yml_(IaC)_', 'matrix-docker-ansible-deploy/roles/custom/matrix-bridge-appservice-kakaotalk/tasks/main.yml_(IaC)_', 'matrix-docker-ansible-deploy/roles/custom/matrix-bridge-appservice-slack/tasks/main.yml_(IaC)_', 'matrix-docker-ansible-deploy/roles/custom/matrix-bridge-appservice-webhooks/tasks/main.yml_(IaC)_', 'matrix-docker-ansible-deploy/roles/custom/matrix-bridge-beeper-linkedin/tasks/main.yml_(IaC)_', 'matrix-docker-ansible-deploy/roles/custom/matrix-bridge-go-skype-bridge/tasks/main.yml_(IaC)_', 'matrix-docker-ansible-deploy/roles/custom/matrix-bridge-go-skype-bridge/tasks/setup_install.yml_(IaC)_', 'matrix-docker-ansible-deploy/roles/custom/matrix-bridge-heisenbridge/tasks/main.yml_(IaC)_', 'matrix-docker-ansible-deploy/roles/custom/matrix-bridge-hookshot/defaults/main.yml_(Other)_', 'matrix-docker-ansible-deploy/roles/custom/matrix-bridge-hookshot/tasks/main.yml_(IaC)_', 'matrix-docker-ansible-deploy/roles/custom/matrix-bridge-hookshot/tasks/setup_install.yml_(IaC)_', 'matrix-docker-ansible-deploy/roles/custom/matrix-bridge-mautrix-discord/tasks/main.yml_(IaC)_', 'matrix-docker-ansible-deploy/roles/custom/matrix-bridge-mautrix-facebook/tasks/main.yml_(IaC)_', 'matrix-docker-ansible-deploy/roles/custom/matrix-bridge-mautrix-facebook/tasks/setup_install.yml_(IaC)_', 'matrix-docker-ansible-deploy/roles/custom/matrix-bridge-mautrix-googlechat/tasks/main.yml_(IaC)_', 'matrix-docker-ansible-deploy/roles/custom/matrix-bridge-mautrix-hangouts/tasks/main.yml_(IaC)_', 'matrix-docker-ansible-deploy/roles/custom/matrix-bridge-mautrix-hangouts/tasks/setup_install.yml_(IaC)_', 'matrix-docker-ansible-deploy/roles/custom/matrix-bridge-mautrix-instagram/tasks/main.yml_(IaC)_', 'matrix-docker-ansible-deploy/roles/custom/matrix-bridge-mautrix-signal/tasks/main.yml_(IaC)_', 'matrix-docker-ansible-deploy/roles/custom/matrix-bridge-mautrix-slack/tasks/main.yml_(IaC)_', 'matrix-docker-ansible-deploy/roles/custom/matrix-bridge-mautrix-telegram/tasks/main.yml_(IaC)_', 'matrix-docker-ansible-deploy/roles/custom/matrix-bridge-mautrix-telegram/tasks/setup_install.yml_(IaC)_', 'matrix-docker-ansible-deploy/roles/custom/matrix-bridge-mautrix-twitter/tasks/main.yml_(IaC)_', 'matrix-docker-ansible-deploy/roles/custom/matrix-bridge-mautrix-whatsapp/tasks/main.yml_(IaC)_', 'matrix-docker-ansible-deploy/roles/custom/matrix-bridge-mautrix-whatsapp/tasks/setup_install.yml_(IaC)_', 'matrix-docker-ansible-deploy/roles/custom/matrix-bridge-mx-puppet-discord/tasks/main.yml_(IaC)_', 'matrix-docker-ansible-deploy/roles/custom/matrix-bridge-mx-puppet-groupme/tasks/main.yml_(IaC)_', 'matrix-docker-ansible-deploy/roles/custom/matrix-bridge-mx-puppet-groupme/tasks/setup_install.yml_(IaC)_', 'matrix-docker-ansible-deploy/roles/custom/matrix-bridge-mx-puppet-instagram/tasks/main.yml_(IaC)_', 'matrix-docker-ansible-deploy/roles/custom/matrix-bridge-mx-puppet-slack/tasks/main.yml_(IaC)_', 'matrix-docker-ansible-deploy/roles/custom/matrix-bridge-mx-puppet-slack/tasks/setup_install.yml_(IaC)_', 'matrix-docker-ansible-deploy/roles/custom/matrix-bridge-mx-puppet-steam/tasks/main.yml_(IaC)_', 'matrix-docker-ansible-deploy/roles/custom/matrix-bridge-mx-puppet-steam/tasks/setup_install.yml_(IaC)_', 'matrix-docker-ansible-deploy/roles/custom/matrix-bridge-mx-puppet-twitter/tasks/main.yml_(IaC)_', 'matrix-docker-ansible-deploy/roles/custom/matrix-bridge-mx-puppet-twitter/tasks/setup_install.yml_(IaC)_', 'matrix-docker-ansible-deploy/roles/custom/matrix-bridge-sms/tasks/main.yml_(IaC)_', 'matrix-docker-ansible-deploy/roles/custom/matrix-cactus-comments/tasks/main.yml_(IaC)_', 'matrix-docker-ansible-deploy/roles/custom/matrix-client-cinny/tasks/main.yml_(IaC)_', 'matrix-docker-ansible-deploy/roles/custom/matrix-client-element/tasks/main.yml_(IaC)_', 'matrix-docker-ansible-deploy/roles/custom/matrix-client-element/tasks/setup_install.yml_(IaC)_', 'matrix-docker-ansible-deploy/roles/custom/matrix-client-hydrogen/tasks/main.yml_(IaC)_', 'matrix-docker-ansible-deploy/roles/custom/matrix-common-after/tasks/main.yml_(IaC)_', 'matrix-docker-ansible-deploy/roles/custom/matrix-conduit/tasks/main.yml_(IaC)_', 'matrix-docker-ansible-deploy/roles/custom/matrix-corporal/tasks/main.yml_(IaC)_', 'matrix-docker-ansible-deploy/roles/custom/matrix-coturn/tasks/main.yml_(IaC)_', 'matrix-docker-ansible-deploy/roles/custom/matrix-coturn/tasks/setup_install.yml_(IaC)_', 'matrix-docker-ansible-deploy/roles/custom/matrix-dendrite/tasks/main.yml_(IaC)_', 'matrix-docker-ansible-deploy/roles/custom/matrix-dendrite/tasks/setup_install.yml_(IaC)_', 'matrix-docker-ansible-deploy/roles/custom/matrix-dimension/tasks/main.yml_(IaC)_', 'matrix-docker-ansible-deploy/roles/custom/matrix-dynamic-dns/tasks/main.yml_(IaC)_', 'matrix-docker-ansible-deploy/roles/custom/matrix-email2matrix/tasks/main.yml_(IaC)_', 'matrix-docker-ansible-deploy/roles/custom/matrix-jitsi/tasks/main.yml_(IaC)_', 'matrix-docker-ansible-deploy/roles/custom/matrix-jitsi/tasks/util/setup_jitsi_auth_uvs_install.yml_(IaC)_', 'matrix-docker-ansible-deploy/roles/custom/matrix-ldap-registration-proxy/tasks/main.yml_(IaC)_', 'matrix-docker-ansible-deploy/roles/custom/matrix-ma1sd/tasks/main.yml_(IaC)_', 'matrix-docker-ansible-deploy/roles/custom/matrix-ma1sd/tasks/setup_install.yml_(IaC)_', 'matrix-docker-ansible-deploy/roles/custom/matrix-mailer/tasks/main.yml_(IaC)_', 'matrix-docker-ansible-deploy/roles/custom/matrix-nginx-proxy/tasks/main.yml_(IaC)_', 'matrix-docker-ansible-deploy/roles/custom/matrix-nginx-proxy/tasks/ssl/setup_ssl_lets_encrypt_obtain_for_domain.yml_(IaC)_', 'matrix-docker-ansible-deploy/roles/custom/matrix-nginx-proxy/tasks/ssl/setup_ssl_self_signed_obtain_for_domain.yml_(IaC)_', 'matrix-docker-ansible-deploy/roles/custom/matrix-prometheus-nginxlog-exporter/tasks/main.yml_(IaC)_', 'matrix-docker-ansible-deploy/roles/custom/matrix-prometheus-services-proxy-connect/tasks/main.yml_(IaC)_', 'matrix-docker-ansible-deploy/roles/custom/matrix-prometheus/tasks/main.yml_(IaC)_', 'matrix-docker-ansible-deploy/roles/custom/matrix-rageshake/tasks/install.yml_(IaC)_', 'matrix-docker-ansible-deploy/roles/custom/matrix-rageshake/tasks/main.yml_(IaC)_', 'matrix-docker-ansible-deploy/roles/custom/matrix-registration/tasks/main.yml_(IaC)_', 'matrix-docker-ansible-deploy/roles/custom/matrix-sliding-sync/tasks/install.yml_(IaC)_', 'matrix-docker-ansible-deploy/roles/custom/matrix-sliding-sync/tasks/main.yml_(IaC)_', 'matrix-docker-ansible-deploy/roles/custom/matrix-sygnal/tasks/main.yml_(IaC)_', 'matrix-docker-ansible-deploy/roles/custom/matrix-synapse-admin/tasks/main.yml_(IaC)_', 'matrix-docker-ansible-deploy/roles/custom/matrix-synapse-reverse-proxy-companion/tasks/main.yml_(IaC)_', 'matrix-docker-ansible-deploy/roles/custom/matrix-synapse/tasks/ext/setup_install.yml_(IaC)_', 'matrix-docker-ansible-deploy/roles/custom/matrix-synapse/tasks/ext/setup_uninstall.yml_(IaC)_', 'matrix-docker-ansible-deploy/roles/custom/matrix-synapse/tasks/main.yml_(IaC)_', 'matrix-docker-ansible-deploy/roles/custom/matrix-synapse/tasks/setup_install.yml_(IaC)_', 'matrix-docker-ansible-deploy/roles/custom/matrix-synapse/tasks/setup_uninstall.yml_(IaC)_', 'matrix-docker-ansible-deploy/roles/custom/matrix-synapse/tasks/synapse/setup_install.yml_(IaC)_', 'matrix-docker-ansible-deploy/roles/custom/matrix-user-creator/tasks/main.yml_(IaC)_', 'matrix-docker-ansible-deploy/roles/custom/matrix-user-verification-service/tasks/main.yml_(IaC)_', 'matrix-docker-ansible-deploy/roles/custom/matrix_playbook_migration/tasks/main.yml_(IaC)_']]",['dddfee16bc852fc989b057bd1867f0e85825846d'],[1.0],[0.030927835051546393],[0.06000000000000001],[1],[1.0]
[3],"[[195, 356, 581, 487, 203, 332, 369, 530, 309, 22, 506, 284, 351]]","[['matrix-docker-ansible-deploy/roles/custom/matrix-bridge-mautrix-telegram/tasks/setup_install.yml_(IaC)_', 'matrix-docker-ansible-deploy/roles/custom/matrix-bridge-mx-puppet-discord/tasks/setup_install.yml_(IaC)_', 'matrix-docker-ansible-deploy/roles/custom/matrix-bridge-mautrix-hangouts/tasks/setup_install.yml_(IaC)_', 'matrix-docker-ansible-deploy/roles/custom/matrix-synapse/tasks/synapse/workers/util/setup_files_for_worker.yml_(IaC)_', 'matrix-docker-ansible-deploy/roles/custom/matrix-client-hydrogen/tasks/setup_install.yml_(IaC)_', 'matrix-docker-ansible-deploy/roles/custom/matrix-bridge-mx-puppet-twitter/tasks/setup_install.yml_(IaC)_', 'matrix-docker-ansible-deploy/roles/custom/matrix-cactus-comments/templates/systemd/matrix-cactus-comments.service.j2_(Other)_', 'matrix-docker-ansible-deploy/roles/custom/matrix-bridge-appservice-webhooks/templates/database.json.j2_(Other)_', 'matrix-docker-ansible-deploy/roles/custom/matrix-bridge-appservice-discord/tasks/setup_uninstall.yml_(IaC)_', 'matrix-docker-ansible-deploy/roles/custom/matrix-conduit/tasks/setup_uninstall.yml_(IaC)_', 'matrix-docker-ansible-deploy/roles/custom/matrix-synapse/templates/synapse/prometheus/external_prometheus.yml.example.j2_(Other)_', 'matrix-docker-ansible-deploy/roles/custom/matrix-bot-matrix-reminder-bot/tasks/setup_install.yml_(IaC)_', 'matrix-docker-ansible-deploy/roles/custom/matrix-registration/defaults/main.yml_(Other)_']]","[['matrix-docker-ansible-deploy/roles/custom/etherpad-proxy-connect/tasks/main.yml_(IaC)_', 'matrix-docker-ansible-deploy/roles/custom/etherpad-proxy-connect/tasks/validate_config.yml_(IaC)_', 'matrix-docker-ansible-deploy/roles/custom/matrix-aux/tasks/main.yml_(IaC)_', 'matrix-docker-ansible-deploy/roles/custom/matrix-base/tasks/main.yml_(IaC)_', 'matrix-docker-ansible-deploy/roles/custom/matrix-bot-buscarron/tasks/main.yml_(IaC)_', 'matrix-docker-ansible-deploy/roles/custom/matrix-bot-chatgpt/tasks/main.yml_(IaC)_', 'matrix-docker-ansible-deploy/roles/custom/matrix-bot-draupnir/tasks/main.yml_(IaC)_', 'matrix-docker-ansible-deploy/roles/custom/matrix-bot-go-neb/tasks/main.yml_(IaC)_', 'matrix-docker-ansible-deploy/roles/custom/matrix-bot-honoroit/tasks/main.yml_(IaC)_', 'matrix-docker-ansible-deploy/roles/custom/matrix-bot-matrix-registration-bot/tasks/main.yml_(IaC)_', 'matrix-docker-ansible-deploy/roles/custom/matrix-bot-matrix-reminder-bot/tasks/main.yml_(IaC)_', 'matrix-docker-ansible-deploy/roles/custom/matrix-bot-maubot/tasks/main.yml_(IaC)_', 'matrix-docker-ansible-deploy/roles/custom/matrix-bot-mjolnir/tasks/main.yml_(IaC)_', 'matrix-docker-ansible-deploy/roles/custom/matrix-bot-postmoogle/tasks/main.yml_(IaC)_', 'matrix-docker-ansible-deploy/roles/custom/matrix-bridge-appservice-discord/tasks/main.yml_(IaC)_', 'matrix-docker-ansible-deploy/roles/custom/matrix-bridge-appservice-discord/tasks/setup_install.yml_(IaC)_', 'matrix-docker-ansible-deploy/roles/custom/matrix-bridge-appservice-irc/tasks/main.yml_(IaC)_', 'matrix-docker-ansible-deploy/roles/custom/matrix-bridge-appservice-irc/tasks/setup_install.yml_(IaC)_', 'matrix-docker-ansible-deploy/roles/custom/matrix-bridge-appservice-kakaotalk/tasks/main.yml_(IaC)_', 'matrix-docker-ansible-deploy/roles/custom/matrix-bridge-appservice-slack/tasks/main.yml_(IaC)_', 'matrix-docker-ansible-deploy/roles/custom/matrix-bridge-appservice-webhooks/tasks/main.yml_(IaC)_', 'matrix-docker-ansible-deploy/roles/custom/matrix-bridge-beeper-linkedin/tasks/main.yml_(IaC)_', 'matrix-docker-ansible-deploy/roles/custom/matrix-bridge-go-skype-bridge/tasks/main.yml_(IaC)_', 'matrix-docker-ansible-deploy/roles/custom/matrix-bridge-go-skype-bridge/tasks/setup_install.yml_(IaC)_', 'matrix-docker-ansible-deploy/roles/custom/matrix-bridge-heisenbridge/tasks/main.yml_(IaC)_', 'matrix-docker-ansible-deploy/roles/custom/matrix-bridge-hookshot/defaults/main.yml_(Other)_', 'matrix-docker-ansible-deploy/roles/custom/matrix-bridge-hookshot/tasks/main.yml_(IaC)_', 'matrix-docker-ansible-deploy/roles/custom/matrix-bridge-hookshot/tasks/setup_install.yml_(IaC)_', 'matrix-docker-ansible-deploy/roles/custom/matrix-bridge-mautrix-discord/tasks/main.yml_(IaC)_', 'matrix-docker-ansible-deploy/roles/custom/matrix-bridge-mautrix-facebook/tasks/main.yml_(IaC)_', 'matrix-docker-ansible-deploy/roles/custom/matrix-bridge-mautrix-facebook/tasks/setup_install.yml_(IaC)_', 'matrix-docker-ansible-deploy/roles/custom/matrix-bridge-mautrix-googlechat/tasks/main.yml_(IaC)_', 'matrix-docker-ansible-deploy/roles/custom/matrix-bridge-mautrix-hangouts/tasks/main.yml_(IaC)_', 'matrix-docker-ansible-deploy/roles/custom/matrix-bridge-mautrix-hangouts/tasks/setup_install.yml_(IaC)_', 'matrix-docker-ansible-deploy/roles/custom/matrix-bridge-mautrix-instagram/tasks/main.yml_(IaC)_', 'matrix-docker-ansible-deploy/roles/custom/matrix-bridge-mautrix-signal/tasks/main.yml_(IaC)_', 'matrix-docker-ansible-deploy/roles/custom/matrix-bridge-mautrix-slack/tasks/main.yml_(IaC)_', 'matrix-docker-ansible-deploy/roles/custom/matrix-bridge-mautrix-telegram/tasks/main.yml_(IaC)_', 'matrix-docker-ansible-deploy/roles/custom/matrix-bridge-mautrix-telegram/tasks/setup_install.yml_(IaC)_', 'matrix-docker-ansible-deploy/roles/custom/matrix-bridge-mautrix-twitter/tasks/main.yml_(IaC)_', 'matrix-docker-ansible-deploy/roles/custom/matrix-bridge-mautrix-whatsapp/tasks/main.yml_(IaC)_', 'matrix-docker-ansible-deploy/roles/custom/matrix-bridge-mautrix-whatsapp/tasks/setup_install.yml_(IaC)_', 'matrix-docker-ansible-deploy/roles/custom/matrix-bridge-mx-puppet-discord/tasks/main.yml_(IaC)_', 'matrix-docker-ansible-deploy/roles/custom/matrix-bridge-mx-puppet-groupme/tasks/main.yml_(IaC)_', 'matrix-docker-ansible-deploy/roles/custom/matrix-bridge-mx-puppet-groupme/tasks/setup_install.yml_(IaC)_', 'matrix-docker-ansible-deploy/roles/custom/matrix-bridge-mx-puppet-instagram/tasks/main.yml_(IaC)_', 'matrix-docker-ansible-deploy/roles/custom/matrix-bridge-mx-puppet-slack/tasks/main.yml_(IaC)_', 'matrix-docker-ansible-deploy/roles/custom/matrix-bridge-mx-puppet-slack/tasks/setup_install.yml_(IaC)_', 'matrix-docker-ansible-deploy/roles/custom/matrix-bridge-mx-puppet-steam/tasks/main.yml_(IaC)_', 'matrix-docker-ansible-deploy/roles/custom/matrix-bridge-mx-puppet-steam/tasks/setup_install.yml_(IaC)_', 'matrix-docker-ansible-deploy/roles/custom/matrix-bridge-mx-puppet-twitter/tasks/main.yml_(IaC)_', 'matrix-docker-ansible-deploy/roles/custom/matrix-bridge-mx-puppet-twitter/tasks/setup_install.yml_(IaC)_', 'matrix-docker-ansible-deploy/roles/custom/matrix-bridge-sms/tasks/main.yml_(IaC)_', 'matrix-docker-ansible-deploy/roles/custom/matrix-cactus-comments/tasks/main.yml_(IaC)_', 'matrix-docker-ansible-deploy/roles/custom/matrix-client-cinny/tasks/main.yml_(IaC)_', 'matrix-docker-ansible-deploy/roles/custom/matrix-client-element/tasks/main.yml_(IaC)_', 'matrix-docker-ansible-deploy/roles/custom/matrix-client-element/tasks/setup_install.yml_(IaC)_', 'matrix-docker-ansible-deploy/roles/custom/matrix-client-hydrogen/tasks/main.yml_(IaC)_', 'matrix-docker-ansible-deploy/roles/custom/matrix-common-after/tasks/main.yml_(IaC)_', 'matrix-docker-ansible-deploy/roles/custom/matrix-conduit/tasks/main.yml_(IaC)_', 'matrix-docker-ansible-deploy/roles/custom/matrix-corporal/tasks/main.yml_(IaC)_', 'matrix-docker-ansible-deploy/roles/custom/matrix-coturn/tasks/main.yml_(IaC)_', 'matrix-docker-ansible-deploy/roles/custom/matrix-coturn/tasks/setup_install.yml_(IaC)_', 'matrix-docker-ansible-deploy/roles/custom/matrix-dendrite/tasks/main.yml_(IaC)_', 'matrix-docker-ansible-deploy/roles/custom/matrix-dendrite/tasks/setup_install.yml_(IaC)_', 'matrix-docker-ansible-deploy/roles/custom/matrix-dimension/tasks/main.yml_(IaC)_', 'matrix-docker-ansible-deploy/roles/custom/matrix-dynamic-dns/tasks/main.yml_(IaC)_', 'matrix-docker-ansible-deploy/roles/custom/matrix-email2matrix/tasks/main.yml_(IaC)_', 'matrix-docker-ansible-deploy/roles/custom/matrix-jitsi/tasks/main.yml_(IaC)_', 'matrix-docker-ansible-deploy/roles/custom/matrix-jitsi/tasks/util/setup_jitsi_auth_uvs_install.yml_(IaC)_', 'matrix-docker-ansible-deploy/roles/custom/matrix-ldap-registration-proxy/tasks/main.yml_(IaC)_', 'matrix-docker-ansible-deploy/roles/custom/matrix-ma1sd/tasks/main.yml_(IaC)_', 'matrix-docker-ansible-deploy/roles/custom/matrix-ma1sd/tasks/setup_install.yml_(IaC)_', 'matrix-docker-ansible-deploy/roles/custom/matrix-mailer/tasks/main.yml_(IaC)_', 'matrix-docker-ansible-deploy/roles/custom/matrix-nginx-proxy/tasks/main.yml_(IaC)_', 'matrix-docker-ansible-deploy/roles/custom/matrix-nginx-proxy/tasks/ssl/setup_ssl_lets_encrypt_obtain_for_domain.yml_(IaC)_', 'matrix-docker-ansible-deploy/roles/custom/matrix-nginx-proxy/tasks/ssl/setup_ssl_self_signed_obtain_for_domain.yml_(IaC)_', 'matrix-docker-ansible-deploy/roles/custom/matrix-prometheus-nginxlog-exporter/tasks/main.yml_(IaC)_', 'matrix-docker-ansible-deploy/roles/custom/matrix-prometheus-services-proxy-connect/tasks/main.yml_(IaC)_', 'matrix-docker-ansible-deploy/roles/custom/matrix-prometheus/tasks/main.yml_(IaC)_', 'matrix-docker-ansible-deploy/roles/custom/matrix-rageshake/tasks/install.yml_(IaC)_', 'matrix-docker-ansible-deploy/roles/custom/matrix-rageshake/tasks/main.yml_(IaC)_', 'matrix-docker-ansible-deploy/roles/custom/matrix-registration/tasks/main.yml_(IaC)_', 'matrix-docker-ansible-deploy/roles/custom/matrix-sliding-sync/tasks/install.yml_(IaC)_', 'matrix-docker-ansible-deploy/roles/custom/matrix-sliding-sync/tasks/main.yml_(IaC)_', 'matrix-docker-ansible-deploy/roles/custom/matrix-sygnal/tasks/main.yml_(IaC)_', 'matrix-docker-ansible-deploy/roles/custom/matrix-synapse-admin/tasks/main.yml_(IaC)_', 'matrix-docker-ansible-deploy/roles/custom/matrix-synapse-reverse-proxy-companion/tasks/main.yml_(IaC)_', 'matrix-docker-ansible-deploy/roles/custom/matrix-synapse/tasks/ext/setup_install.yml_(IaC)_', 'matrix-docker-ansible-deploy/roles/custom/matrix-synapse/tasks/ext/setup_uninstall.yml_(IaC)_', 'matrix-docker-ansible-deploy/roles/custom/matrix-synapse/tasks/main.yml_(IaC)_', 'matrix-docker-ansible-deploy/roles/custom/matrix-synapse/tasks/setup_install.yml_(IaC)_', 'matrix-docker-ansible-deploy/roles/custom/matrix-synapse/tasks/setup_uninstall.yml_(IaC)_', 'matrix-docker-ansible-deploy/roles/custom/matrix-synapse/tasks/synapse/setup_install.yml_(IaC)_', 'matrix-docker-ansible-deploy/roles/custom/matrix-user-creator/tasks/main.yml_(IaC)_', 'matrix-docker-ansible-deploy/roles/custom/matrix-user-verification-service/tasks/main.yml_(IaC)_', 'matrix-docker-ansible-deploy/roles/custom/matrix_playbook_migration/tasks/main.yml_(IaC)_']]",['dddfee16bc852fc989b057bd1867f0e85825846d'],[0.6666666666666666],[0.020618556701030927],[0.04],[1],[1.0]
[3],"[[129, 581, 616, 329, 332, 303, 467, 84, 278, 119, 186, 444]]","[['matrix-docker-ansible-deploy/roles/custom/matrix-bridge-mautrix-whatsapp/tasks/setup_install.yml_(IaC)_', 'matrix-docker-ansible-deploy/roles/custom/matrix-bridge-mautrix-hangouts/tasks/setup_install.yml_(IaC)_', 'matrix-docker-ansible-deploy/roles/custom/matrix-coturn/tasks/setup_install.yml_(IaC)_', 'matrix-docker-ansible-deploy/roles/custom/matrix-bridge-mx-puppet-twitter/tasks/validate_config.yml_(IaC)_', 'matrix-docker-ansible-deploy/roles/custom/matrix-bridge-mx-puppet-twitter/tasks/setup_install.yml_(IaC)_', 'matrix-docker-ansible-deploy/roles/custom/matrix-bridge-mx-puppet-groupme/tasks/setup_install.yml_(IaC)_', 'matrix-docker-ansible-deploy/roles/custom/matrix-synapse/tasks/ext/rest-auth/setup_uninstall.yml_(IaC)_', 'matrix-docker-ansible-deploy/roles/custom/matrix-sygnal/tasks/install.yml_(IaC)_', 'matrix-docker-ansible-deploy/roles/custom/matrix-bridge-heisenbridge/tasks/setup_install.yml_(IaC)_', 'matrix-docker-ansible-deploy/roles/custom/matrix-bridge-mautrix-slack/tasks/validate_config.yml_(IaC)_', 'matrix-docker-ansible-deploy/roles/custom/matrix-dimension/tasks/setup_install.yml_(IaC)_', 'matrix-docker-ansible-deploy/roles/custom/matrix-bridge-go-skype-bridge/tasks/setup_install.yml_(IaC)_']]","[['matrix-docker-ansible-deploy/roles/custom/etherpad-proxy-connect/tasks/main.yml_(IaC)_', 'matrix-docker-ansible-deploy/roles/custom/etherpad-proxy-connect/tasks/validate_config.yml_(IaC)_', 'matrix-docker-ansible-deploy/roles/custom/matrix-aux/tasks/main.yml_(IaC)_', 'matrix-docker-ansible-deploy/roles/custom/matrix-base/tasks/main.yml_(IaC)_', 'matrix-docker-ansible-deploy/roles/custom/matrix-bot-buscarron/tasks/main.yml_(IaC)_', 'matrix-docker-ansible-deploy/roles/custom/matrix-bot-chatgpt/tasks/main.yml_(IaC)_', 'matrix-docker-ansible-deploy/roles/custom/matrix-bot-draupnir/tasks/main.yml_(IaC)_', 'matrix-docker-ansible-deploy/roles/custom/matrix-bot-go-neb/tasks/main.yml_(IaC)_', 'matrix-docker-ansible-deploy/roles/custom/matrix-bot-honoroit/tasks/main.yml_(IaC)_', 'matrix-docker-ansible-deploy/roles/custom/matrix-bot-matrix-registration-bot/tasks/main.yml_(IaC)_', 'matrix-docker-ansible-deploy/roles/custom/matrix-bot-matrix-reminder-bot/tasks/main.yml_(IaC)_', 'matrix-docker-ansible-deploy/roles/custom/matrix-bot-maubot/tasks/main.yml_(IaC)_', 'matrix-docker-ansible-deploy/roles/custom/matrix-bot-mjolnir/tasks/main.yml_(IaC)_', 'matrix-docker-ansible-deploy/roles/custom/matrix-bot-postmoogle/tasks/main.yml_(IaC)_', 'matrix-docker-ansible-deploy/roles/custom/matrix-bridge-appservice-discord/tasks/main.yml_(IaC)_', 'matrix-docker-ansible-deploy/roles/custom/matrix-bridge-appservice-discord/tasks/setup_install.yml_(IaC)_', 'matrix-docker-ansible-deploy/roles/custom/matrix-bridge-appservice-irc/tasks/main.yml_(IaC)_', 'matrix-docker-ansible-deploy/roles/custom/matrix-bridge-appservice-irc/tasks/setup_install.yml_(IaC)_', 'matrix-docker-ansible-deploy/roles/custom/matrix-bridge-appservice-kakaotalk/tasks/main.yml_(IaC)_', 'matrix-docker-ansible-deploy/roles/custom/matrix-bridge-appservice-slack/tasks/main.yml_(IaC)_', 'matrix-docker-ansible-deploy/roles/custom/matrix-bridge-appservice-webhooks/tasks/main.yml_(IaC)_', 'matrix-docker-ansible-deploy/roles/custom/matrix-bridge-beeper-linkedin/tasks/main.yml_(IaC)_', 'matrix-docker-ansible-deploy/roles/custom/matrix-bridge-go-skype-bridge/tasks/main.yml_(IaC)_', 'matrix-docker-ansible-deploy/roles/custom/matrix-bridge-go-skype-bridge/tasks/setup_install.yml_(IaC)_', 'matrix-docker-ansible-deploy/roles/custom/matrix-bridge-heisenbridge/tasks/main.yml_(IaC)_', 'matrix-docker-ansible-deploy/roles/custom/matrix-bridge-hookshot/defaults/main.yml_(Other)_', 'matrix-docker-ansible-deploy/roles/custom/matrix-bridge-hookshot/tasks/main.yml_(IaC)_', 'matrix-docker-ansible-deploy/roles/custom/matrix-bridge-hookshot/tasks/setup_install.yml_(IaC)_', 'matrix-docker-ansible-deploy/roles/custom/matrix-bridge-mautrix-discord/tasks/main.yml_(IaC)_', 'matrix-docker-ansible-deploy/roles/custom/matrix-bridge-mautrix-facebook/tasks/main.yml_(IaC)_', 'matrix-docker-ansible-deploy/roles/custom/matrix-bridge-mautrix-facebook/tasks/setup_install.yml_(IaC)_', 'matrix-docker-ansible-deploy/roles/custom/matrix-bridge-mautrix-googlechat/tasks/main.yml_(IaC)_', 'matrix-docker-ansible-deploy/roles/custom/matrix-bridge-mautrix-hangouts/tasks/main.yml_(IaC)_', 'matrix-docker-ansible-deploy/roles/custom/matrix-bridge-mautrix-hangouts/tasks/setup_install.yml_(IaC)_', 'matrix-docker-ansible-deploy/roles/custom/matrix-bridge-mautrix-instagram/tasks/main.yml_(IaC)_', 'matrix-docker-ansible-deploy/roles/custom/matrix-bridge-mautrix-signal/tasks/main.yml_(IaC)_', 'matrix-docker-ansible-deploy/roles/custom/matrix-bridge-mautrix-slack/tasks/main.yml_(IaC)_', 'matrix-docker-ansible-deploy/roles/custom/matrix-bridge-mautrix-telegram/tasks/main.yml_(IaC)_', 'matrix-docker-ansible-deploy/roles/custom/matrix-bridge-mautrix-telegram/tasks/setup_install.yml_(IaC)_', 'matrix-docker-ansible-deploy/roles/custom/matrix-bridge-mautrix-twitter/tasks/main.yml_(IaC)_', 'matrix-docker-ansible-deploy/roles/custom/matrix-bridge-mautrix-whatsapp/tasks/main.yml_(IaC)_', 'matrix-docker-ansible-deploy/roles/custom/matrix-bridge-mautrix-whatsapp/tasks/setup_install.yml_(IaC)_', 'matrix-docker-ansible-deploy/roles/custom/matrix-bridge-mx-puppet-discord/tasks/main.yml_(IaC)_', 'matrix-docker-ansible-deploy/roles/custom/matrix-bridge-mx-puppet-groupme/tasks/main.yml_(IaC)_', 'matrix-docker-ansible-deploy/roles/custom/matrix-bridge-mx-puppet-groupme/tasks/setup_install.yml_(IaC)_', 'matrix-docker-ansible-deploy/roles/custom/matrix-bridge-mx-puppet-instagram/tasks/main.yml_(IaC)_', 'matrix-docker-ansible-deploy/roles/custom/matrix-bridge-mx-puppet-slack/tasks/main.yml_(IaC)_', 'matrix-docker-ansible-deploy/roles/custom/matrix-bridge-mx-puppet-slack/tasks/setup_install.yml_(IaC)_', 'matrix-docker-ansible-deploy/roles/custom/matrix-bridge-mx-puppet-steam/tasks/main.yml_(IaC)_', 'matrix-docker-ansible-deploy/roles/custom/matrix-bridge-mx-puppet-steam/tasks/setup_install.yml_(IaC)_', 'matrix-docker-ansible-deploy/roles/custom/matrix-bridge-mx-puppet-twitter/tasks/main.yml_(IaC)_', 'matrix-docker-ansible-deploy/roles/custom/matrix-bridge-mx-puppet-twitter/tasks/setup_install.yml_(IaC)_', 'matrix-docker-ansible-deploy/roles/custom/matrix-bridge-sms/tasks/main.yml_(IaC)_', 'matrix-docker-ansible-deploy/roles/custom/matrix-cactus-comments/tasks/main.yml_(IaC)_', 'matrix-docker-ansible-deploy/roles/custom/matrix-client-cinny/tasks/main.yml_(IaC)_', 'matrix-docker-ansible-deploy/roles/custom/matrix-client-element/tasks/main.yml_(IaC)_', 'matrix-docker-ansible-deploy/roles/custom/matrix-client-element/tasks/setup_install.yml_(IaC)_', 'matrix-docker-ansible-deploy/roles/custom/matrix-client-hydrogen/tasks/main.yml_(IaC)_', 'matrix-docker-ansible-deploy/roles/custom/matrix-common-after/tasks/main.yml_(IaC)_', 'matrix-docker-ansible-deploy/roles/custom/matrix-conduit/tasks/main.yml_(IaC)_', 'matrix-docker-ansible-deploy/roles/custom/matrix-corporal/tasks/main.yml_(IaC)_', 'matrix-docker-ansible-deploy/roles/custom/matrix-coturn/tasks/main.yml_(IaC)_', 'matrix-docker-ansible-deploy/roles/custom/matrix-coturn/tasks/setup_install.yml_(IaC)_', 'matrix-docker-ansible-deploy/roles/custom/matrix-dendrite/tasks/main.yml_(IaC)_', 'matrix-docker-ansible-deploy/roles/custom/matrix-dendrite/tasks/setup_install.yml_(IaC)_', 'matrix-docker-ansible-deploy/roles/custom/matrix-dimension/tasks/main.yml_(IaC)_', 'matrix-docker-ansible-deploy/roles/custom/matrix-dynamic-dns/tasks/main.yml_(IaC)_', 'matrix-docker-ansible-deploy/roles/custom/matrix-email2matrix/tasks/main.yml_(IaC)_', 'matrix-docker-ansible-deploy/roles/custom/matrix-jitsi/tasks/main.yml_(IaC)_', 'matrix-docker-ansible-deploy/roles/custom/matrix-jitsi/tasks/util/setup_jitsi_auth_uvs_install.yml_(IaC)_', 'matrix-docker-ansible-deploy/roles/custom/matrix-ldap-registration-proxy/tasks/main.yml_(IaC)_', 'matrix-docker-ansible-deploy/roles/custom/matrix-ma1sd/tasks/main.yml_(IaC)_', 'matrix-docker-ansible-deploy/roles/custom/matrix-ma1sd/tasks/setup_install.yml_(IaC)_', 'matrix-docker-ansible-deploy/roles/custom/matrix-mailer/tasks/main.yml_(IaC)_', 'matrix-docker-ansible-deploy/roles/custom/matrix-nginx-proxy/tasks/main.yml_(IaC)_', 'matrix-docker-ansible-deploy/roles/custom/matrix-nginx-proxy/tasks/ssl/setup_ssl_lets_encrypt_obtain_for_domain.yml_(IaC)_', 'matrix-docker-ansible-deploy/roles/custom/matrix-nginx-proxy/tasks/ssl/setup_ssl_self_signed_obtain_for_domain.yml_(IaC)_', 'matrix-docker-ansible-deploy/roles/custom/matrix-prometheus-nginxlog-exporter/tasks/main.yml_(IaC)_', 'matrix-docker-ansible-deploy/roles/custom/matrix-prometheus-services-proxy-connect/tasks/main.yml_(IaC)_', 'matrix-docker-ansible-deploy/roles/custom/matrix-prometheus/tasks/main.yml_(IaC)_', 'matrix-docker-ansible-deploy/roles/custom/matrix-rageshake/tasks/install.yml_(IaC)_', 'matrix-docker-ansible-deploy/roles/custom/matrix-rageshake/tasks/main.yml_(IaC)_', 'matrix-docker-ansible-deploy/roles/custom/matrix-registration/tasks/main.yml_(IaC)_', 'matrix-docker-ansible-deploy/roles/custom/matrix-sliding-sync/tasks/install.yml_(IaC)_', 'matrix-docker-ansible-deploy/roles/custom/matrix-sliding-sync/tasks/main.yml_(IaC)_', 'matrix-docker-ansible-deploy/roles/custom/matrix-sygnal/tasks/main.yml_(IaC)_', 'matrix-docker-ansible-deploy/roles/custom/matrix-synapse-admin/tasks/main.yml_(IaC)_', 'matrix-docker-ansible-deploy/roles/custom/matrix-synapse-reverse-proxy-companion/tasks/main.yml_(IaC)_', 'matrix-docker-ansible-deploy/roles/custom/matrix-synapse/tasks/ext/setup_install.yml_(IaC)_', 'matrix-docker-ansible-deploy/roles/custom/matrix-synapse/tasks/ext/setup_uninstall.yml_(IaC)_', 'matrix-docker-ansible-deploy/roles/custom/matrix-synapse/tasks/main.yml_(IaC)_', 'matrix-docker-ansible-deploy/roles/custom/matrix-synapse/tasks/setup_install.yml_(IaC)_', 'matrix-docker-ansible-deploy/roles/custom/matrix-synapse/tasks/setup_uninstall.yml_(IaC)_', 'matrix-docker-ansible-deploy/roles/custom/matrix-synapse/tasks/synapse/setup_install.yml_(IaC)_', 'matrix-docker-ansible-deploy/roles/custom/matrix-user-creator/tasks/main.yml_(IaC)_', 'matrix-docker-ansible-deploy/roles/custom/matrix-user-verification-service/tasks/main.yml_(IaC)_', 'matrix-docker-ansible-deploy/roles/custom/matrix_playbook_migration/tasks/main.yml_(IaC)_']]",['dddfee16bc852fc989b057bd1867f0e85825846d'],[1.0],[0.030927835051546393],[0.06000000000000001],[1],[1.0]
[3],"[[581, 460, 429, 46, 303, 177, 278, 313, 218, 286, 383]]","[['matrix-docker-ansible-deploy/roles/custom/matrix-bridge-mautrix-hangouts/tasks/setup_install.yml_(IaC)_', 'matrix-docker-ansible-deploy/roles/custom/matrix-synapse/tasks/main.yml_(IaC)_', 'matrix-docker-ansible-deploy/roles/custom/matrix-bridge-mautrix-discord/tasks/setup_install.yml_(IaC)_', 'matrix-docker-ansible-deploy/roles/custom/matrix-client-cinny/tasks/setup_install.yml_(IaC)_', 'matrix-docker-ansible-deploy/roles/custom/matrix-bridge-mx-puppet-groupme/tasks/setup_install.yml_(IaC)_', 'matrix-docker-ansible-deploy/roles/custom/matrix-email2matrix/tasks/setup_uninstall.yml_(IaC)_', 'matrix-docker-ansible-deploy/roles/custom/matrix-bridge-heisenbridge/tasks/setup_install.yml_(IaC)_', 'matrix-docker-ansible-deploy/roles/custom/matrix-bridge-appservice-discord/templates/config.yaml.j2_(Other)_', 'matrix-docker-ansible-deploy/roles/custom/matrix-bot-honoroit/tasks/setup_uninstall.yml_(IaC)_', 'matrix-docker-ansible-deploy/roles/custom/matrix-bot-matrix-reminder-bot/defaults/main.yml_(Other)_', 'matrix-docker-ansible-deploy/roles/custom/matrix-bridge-mautrix-instagram/tasks/setup_install.yml_(IaC)_']]","[['matrix-docker-ansible-deploy/roles/custom/etherpad-proxy-connect/tasks/main.yml_(IaC)_', 'matrix-docker-ansible-deploy/roles/custom/etherpad-proxy-connect/tasks/validate_config.yml_(IaC)_', 'matrix-docker-ansible-deploy/roles/custom/matrix-aux/tasks/main.yml_(IaC)_', 'matrix-docker-ansible-deploy/roles/custom/matrix-base/tasks/main.yml_(IaC)_', 'matrix-docker-ansible-deploy/roles/custom/matrix-bot-buscarron/tasks/main.yml_(IaC)_', 'matrix-docker-ansible-deploy/roles/custom/matrix-bot-chatgpt/tasks/main.yml_(IaC)_', 'matrix-docker-ansible-deploy/roles/custom/matrix-bot-draupnir/tasks/main.yml_(IaC)_', 'matrix-docker-ansible-deploy/roles/custom/matrix-bot-go-neb/tasks/main.yml_(IaC)_', 'matrix-docker-ansible-deploy/roles/custom/matrix-bot-honoroit/tasks/main.yml_(IaC)_', 'matrix-docker-ansible-deploy/roles/custom/matrix-bot-matrix-registration-bot/tasks/main.yml_(IaC)_', 'matrix-docker-ansible-deploy/roles/custom/matrix-bot-matrix-reminder-bot/tasks/main.yml_(IaC)_', 'matrix-docker-ansible-deploy/roles/custom/matrix-bot-maubot/tasks/main.yml_(IaC)_', 'matrix-docker-ansible-deploy/roles/custom/matrix-bot-mjolnir/tasks/main.yml_(IaC)_', 'matrix-docker-ansible-deploy/roles/custom/matrix-bot-postmoogle/tasks/main.yml_(IaC)_', 'matrix-docker-ansible-deploy/roles/custom/matrix-bridge-appservice-discord/tasks/main.yml_(IaC)_', 'matrix-docker-ansible-deploy/roles/custom/matrix-bridge-appservice-discord/tasks/setup_install.yml_(IaC)_', 'matrix-docker-ansible-deploy/roles/custom/matrix-bridge-appservice-irc/tasks/main.yml_(IaC)_', 'matrix-docker-ansible-deploy/roles/custom/matrix-bridge-appservice-irc/tasks/setup_install.yml_(IaC)_', 'matrix-docker-ansible-deploy/roles/custom/matrix-bridge-appservice-kakaotalk/tasks/main.yml_(IaC)_', 'matrix-docker-ansible-deploy/roles/custom/matrix-bridge-appservice-slack/tasks/main.yml_(IaC)_', 'matrix-docker-ansible-deploy/roles/custom/matrix-bridge-appservice-webhooks/tasks/main.yml_(IaC)_', 'matrix-docker-ansible-deploy/roles/custom/matrix-bridge-beeper-linkedin/tasks/main.yml_(IaC)_', 'matrix-docker-ansible-deploy/roles/custom/matrix-bridge-go-skype-bridge/tasks/main.yml_(IaC)_', 'matrix-docker-ansible-deploy/roles/custom/matrix-bridge-go-skype-bridge/tasks/setup_install.yml_(IaC)_', 'matrix-docker-ansible-deploy/roles/custom/matrix-bridge-heisenbridge/tasks/main.yml_(IaC)_', 'matrix-docker-ansible-deploy/roles/custom/matrix-bridge-hookshot/defaults/main.yml_(Other)_', 'matrix-docker-ansible-deploy/roles/custom/matrix-bridge-hookshot/tasks/main.yml_(IaC)_', 'matrix-docker-ansible-deploy/roles/custom/matrix-bridge-hookshot/tasks/setup_install.yml_(IaC)_', 'matrix-docker-ansible-deploy/roles/custom/matrix-bridge-mautrix-discord/tasks/main.yml_(IaC)_', 'matrix-docker-ansible-deploy/roles/custom/matrix-bridge-mautrix-facebook/tasks/main.yml_(IaC)_', 'matrix-docker-ansible-deploy/roles/custom/matrix-bridge-mautrix-facebook/tasks/setup_install.yml_(IaC)_', 'matrix-docker-ansible-deploy/roles/custom/matrix-bridge-mautrix-googlechat/tasks/main.yml_(IaC)_', 'matrix-docker-ansible-deploy/roles/custom/matrix-bridge-mautrix-hangouts/tasks/main.yml_(IaC)_', 'matrix-docker-ansible-deploy/roles/custom/matrix-bridge-mautrix-hangouts/tasks/setup_install.yml_(IaC)_', 'matrix-docker-ansible-deploy/roles/custom/matrix-bridge-mautrix-instagram/tasks/main.yml_(IaC)_', 'matrix-docker-ansible-deploy/roles/custom/matrix-bridge-mautrix-signal/tasks/main.yml_(IaC)_', 'matrix-docker-ansible-deploy/roles/custom/matrix-bridge-mautrix-slack/tasks/main.yml_(IaC)_', 'matrix-docker-ansible-deploy/roles/custom/matrix-bridge-mautrix-telegram/tasks/main.yml_(IaC)_', 'matrix-docker-ansible-deploy/roles/custom/matrix-bridge-mautrix-telegram/tasks/setup_install.yml_(IaC)_', 'matrix-docker-ansible-deploy/roles/custom/matrix-bridge-mautrix-twitter/tasks/main.yml_(IaC)_', 'matrix-docker-ansible-deploy/roles/custom/matrix-bridge-mautrix-whatsapp/tasks/main.yml_(IaC)_', 'matrix-docker-ansible-deploy/roles/custom/matrix-bridge-mautrix-whatsapp/tasks/setup_install.yml_(IaC)_', 'matrix-docker-ansible-deploy/roles/custom/matrix-bridge-mx-puppet-discord/tasks/main.yml_(IaC)_', 'matrix-docker-ansible-deploy/roles/custom/matrix-bridge-mx-puppet-groupme/tasks/main.yml_(IaC)_', 'matrix-docker-ansible-deploy/roles/custom/matrix-bridge-mx-puppet-groupme/tasks/setup_install.yml_(IaC)_', 'matrix-docker-ansible-deploy/roles/custom/matrix-bridge-mx-puppet-instagram/tasks/main.yml_(IaC)_', 'matrix-docker-ansible-deploy/roles/custom/matrix-bridge-mx-puppet-slack/tasks/main.yml_(IaC)_', 'matrix-docker-ansible-deploy/roles/custom/matrix-bridge-mx-puppet-slack/tasks/setup_install.yml_(IaC)_', 'matrix-docker-ansible-deploy/roles/custom/matrix-bridge-mx-puppet-steam/tasks/main.yml_(IaC)_', 'matrix-docker-ansible-deploy/roles/custom/matrix-bridge-mx-puppet-steam/tasks/setup_install.yml_(IaC)_', 'matrix-docker-ansible-deploy/roles/custom/matrix-bridge-mx-puppet-twitter/tasks/main.yml_(IaC)_', 'matrix-docker-ansible-deploy/roles/custom/matrix-bridge-mx-puppet-twitter/tasks/setup_install.yml_(IaC)_', 'matrix-docker-ansible-deploy/roles/custom/matrix-bridge-sms/tasks/main.yml_(IaC)_', 'matrix-docker-ansible-deploy/roles/custom/matrix-cactus-comments/tasks/main.yml_(IaC)_', 'matrix-docker-ansible-deploy/roles/custom/matrix-client-cinny/tasks/main.yml_(IaC)_', 'matrix-docker-ansible-deploy/roles/custom/matrix-client-element/tasks/main.yml_(IaC)_', 'matrix-docker-ansible-deploy/roles/custom/matrix-client-element/tasks/setup_install.yml_(IaC)_', 'matrix-docker-ansible-deploy/roles/custom/matrix-client-hydrogen/tasks/main.yml_(IaC)_', 'matrix-docker-ansible-deploy/roles/custom/matrix-common-after/tasks/main.yml_(IaC)_', 'matrix-docker-ansible-deploy/roles/custom/matrix-conduit/tasks/main.yml_(IaC)_', 'matrix-docker-ansible-deploy/roles/custom/matrix-corporal/tasks/main.yml_(IaC)_', 'matrix-docker-ansible-deploy/roles/custom/matrix-coturn/tasks/main.yml_(IaC)_', 'matrix-docker-ansible-deploy/roles/custom/matrix-coturn/tasks/setup_install.yml_(IaC)_', 'matrix-docker-ansible-deploy/roles/custom/matrix-dendrite/tasks/main.yml_(IaC)_', 'matrix-docker-ansible-deploy/roles/custom/matrix-dendrite/tasks/setup_install.yml_(IaC)_', 'matrix-docker-ansible-deploy/roles/custom/matrix-dimension/tasks/main.yml_(IaC)_', 'matrix-docker-ansible-deploy/roles/custom/matrix-dynamic-dns/tasks/main.yml_(IaC)_', 'matrix-docker-ansible-deploy/roles/custom/matrix-email2matrix/tasks/main.yml_(IaC)_', 'matrix-docker-ansible-deploy/roles/custom/matrix-jitsi/tasks/main.yml_(IaC)_', 'matrix-docker-ansible-deploy/roles/custom/matrix-jitsi/tasks/util/setup_jitsi_auth_uvs_install.yml_(IaC)_', 'matrix-docker-ansible-deploy/roles/custom/matrix-ldap-registration-proxy/tasks/main.yml_(IaC)_', 'matrix-docker-ansible-deploy/roles/custom/matrix-ma1sd/tasks/main.yml_(IaC)_', 'matrix-docker-ansible-deploy/roles/custom/matrix-ma1sd/tasks/setup_install.yml_(IaC)_', 'matrix-docker-ansible-deploy/roles/custom/matrix-mailer/tasks/main.yml_(IaC)_', 'matrix-docker-ansible-deploy/roles/custom/matrix-nginx-proxy/tasks/main.yml_(IaC)_', 'matrix-docker-ansible-deploy/roles/custom/matrix-nginx-proxy/tasks/ssl/setup_ssl_lets_encrypt_obtain_for_domain.yml_(IaC)_', 'matrix-docker-ansible-deploy/roles/custom/matrix-nginx-proxy/tasks/ssl/setup_ssl_self_signed_obtain_for_domain.yml_(IaC)_', 'matrix-docker-ansible-deploy/roles/custom/matrix-prometheus-nginxlog-exporter/tasks/main.yml_(IaC)_', 'matrix-docker-ansible-deploy/roles/custom/matrix-prometheus-services-proxy-connect/tasks/main.yml_(IaC)_', 'matrix-docker-ansible-deploy/roles/custom/matrix-prometheus/tasks/main.yml_(IaC)_', 'matrix-docker-ansible-deploy/roles/custom/matrix-rageshake/tasks/install.yml_(IaC)_', 'matrix-docker-ansible-deploy/roles/custom/matrix-rageshake/tasks/main.yml_(IaC)_', 'matrix-docker-ansible-deploy/roles/custom/matrix-registration/tasks/main.yml_(IaC)_', 'matrix-docker-ansible-deploy/roles/custom/matrix-sliding-sync/tasks/install.yml_(IaC)_', 'matrix-docker-ansible-deploy/roles/custom/matrix-sliding-sync/tasks/main.yml_(IaC)_', 'matrix-docker-ansible-deploy/roles/custom/matrix-sygnal/tasks/main.yml_(IaC)_', 'matrix-docker-ansible-deploy/roles/custom/matrix-synapse-admin/tasks/main.yml_(IaC)_', 'matrix-docker-ansible-deploy/roles/custom/matrix-synapse-reverse-proxy-companion/tasks/main.yml_(IaC)_', 'matrix-docker-ansible-deploy/roles/custom/matrix-synapse/tasks/ext/setup_install.yml_(IaC)_', 'matrix-docker-ansible-deploy/roles/custom/matrix-synapse/tasks/ext/setup_uninstall.yml_(IaC)_', 'matrix-docker-ansible-deploy/roles/custom/matrix-synapse/tasks/main.yml_(IaC)_', 'matrix-docker-ansible-deploy/roles/custom/matrix-synapse/tasks/setup_install.yml_(IaC)_', 'matrix-docker-ansible-deploy/roles/custom/matrix-synapse/tasks/setup_uninstall.yml_(IaC)_', 'matrix-docker-ansible-deploy/roles/custom/matrix-synapse/tasks/synapse/setup_install.yml_(IaC)_', 'matrix-docker-ansible-deploy/roles/custom/matrix-user-creator/tasks/main.yml_(IaC)_', 'matrix-docker-ansible-deploy/roles/custom/matrix-user-verification-service/tasks/main.yml_(IaC)_', 'matrix-docker-ansible-deploy/roles/custom/matrix_playbook_migration/tasks/main.yml_(IaC)_']]",['dddfee16bc852fc989b057bd1867f0e85825846d'],[0.6666666666666666],[0.020618556701030927],[0.04],[1],[1.0]
[3],"[[195, 581, 242, 596, 284, 405, 375, 122, 220, 318]]","[['matrix-docker-ansible-deploy/roles/custom/matrix-bridge-mautrix-telegram/tasks/setup_install.yml_(IaC)_', 'matrix-docker-ansible-deploy/roles/custom/matrix-bridge-mautrix-hangouts/tasks/setup_install.yml_(IaC)_', 'matrix-docker-ansible-deploy/roles/custom/matrix-nginx-proxy/templates/labels.j2_(Other)_', 'matrix-docker-ansible-deploy/roles/custom/matrix-bridge-mautrix-signal/tasks/setup_uninstall.yml_(IaC)_', 'matrix-docker-ansible-deploy/roles/custom/matrix-bot-matrix-reminder-bot/tasks/setup_install.yml_(IaC)_', 'matrix-docker-ansible-deploy/roles/custom/matrix-bridge-appservice-slack/tasks/setup_install.yml_(IaC)_', 'matrix-docker-ansible-deploy/roles/custom/matrix-ma1sd/tasks/main.yml_(IaC)_', 'matrix-docker-ansible-deploy/roles/custom/matrix-bridge-mautrix-slack/tasks/main.yml_(IaC)_', 'matrix-docker-ansible-deploy/roles/custom/matrix-bot-honoroit/tasks/main.yml_(IaC)_', 'matrix-docker-ansible-deploy/roles/custom/matrix-bridge-mx-puppet-instagram/tasks/main.yml_(IaC)_']]","[['matrix-docker-ansible-deploy/roles/custom/etherpad-proxy-connect/tasks/main.yml_(IaC)_', 'matrix-docker-ansible-deploy/roles/custom/etherpad-proxy-connect/tasks/validate_config.yml_(IaC)_', 'matrix-docker-ansible-deploy/roles/custom/matrix-aux/tasks/main.yml_(IaC)_', 'matrix-docker-ansible-deploy/roles/custom/matrix-base/tasks/main.yml_(IaC)_', 'matrix-docker-ansible-deploy/roles/custom/matrix-bot-buscarron/tasks/main.yml_(IaC)_', 'matrix-docker-ansible-deploy/roles/custom/matrix-bot-chatgpt/tasks/main.yml_(IaC)_', 'matrix-docker-ansible-deploy/roles/custom/matrix-bot-draupnir/tasks/main.yml_(IaC)_', 'matrix-docker-ansible-deploy/roles/custom/matrix-bot-go-neb/tasks/main.yml_(IaC)_', 'matrix-docker-ansible-deploy/roles/custom/matrix-bot-honoroit/tasks/main.yml_(IaC)_', 'matrix-docker-ansible-deploy/roles/custom/matrix-bot-matrix-registration-bot/tasks/main.yml_(IaC)_', 'matrix-docker-ansible-deploy/roles/custom/matrix-bot-matrix-reminder-bot/tasks/main.yml_(IaC)_', 'matrix-docker-ansible-deploy/roles/custom/matrix-bot-maubot/tasks/main.yml_(IaC)_', 'matrix-docker-ansible-deploy/roles/custom/matrix-bot-mjolnir/tasks/main.yml_(IaC)_', 'matrix-docker-ansible-deploy/roles/custom/matrix-bot-postmoogle/tasks/main.yml_(IaC)_', 'matrix-docker-ansible-deploy/roles/custom/matrix-bridge-appservice-discord/tasks/main.yml_(IaC)_', 'matrix-docker-ansible-deploy/roles/custom/matrix-bridge-appservice-discord/tasks/setup_install.yml_(IaC)_', 'matrix-docker-ansible-deploy/roles/custom/matrix-bridge-appservice-irc/tasks/main.yml_(IaC)_', 'matrix-docker-ansible-deploy/roles/custom/matrix-bridge-appservice-irc/tasks/setup_install.yml_(IaC)_', 'matrix-docker-ansible-deploy/roles/custom/matrix-bridge-appservice-kakaotalk/tasks/main.yml_(IaC)_', 'matrix-docker-ansible-deploy/roles/custom/matrix-bridge-appservice-slack/tasks/main.yml_(IaC)_', 'matrix-docker-ansible-deploy/roles/custom/matrix-bridge-appservice-webhooks/tasks/main.yml_(IaC)_', 'matrix-docker-ansible-deploy/roles/custom/matrix-bridge-beeper-linkedin/tasks/main.yml_(IaC)_', 'matrix-docker-ansible-deploy/roles/custom/matrix-bridge-go-skype-bridge/tasks/main.yml_(IaC)_', 'matrix-docker-ansible-deploy/roles/custom/matrix-bridge-go-skype-bridge/tasks/setup_install.yml_(IaC)_', 'matrix-docker-ansible-deploy/roles/custom/matrix-bridge-heisenbridge/tasks/main.yml_(IaC)_', 'matrix-docker-ansible-deploy/roles/custom/matrix-bridge-hookshot/defaults/main.yml_(Other)_', 'matrix-docker-ansible-deploy/roles/custom/matrix-bridge-hookshot/tasks/main.yml_(IaC)_', 'matrix-docker-ansible-deploy/roles/custom/matrix-bridge-hookshot/tasks/setup_install.yml_(IaC)_', 'matrix-docker-ansible-deploy/roles/custom/matrix-bridge-mautrix-discord/tasks/main.yml_(IaC)_', 'matrix-docker-ansible-deploy/roles/custom/matrix-bridge-mautrix-facebook/tasks/main.yml_(IaC)_', 'matrix-docker-ansible-deploy/roles/custom/matrix-bridge-mautrix-facebook/tasks/setup_install.yml_(IaC)_', 'matrix-docker-ansible-deploy/roles/custom/matrix-bridge-mautrix-googlechat/tasks/main.yml_(IaC)_', 'matrix-docker-ansible-deploy/roles/custom/matrix-bridge-mautrix-hangouts/tasks/main.yml_(IaC)_', 'matrix-docker-ansible-deploy/roles/custom/matrix-bridge-mautrix-hangouts/tasks/setup_install.yml_(IaC)_', 'matrix-docker-ansible-deploy/roles/custom/matrix-bridge-mautrix-instagram/tasks/main.yml_(IaC)_', 'matrix-docker-ansible-deploy/roles/custom/matrix-bridge-mautrix-signal/tasks/main.yml_(IaC)_', 'matrix-docker-ansible-deploy/roles/custom/matrix-bridge-mautrix-slack/tasks/main.yml_(IaC)_', 'matrix-docker-ansible-deploy/roles/custom/matrix-bridge-mautrix-telegram/tasks/main.yml_(IaC)_', 'matrix-docker-ansible-deploy/roles/custom/matrix-bridge-mautrix-telegram/tasks/setup_install.yml_(IaC)_', 'matrix-docker-ansible-deploy/roles/custom/matrix-bridge-mautrix-twitter/tasks/main.yml_(IaC)_', 'matrix-docker-ansible-deploy/roles/custom/matrix-bridge-mautrix-whatsapp/tasks/main.yml_(IaC)_', 'matrix-docker-ansible-deploy/roles/custom/matrix-bridge-mautrix-whatsapp/tasks/setup_install.yml_(IaC)_', 'matrix-docker-ansible-deploy/roles/custom/matrix-bridge-mx-puppet-discord/tasks/main.yml_(IaC)_', 'matrix-docker-ansible-deploy/roles/custom/matrix-bridge-mx-puppet-groupme/tasks/main.yml_(IaC)_', 'matrix-docker-ansible-deploy/roles/custom/matrix-bridge-mx-puppet-groupme/tasks/setup_install.yml_(IaC)_', 'matrix-docker-ansible-deploy/roles/custom/matrix-bridge-mx-puppet-instagram/tasks/main.yml_(IaC)_', 'matrix-docker-ansible-deploy/roles/custom/matrix-bridge-mx-puppet-slack/tasks/main.yml_(IaC)_', 'matrix-docker-ansible-deploy/roles/custom/matrix-bridge-mx-puppet-slack/tasks/setup_install.yml_(IaC)_', 'matrix-docker-ansible-deploy/roles/custom/matrix-bridge-mx-puppet-steam/tasks/main.yml_(IaC)_', 'matrix-docker-ansible-deploy/roles/custom/matrix-bridge-mx-puppet-steam/tasks/setup_install.yml_(IaC)_', 'matrix-docker-ansible-deploy/roles/custom/matrix-bridge-mx-puppet-twitter/tasks/main.yml_(IaC)_', 'matrix-docker-ansible-deploy/roles/custom/matrix-bridge-mx-puppet-twitter/tasks/setup_install.yml_(IaC)_', 'matrix-docker-ansible-deploy/roles/custom/matrix-bridge-sms/tasks/main.yml_(IaC)_', 'matrix-docker-ansible-deploy/roles/custom/matrix-cactus-comments/tasks/main.yml_(IaC)_', 'matrix-docker-ansible-deploy/roles/custom/matrix-client-cinny/tasks/main.yml_(IaC)_', 'matrix-docker-ansible-deploy/roles/custom/matrix-client-element/tasks/main.yml_(IaC)_', 'matrix-docker-ansible-deploy/roles/custom/matrix-client-element/tasks/setup_install.yml_(IaC)_', 'matrix-docker-ansible-deploy/roles/custom/matrix-client-hydrogen/tasks/main.yml_(IaC)_', 'matrix-docker-ansible-deploy/roles/custom/matrix-common-after/tasks/main.yml_(IaC)_', 'matrix-docker-ansible-deploy/roles/custom/matrix-conduit/tasks/main.yml_(IaC)_', 'matrix-docker-ansible-deploy/roles/custom/matrix-corporal/tasks/main.yml_(IaC)_', 'matrix-docker-ansible-deploy/roles/custom/matrix-coturn/tasks/main.yml_(IaC)_', 'matrix-docker-ansible-deploy/roles/custom/matrix-coturn/tasks/setup_install.yml_(IaC)_', 'matrix-docker-ansible-deploy/roles/custom/matrix-dendrite/tasks/main.yml_(IaC)_', 'matrix-docker-ansible-deploy/roles/custom/matrix-dendrite/tasks/setup_install.yml_(IaC)_', 'matrix-docker-ansible-deploy/roles/custom/matrix-dimension/tasks/main.yml_(IaC)_', 'matrix-docker-ansible-deploy/roles/custom/matrix-dynamic-dns/tasks/main.yml_(IaC)_', 'matrix-docker-ansible-deploy/roles/custom/matrix-email2matrix/tasks/main.yml_(IaC)_', 'matrix-docker-ansible-deploy/roles/custom/matrix-jitsi/tasks/main.yml_(IaC)_', 'matrix-docker-ansible-deploy/roles/custom/matrix-jitsi/tasks/util/setup_jitsi_auth_uvs_install.yml_(IaC)_', 'matrix-docker-ansible-deploy/roles/custom/matrix-ldap-registration-proxy/tasks/main.yml_(IaC)_', 'matrix-docker-ansible-deploy/roles/custom/matrix-ma1sd/tasks/main.yml_(IaC)_', 'matrix-docker-ansible-deploy/roles/custom/matrix-ma1sd/tasks/setup_install.yml_(IaC)_', 'matrix-docker-ansible-deploy/roles/custom/matrix-mailer/tasks/main.yml_(IaC)_', 'matrix-docker-ansible-deploy/roles/custom/matrix-nginx-proxy/tasks/main.yml_(IaC)_', 'matrix-docker-ansible-deploy/roles/custom/matrix-nginx-proxy/tasks/ssl/setup_ssl_lets_encrypt_obtain_for_domain.yml_(IaC)_', 'matrix-docker-ansible-deploy/roles/custom/matrix-nginx-proxy/tasks/ssl/setup_ssl_self_signed_obtain_for_domain.yml_(IaC)_', 'matrix-docker-ansible-deploy/roles/custom/matrix-prometheus-nginxlog-exporter/tasks/main.yml_(IaC)_', 'matrix-docker-ansible-deploy/roles/custom/matrix-prometheus-services-proxy-connect/tasks/main.yml_(IaC)_', 'matrix-docker-ansible-deploy/roles/custom/matrix-prometheus/tasks/main.yml_(IaC)_', 'matrix-docker-ansible-deploy/roles/custom/matrix-rageshake/tasks/install.yml_(IaC)_', 'matrix-docker-ansible-deploy/roles/custom/matrix-rageshake/tasks/main.yml_(IaC)_', 'matrix-docker-ansible-deploy/roles/custom/matrix-registration/tasks/main.yml_(IaC)_', 'matrix-docker-ansible-deploy/roles/custom/matrix-sliding-sync/tasks/install.yml_(IaC)_', 'matrix-docker-ansible-deploy/roles/custom/matrix-sliding-sync/tasks/main.yml_(IaC)_', 'matrix-docker-ansible-deploy/roles/custom/matrix-sygnal/tasks/main.yml_(IaC)_', 'matrix-docker-ansible-deploy/roles/custom/matrix-synapse-admin/tasks/main.yml_(IaC)_', 'matrix-docker-ansible-deploy/roles/custom/matrix-synapse-reverse-proxy-companion/tasks/main.yml_(IaC)_', 'matrix-docker-ansible-deploy/roles/custom/matrix-synapse/tasks/ext/setup_install.yml_(IaC)_', 'matrix-docker-ansible-deploy/roles/custom/matrix-synapse/tasks/ext/setup_uninstall.yml_(IaC)_', 'matrix-docker-ansible-deploy/roles/custom/matrix-synapse/tasks/main.yml_(IaC)_', 'matrix-docker-ansible-deploy/roles/custom/matrix-synapse/tasks/setup_install.yml_(IaC)_', 'matrix-docker-ansible-deploy/roles/custom/matrix-synapse/tasks/setup_uninstall.yml_(IaC)_', 'matrix-docker-ansible-deploy/roles/custom/matrix-synapse/tasks/synapse/setup_install.yml_(IaC)_', 'matrix-docker-ansible-deploy/roles/custom/matrix-user-creator/tasks/main.yml_(IaC)_', 'matrix-docker-ansible-deploy/roles/custom/matrix-user-verification-service/tasks/main.yml_(IaC)_', 'matrix-docker-ansible-deploy/roles/custom/matrix_playbook_migration/tasks/main.yml_(IaC)_']]",['dddfee16bc852fc989b057bd1867f0e85825846d'],[0.6666666666666666],[0.020618556701030927],[0.04],[1],[1.0]
[3],"[[129, 481, 163, 487, 299, 12, 364, 562, 54, 91, 29]]","[['matrix-docker-ansible-deploy/roles/custom/matrix-bridge-mautrix-whatsapp/tasks/setup_install.yml_(IaC)_', 'matrix-docker-ansible-deploy/roles/custom/matrix-synapse/tasks/synapse/setup_uninstall.yml_(IaC)_', 'matrix-docker-ansible-deploy/roles/custom/matrix-bridge-mautrix-facebook/tasks/setup_install.yml_(IaC)_', 'matrix-docker-ansible-deploy/roles/custom/matrix-synapse/tasks/synapse/workers/util/setup_files_for_worker.yml_(IaC)_', 'matrix-docker-ansible-deploy/roles/custom/etherpad-proxy-connect/tasks/main.yml_(IaC)_', 'matrix-docker-ansible-deploy/roles/custom/matrix-client-element/tasks/setup_install.yml_(IaC)_', 'matrix-docker-ansible-deploy/roles/custom/matrix-cactus-comments/tasks/setup_install.yml_(IaC)_', 'matrix-docker-ansible-deploy/roles/custom/matrix-bridge-appservice-irc/tasks/validate_config.yml_(IaC)_', 'matrix-docker-ansible-deploy/roles/custom/matrix-prometheus-services-connect/tasks/main.yml_(IaC)_', 'matrix-docker-ansible-deploy/roles/custom/matrix-bridge-sms/tasks/setup_uninstall.yml_(IaC)_', 'matrix-docker-ansible-deploy/roles/custom/matrix-bot-buscarron/tasks/setup_uninstall.yml_(IaC)_']]","[['matrix-docker-ansible-deploy/roles/custom/etherpad-proxy-connect/tasks/main.yml_(IaC)_', 'matrix-docker-ansible-deploy/roles/custom/etherpad-proxy-connect/tasks/validate_config.yml_(IaC)_', 'matrix-docker-ansible-deploy/roles/custom/matrix-aux/tasks/main.yml_(IaC)_', 'matrix-docker-ansible-deploy/roles/custom/matrix-base/tasks/main.yml_(IaC)_', 'matrix-docker-ansible-deploy/roles/custom/matrix-bot-buscarron/tasks/main.yml_(IaC)_', 'matrix-docker-ansible-deploy/roles/custom/matrix-bot-chatgpt/tasks/main.yml_(IaC)_', 'matrix-docker-ansible-deploy/roles/custom/matrix-bot-draupnir/tasks/main.yml_(IaC)_', 'matrix-docker-ansible-deploy/roles/custom/matrix-bot-go-neb/tasks/main.yml_(IaC)_', 'matrix-docker-ansible-deploy/roles/custom/matrix-bot-honoroit/tasks/main.yml_(IaC)_', 'matrix-docker-ansible-deploy/roles/custom/matrix-bot-matrix-registration-bot/tasks/main.yml_(IaC)_', 'matrix-docker-ansible-deploy/roles/custom/matrix-bot-matrix-reminder-bot/tasks/main.yml_(IaC)_', 'matrix-docker-ansible-deploy/roles/custom/matrix-bot-maubot/tasks/main.yml_(IaC)_', 'matrix-docker-ansible-deploy/roles/custom/matrix-bot-mjolnir/tasks/main.yml_(IaC)_', 'matrix-docker-ansible-deploy/roles/custom/matrix-bot-postmoogle/tasks/main.yml_(IaC)_', 'matrix-docker-ansible-deploy/roles/custom/matrix-bridge-appservice-discord/tasks/main.yml_(IaC)_', 'matrix-docker-ansible-deploy/roles/custom/matrix-bridge-appservice-discord/tasks/setup_install.yml_(IaC)_', 'matrix-docker-ansible-deploy/roles/custom/matrix-bridge-appservice-irc/tasks/main.yml_(IaC)_', 'matrix-docker-ansible-deploy/roles/custom/matrix-bridge-appservice-irc/tasks/setup_install.yml_(IaC)_', 'matrix-docker-ansible-deploy/roles/custom/matrix-bridge-appservice-kakaotalk/tasks/main.yml_(IaC)_', 'matrix-docker-ansible-deploy/roles/custom/matrix-bridge-appservice-slack/tasks/main.yml_(IaC)_', 'matrix-docker-ansible-deploy/roles/custom/matrix-bridge-appservice-webhooks/tasks/main.yml_(IaC)_', 'matrix-docker-ansible-deploy/roles/custom/matrix-bridge-beeper-linkedin/tasks/main.yml_(IaC)_', 'matrix-docker-ansible-deploy/roles/custom/matrix-bridge-go-skype-bridge/tasks/main.yml_(IaC)_', 'matrix-docker-ansible-deploy/roles/custom/matrix-bridge-go-skype-bridge/tasks/setup_install.yml_(IaC)_', 'matrix-docker-ansible-deploy/roles/custom/matrix-bridge-heisenbridge/tasks/main.yml_(IaC)_', 'matrix-docker-ansible-deploy/roles/custom/matrix-bridge-hookshot/defaults/main.yml_(Other)_', 'matrix-docker-ansible-deploy/roles/custom/matrix-bridge-hookshot/tasks/main.yml_(IaC)_', 'matrix-docker-ansible-deploy/roles/custom/matrix-bridge-hookshot/tasks/setup_install.yml_(IaC)_', 'matrix-docker-ansible-deploy/roles/custom/matrix-bridge-mautrix-discord/tasks/main.yml_(IaC)_', 'matrix-docker-ansible-deploy/roles/custom/matrix-bridge-mautrix-facebook/tasks/main.yml_(IaC)_', 'matrix-docker-ansible-deploy/roles/custom/matrix-bridge-mautrix-facebook/tasks/setup_install.yml_(IaC)_', 'matrix-docker-ansible-deploy/roles/custom/matrix-bridge-mautrix-googlechat/tasks/main.yml_(IaC)_', 'matrix-docker-ansible-deploy/roles/custom/matrix-bridge-mautrix-hangouts/tasks/main.yml_(IaC)_', 'matrix-docker-ansible-deploy/roles/custom/matrix-bridge-mautrix-hangouts/tasks/setup_install.yml_(IaC)_', 'matrix-docker-ansible-deploy/roles/custom/matrix-bridge-mautrix-instagram/tasks/main.yml_(IaC)_', 'matrix-docker-ansible-deploy/roles/custom/matrix-bridge-mautrix-signal/tasks/main.yml_(IaC)_', 'matrix-docker-ansible-deploy/roles/custom/matrix-bridge-mautrix-slack/tasks/main.yml_(IaC)_', 'matrix-docker-ansible-deploy/roles/custom/matrix-bridge-mautrix-telegram/tasks/main.yml_(IaC)_', 'matrix-docker-ansible-deploy/roles/custom/matrix-bridge-mautrix-telegram/tasks/setup_install.yml_(IaC)_', 'matrix-docker-ansible-deploy/roles/custom/matrix-bridge-mautrix-twitter/tasks/main.yml_(IaC)_', 'matrix-docker-ansible-deploy/roles/custom/matrix-bridge-mautrix-whatsapp/tasks/main.yml_(IaC)_', 'matrix-docker-ansible-deploy/roles/custom/matrix-bridge-mautrix-whatsapp/tasks/setup_install.yml_(IaC)_', 'matrix-docker-ansible-deploy/roles/custom/matrix-bridge-mx-puppet-discord/tasks/main.yml_(IaC)_', 'matrix-docker-ansible-deploy/roles/custom/matrix-bridge-mx-puppet-groupme/tasks/main.yml_(IaC)_', 'matrix-docker-ansible-deploy/roles/custom/matrix-bridge-mx-puppet-groupme/tasks/setup_install.yml_(IaC)_', 'matrix-docker-ansible-deploy/roles/custom/matrix-bridge-mx-puppet-instagram/tasks/main.yml_(IaC)_', 'matrix-docker-ansible-deploy/roles/custom/matrix-bridge-mx-puppet-slack/tasks/main.yml_(IaC)_', 'matrix-docker-ansible-deploy/roles/custom/matrix-bridge-mx-puppet-slack/tasks/setup_install.yml_(IaC)_', 'matrix-docker-ansible-deploy/roles/custom/matrix-bridge-mx-puppet-steam/tasks/main.yml_(IaC)_', 'matrix-docker-ansible-deploy/roles/custom/matrix-bridge-mx-puppet-steam/tasks/setup_install.yml_(IaC)_', 'matrix-docker-ansible-deploy/roles/custom/matrix-bridge-mx-puppet-twitter/tasks/main.yml_(IaC)_', 'matrix-docker-ansible-deploy/roles/custom/matrix-bridge-mx-puppet-twitter/tasks/setup_install.yml_(IaC)_', 'matrix-docker-ansible-deploy/roles/custom/matrix-bridge-sms/tasks/main.yml_(IaC)_', 'matrix-docker-ansible-deploy/roles/custom/matrix-cactus-comments/tasks/main.yml_(IaC)_', 'matrix-docker-ansible-deploy/roles/custom/matrix-client-cinny/tasks/main.yml_(IaC)_', 'matrix-docker-ansible-deploy/roles/custom/matrix-client-element/tasks/main.yml_(IaC)_', 'matrix-docker-ansible-deploy/roles/custom/matrix-client-element/tasks/setup_install.yml_(IaC)_', 'matrix-docker-ansible-deploy/roles/custom/matrix-client-hydrogen/tasks/main.yml_(IaC)_', 'matrix-docker-ansible-deploy/roles/custom/matrix-common-after/tasks/main.yml_(IaC)_', 'matrix-docker-ansible-deploy/roles/custom/matrix-conduit/tasks/main.yml_(IaC)_', 'matrix-docker-ansible-deploy/roles/custom/matrix-corporal/tasks/main.yml_(IaC)_', 'matrix-docker-ansible-deploy/roles/custom/matrix-coturn/tasks/main.yml_(IaC)_', 'matrix-docker-ansible-deploy/roles/custom/matrix-coturn/tasks/setup_install.yml_(IaC)_', 'matrix-docker-ansible-deploy/roles/custom/matrix-dendrite/tasks/main.yml_(IaC)_', 'matrix-docker-ansible-deploy/roles/custom/matrix-dendrite/tasks/setup_install.yml_(IaC)_', 'matrix-docker-ansible-deploy/roles/custom/matrix-dimension/tasks/main.yml_(IaC)_', 'matrix-docker-ansible-deploy/roles/custom/matrix-dynamic-dns/tasks/main.yml_(IaC)_', 'matrix-docker-ansible-deploy/roles/custom/matrix-email2matrix/tasks/main.yml_(IaC)_', 'matrix-docker-ansible-deploy/roles/custom/matrix-jitsi/tasks/main.yml_(IaC)_', 'matrix-docker-ansible-deploy/roles/custom/matrix-jitsi/tasks/util/setup_jitsi_auth_uvs_install.yml_(IaC)_', 'matrix-docker-ansible-deploy/roles/custom/matrix-ldap-registration-proxy/tasks/main.yml_(IaC)_', 'matrix-docker-ansible-deploy/roles/custom/matrix-ma1sd/tasks/main.yml_(IaC)_', 'matrix-docker-ansible-deploy/roles/custom/matrix-ma1sd/tasks/setup_install.yml_(IaC)_', 'matrix-docker-ansible-deploy/roles/custom/matrix-mailer/tasks/main.yml_(IaC)_', 'matrix-docker-ansible-deploy/roles/custom/matrix-nginx-proxy/tasks/main.yml_(IaC)_', 'matrix-docker-ansible-deploy/roles/custom/matrix-nginx-proxy/tasks/ssl/setup_ssl_lets_encrypt_obtain_for_domain.yml_(IaC)_', 'matrix-docker-ansible-deploy/roles/custom/matrix-nginx-proxy/tasks/ssl/setup_ssl_self_signed_obtain_for_domain.yml_(IaC)_', 'matrix-docker-ansible-deploy/roles/custom/matrix-prometheus-nginxlog-exporter/tasks/main.yml_(IaC)_', 'matrix-docker-ansible-deploy/roles/custom/matrix-prometheus-services-proxy-connect/tasks/main.yml_(IaC)_', 'matrix-docker-ansible-deploy/roles/custom/matrix-prometheus/tasks/main.yml_(IaC)_', 'matrix-docker-ansible-deploy/roles/custom/matrix-rageshake/tasks/install.yml_(IaC)_', 'matrix-docker-ansible-deploy/roles/custom/matrix-rageshake/tasks/main.yml_(IaC)_', 'matrix-docker-ansible-deploy/roles/custom/matrix-registration/tasks/main.yml_(IaC)_', 'matrix-docker-ansible-deploy/roles/custom/matrix-sliding-sync/tasks/install.yml_(IaC)_', 'matrix-docker-ansible-deploy/roles/custom/matrix-sliding-sync/tasks/main.yml_(IaC)_', 'matrix-docker-ansible-deploy/roles/custom/matrix-sygnal/tasks/main.yml_(IaC)_', 'matrix-docker-ansible-deploy/roles/custom/matrix-synapse-admin/tasks/main.yml_(IaC)_', 'matrix-docker-ansible-deploy/roles/custom/matrix-synapse-reverse-proxy-companion/tasks/main.yml_(IaC)_', 'matrix-docker-ansible-deploy/roles/custom/matrix-synapse/tasks/ext/setup_install.yml_(IaC)_', 'matrix-docker-ansible-deploy/roles/custom/matrix-synapse/tasks/ext/setup_uninstall.yml_(IaC)_', 'matrix-docker-ansible-deploy/roles/custom/matrix-synapse/tasks/main.yml_(IaC)_', 'matrix-docker-ansible-deploy/roles/custom/matrix-synapse/tasks/setup_install.yml_(IaC)_', 'matrix-docker-ansible-deploy/roles/custom/matrix-synapse/tasks/setup_uninstall.yml_(IaC)_', 'matrix-docker-ansible-deploy/roles/custom/matrix-synapse/tasks/synapse/setup_install.yml_(IaC)_', 'matrix-docker-ansible-deploy/roles/custom/matrix-user-creator/tasks/main.yml_(IaC)_', 'matrix-docker-ansible-deploy/roles/custom/matrix-user-verification-service/tasks/main.yml_(IaC)_', 'matrix-docker-ansible-deploy/roles/custom/matrix_playbook_migration/tasks/main.yml_(IaC)_']]",['dddfee16bc852fc989b057bd1867f0e85825846d'],[0.6666666666666666],[0.020618556701030927],[0.04],[1],[1.0]
[3],"[[66, 98, 332, 396, 565, 374, 215, 438, 475, 94]]","[['matrix-docker-ansible-deploy/roles/custom/matrix-bridge-appservice-kakaotalk/tasks/setup_install.yml_(IaC)_', 'matrix-docker-ansible-deploy/roles/custom/matrix-bot-go-neb/tasks/install.yml_(IaC)_', 'matrix-docker-ansible-deploy/roles/custom/matrix-bridge-mx-puppet-twitter/tasks/setup_install.yml_(IaC)_', 'matrix-docker-ansible-deploy/roles/custom/matrix-bot-matrix-registration-bot/tasks/setup_install.yml_(IaC)_', 'matrix-docker-ansible-deploy/roles/custom/matrix-bridge-appservice-irc/tasks/setup_install.yml_(IaC)_', 'matrix-docker-ansible-deploy/roles/custom/matrix-ma1sd/tasks/setup_install.yml_(IaC)_', 'matrix-docker-ansible-deploy/roles/custom/matrix-bot-mjolnir/templates/production.yaml.j2_(Other)_', 'matrix-docker-ansible-deploy/roles/custom/matrix-ldap-registration-proxy/tasks/main.yml_(IaC)_', 'matrix-docker-ansible-deploy/roles/custom/matrix-synapse/tasks/ext/s3-storage-provider/setup_install.yml_(IaC)_', 'matrix-docker-ansible-deploy/roles/custom/matrix-bridge-sms/defaults/main.yml_(Other)_']]","[['matrix-docker-ansible-deploy/roles/custom/etherpad-proxy-connect/tasks/main.yml_(IaC)_', 'matrix-docker-ansible-deploy/roles/custom/etherpad-proxy-connect/tasks/validate_config.yml_(IaC)_', 'matrix-docker-ansible-deploy/roles/custom/matrix-aux/tasks/main.yml_(IaC)_', 'matrix-docker-ansible-deploy/roles/custom/matrix-base/tasks/main.yml_(IaC)_', 'matrix-docker-ansible-deploy/roles/custom/matrix-bot-buscarron/tasks/main.yml_(IaC)_', 'matrix-docker-ansible-deploy/roles/custom/matrix-bot-chatgpt/tasks/main.yml_(IaC)_', 'matrix-docker-ansible-deploy/roles/custom/matrix-bot-draupnir/tasks/main.yml_(IaC)_', 'matrix-docker-ansible-deploy/roles/custom/matrix-bot-go-neb/tasks/main.yml_(IaC)_', 'matrix-docker-ansible-deploy/roles/custom/matrix-bot-honoroit/tasks/main.yml_(IaC)_', 'matrix-docker-ansible-deploy/roles/custom/matrix-bot-matrix-registration-bot/tasks/main.yml_(IaC)_', 'matrix-docker-ansible-deploy/roles/custom/matrix-bot-matrix-reminder-bot/tasks/main.yml_(IaC)_', 'matrix-docker-ansible-deploy/roles/custom/matrix-bot-maubot/tasks/main.yml_(IaC)_', 'matrix-docker-ansible-deploy/roles/custom/matrix-bot-mjolnir/tasks/main.yml_(IaC)_', 'matrix-docker-ansible-deploy/roles/custom/matrix-bot-postmoogle/tasks/main.yml_(IaC)_', 'matrix-docker-ansible-deploy/roles/custom/matrix-bridge-appservice-discord/tasks/main.yml_(IaC)_', 'matrix-docker-ansible-deploy/roles/custom/matrix-bridge-appservice-discord/tasks/setup_install.yml_(IaC)_', 'matrix-docker-ansible-deploy/roles/custom/matrix-bridge-appservice-irc/tasks/main.yml_(IaC)_', 'matrix-docker-ansible-deploy/roles/custom/matrix-bridge-appservice-irc/tasks/setup_install.yml_(IaC)_', 'matrix-docker-ansible-deploy/roles/custom/matrix-bridge-appservice-kakaotalk/tasks/main.yml_(IaC)_', 'matrix-docker-ansible-deploy/roles/custom/matrix-bridge-appservice-slack/tasks/main.yml_(IaC)_', 'matrix-docker-ansible-deploy/roles/custom/matrix-bridge-appservice-webhooks/tasks/main.yml_(IaC)_', 'matrix-docker-ansible-deploy/roles/custom/matrix-bridge-beeper-linkedin/tasks/main.yml_(IaC)_', 'matrix-docker-ansible-deploy/roles/custom/matrix-bridge-go-skype-bridge/tasks/main.yml_(IaC)_', 'matrix-docker-ansible-deploy/roles/custom/matrix-bridge-go-skype-bridge/tasks/setup_install.yml_(IaC)_', 'matrix-docker-ansible-deploy/roles/custom/matrix-bridge-heisenbridge/tasks/main.yml_(IaC)_', 'matrix-docker-ansible-deploy/roles/custom/matrix-bridge-hookshot/defaults/main.yml_(Other)_', 'matrix-docker-ansible-deploy/roles/custom/matrix-bridge-hookshot/tasks/main.yml_(IaC)_', 'matrix-docker-ansible-deploy/roles/custom/matrix-bridge-hookshot/tasks/setup_install.yml_(IaC)_', 'matrix-docker-ansible-deploy/roles/custom/matrix-bridge-mautrix-discord/tasks/main.yml_(IaC)_', 'matrix-docker-ansible-deploy/roles/custom/matrix-bridge-mautrix-facebook/tasks/main.yml_(IaC)_', 'matrix-docker-ansible-deploy/roles/custom/matrix-bridge-mautrix-facebook/tasks/setup_install.yml_(IaC)_', 'matrix-docker-ansible-deploy/roles/custom/matrix-bridge-mautrix-googlechat/tasks/main.yml_(IaC)_', 'matrix-docker-ansible-deploy/roles/custom/matrix-bridge-mautrix-hangouts/tasks/main.yml_(IaC)_', 'matrix-docker-ansible-deploy/roles/custom/matrix-bridge-mautrix-hangouts/tasks/setup_install.yml_(IaC)_', 'matrix-docker-ansible-deploy/roles/custom/matrix-bridge-mautrix-instagram/tasks/main.yml_(IaC)_', 'matrix-docker-ansible-deploy/roles/custom/matrix-bridge-mautrix-signal/tasks/main.yml_(IaC)_', 'matrix-docker-ansible-deploy/roles/custom/matrix-bridge-mautrix-slack/tasks/main.yml_(IaC)_', 'matrix-docker-ansible-deploy/roles/custom/matrix-bridge-mautrix-telegram/tasks/main.yml_(IaC)_', 'matrix-docker-ansible-deploy/roles/custom/matrix-bridge-mautrix-telegram/tasks/setup_install.yml_(IaC)_', 'matrix-docker-ansible-deploy/roles/custom/matrix-bridge-mautrix-twitter/tasks/main.yml_(IaC)_', 'matrix-docker-ansible-deploy/roles/custom/matrix-bridge-mautrix-whatsapp/tasks/main.yml_(IaC)_', 'matrix-docker-ansible-deploy/roles/custom/matrix-bridge-mautrix-whatsapp/tasks/setup_install.yml_(IaC)_', 'matrix-docker-ansible-deploy/roles/custom/matrix-bridge-mx-puppet-discord/tasks/main.yml_(IaC)_', 'matrix-docker-ansible-deploy/roles/custom/matrix-bridge-mx-puppet-groupme/tasks/main.yml_(IaC)_', 'matrix-docker-ansible-deploy/roles/custom/matrix-bridge-mx-puppet-groupme/tasks/setup_install.yml_(IaC)_', 'matrix-docker-ansible-deploy/roles/custom/matrix-bridge-mx-puppet-instagram/tasks/main.yml_(IaC)_', 'matrix-docker-ansible-deploy/roles/custom/matrix-bridge-mx-puppet-slack/tasks/main.yml_(IaC)_', 'matrix-docker-ansible-deploy/roles/custom/matrix-bridge-mx-puppet-slack/tasks/setup_install.yml_(IaC)_', 'matrix-docker-ansible-deploy/roles/custom/matrix-bridge-mx-puppet-steam/tasks/main.yml_(IaC)_', 'matrix-docker-ansible-deploy/roles/custom/matrix-bridge-mx-puppet-steam/tasks/setup_install.yml_(IaC)_', 'matrix-docker-ansible-deploy/roles/custom/matrix-bridge-mx-puppet-twitter/tasks/main.yml_(IaC)_', 'matrix-docker-ansible-deploy/roles/custom/matrix-bridge-mx-puppet-twitter/tasks/setup_install.yml_(IaC)_', 'matrix-docker-ansible-deploy/roles/custom/matrix-bridge-sms/tasks/main.yml_(IaC)_', 'matrix-docker-ansible-deploy/roles/custom/matrix-cactus-comments/tasks/main.yml_(IaC)_', 'matrix-docker-ansible-deploy/roles/custom/matrix-client-cinny/tasks/main.yml_(IaC)_', 'matrix-docker-ansible-deploy/roles/custom/matrix-client-element/tasks/main.yml_(IaC)_', 'matrix-docker-ansible-deploy/roles/custom/matrix-client-element/tasks/setup_install.yml_(IaC)_', 'matrix-docker-ansible-deploy/roles/custom/matrix-client-hydrogen/tasks/main.yml_(IaC)_', 'matrix-docker-ansible-deploy/roles/custom/matrix-common-after/tasks/main.yml_(IaC)_', 'matrix-docker-ansible-deploy/roles/custom/matrix-conduit/tasks/main.yml_(IaC)_', 'matrix-docker-ansible-deploy/roles/custom/matrix-corporal/tasks/main.yml_(IaC)_', 'matrix-docker-ansible-deploy/roles/custom/matrix-coturn/tasks/main.yml_(IaC)_', 'matrix-docker-ansible-deploy/roles/custom/matrix-coturn/tasks/setup_install.yml_(IaC)_', 'matrix-docker-ansible-deploy/roles/custom/matrix-dendrite/tasks/main.yml_(IaC)_', 'matrix-docker-ansible-deploy/roles/custom/matrix-dendrite/tasks/setup_install.yml_(IaC)_', 'matrix-docker-ansible-deploy/roles/custom/matrix-dimension/tasks/main.yml_(IaC)_', 'matrix-docker-ansible-deploy/roles/custom/matrix-dynamic-dns/tasks/main.yml_(IaC)_', 'matrix-docker-ansible-deploy/roles/custom/matrix-email2matrix/tasks/main.yml_(IaC)_', 'matrix-docker-ansible-deploy/roles/custom/matrix-jitsi/tasks/main.yml_(IaC)_', 'matrix-docker-ansible-deploy/roles/custom/matrix-jitsi/tasks/util/setup_jitsi_auth_uvs_install.yml_(IaC)_', 'matrix-docker-ansible-deploy/roles/custom/matrix-ldap-registration-proxy/tasks/main.yml_(IaC)_', 'matrix-docker-ansible-deploy/roles/custom/matrix-ma1sd/tasks/main.yml_(IaC)_', 'matrix-docker-ansible-deploy/roles/custom/matrix-ma1sd/tasks/setup_install.yml_(IaC)_', 'matrix-docker-ansible-deploy/roles/custom/matrix-mailer/tasks/main.yml_(IaC)_', 'matrix-docker-ansible-deploy/roles/custom/matrix-nginx-proxy/tasks/main.yml_(IaC)_', 'matrix-docker-ansible-deploy/roles/custom/matrix-nginx-proxy/tasks/ssl/setup_ssl_lets_encrypt_obtain_for_domain.yml_(IaC)_', 'matrix-docker-ansible-deploy/roles/custom/matrix-nginx-proxy/tasks/ssl/setup_ssl_self_signed_obtain_for_domain.yml_(IaC)_', 'matrix-docker-ansible-deploy/roles/custom/matrix-prometheus-nginxlog-exporter/tasks/main.yml_(IaC)_', 'matrix-docker-ansible-deploy/roles/custom/matrix-prometheus-services-proxy-connect/tasks/main.yml_(IaC)_', 'matrix-docker-ansible-deploy/roles/custom/matrix-prometheus/tasks/main.yml_(IaC)_', 'matrix-docker-ansible-deploy/roles/custom/matrix-rageshake/tasks/install.yml_(IaC)_', 'matrix-docker-ansible-deploy/roles/custom/matrix-rageshake/tasks/main.yml_(IaC)_', 'matrix-docker-ansible-deploy/roles/custom/matrix-registration/tasks/main.yml_(IaC)_', 'matrix-docker-ansible-deploy/roles/custom/matrix-sliding-sync/tasks/install.yml_(IaC)_', 'matrix-docker-ansible-deploy/roles/custom/matrix-sliding-sync/tasks/main.yml_(IaC)_', 'matrix-docker-ansible-deploy/roles/custom/matrix-sygnal/tasks/main.yml_(IaC)_', 'matrix-docker-ansible-deploy/roles/custom/matrix-synapse-admin/tasks/main.yml_(IaC)_', 'matrix-docker-ansible-deploy/roles/custom/matrix-synapse-reverse-proxy-companion/tasks/main.yml_(IaC)_', 'matrix-docker-ansible-deploy/roles/custom/matrix-synapse/tasks/ext/setup_install.yml_(IaC)_', 'matrix-docker-ansible-deploy/roles/custom/matrix-synapse/tasks/ext/setup_uninstall.yml_(IaC)_', 'matrix-docker-ansible-deploy/roles/custom/matrix-synapse/tasks/main.yml_(IaC)_', 'matrix-docker-ansible-deploy/roles/custom/matrix-synapse/tasks/setup_install.yml_(IaC)_', 'matrix-docker-ansible-deploy/roles/custom/matrix-synapse/tasks/setup_uninstall.yml_(IaC)_', 'matrix-docker-ansible-deploy/roles/custom/matrix-synapse/tasks/synapse/setup_install.yml_(IaC)_', 'matrix-docker-ansible-deploy/roles/custom/matrix-user-creator/tasks/main.yml_(IaC)_', 'matrix-docker-ansible-deploy/roles/custom/matrix-user-verification-service/tasks/main.yml_(IaC)_', 'matrix-docker-ansible-deploy/roles/custom/matrix_playbook_migration/tasks/main.yml_(IaC)_']]",['dddfee16bc852fc989b057bd1867f0e85825846d'],[0.3333333333333333],[0.010309278350515464],[0.02],[1],[0.3333333333333333]
[3],"[[195, 163, 186, 553, 459, 370, 598, 23, 250, 475]]","[['matrix-docker-ansible-deploy/roles/custom/matrix-bridge-mautrix-telegram/tasks/setup_install.yml_(IaC)_', 'matrix-docker-ansible-deploy/roles/custom/matrix-bridge-mautrix-facebook/tasks/setup_install.yml_(IaC)_', 'matrix-docker-ansible-deploy/roles/custom/matrix-dimension/tasks/setup_install.yml_(IaC)_', 'matrix-docker-ansible-deploy/roles/custom/matrix-dendrite/tasks/setup_uninstall.yml_(IaC)_', 'matrix-docker-ansible-deploy/roles/custom/matrix-synapse/tasks/init.yml_(IaC)_', 'matrix-docker-ansible-deploy/roles/custom/matrix-ma1sd/vars/main.yml_(Other)_', 'matrix-docker-ansible-deploy/roles/custom/matrix-bridge-mautrix-signal/tasks/setup_install.yml_(IaC)_', 'matrix-docker-ansible-deploy/roles/custom/matrix-conduit/tasks/setup_install.yml_(IaC)_', 'matrix-docker-ansible-deploy/roles/custom/matrix-nginx-proxy/templates/nginx/conf.d/matrix-bot-buscarron.conf.j2_(Other)_', 'matrix-docker-ansible-deploy/roles/custom/matrix-synapse/tasks/ext/s3-storage-provider/setup_install.yml_(IaC)_']]","[['matrix-docker-ansible-deploy/roles/custom/etherpad-proxy-connect/tasks/main.yml_(IaC)_', 'matrix-docker-ansible-deploy/roles/custom/etherpad-proxy-connect/tasks/validate_config.yml_(IaC)_', 'matrix-docker-ansible-deploy/roles/custom/matrix-aux/tasks/main.yml_(IaC)_', 'matrix-docker-ansible-deploy/roles/custom/matrix-base/tasks/main.yml_(IaC)_', 'matrix-docker-ansible-deploy/roles/custom/matrix-bot-buscarron/tasks/main.yml_(IaC)_', 'matrix-docker-ansible-deploy/roles/custom/matrix-bot-chatgpt/tasks/main.yml_(IaC)_', 'matrix-docker-ansible-deploy/roles/custom/matrix-bot-draupnir/tasks/main.yml_(IaC)_', 'matrix-docker-ansible-deploy/roles/custom/matrix-bot-go-neb/tasks/main.yml_(IaC)_', 'matrix-docker-ansible-deploy/roles/custom/matrix-bot-honoroit/tasks/main.yml_(IaC)_', 'matrix-docker-ansible-deploy/roles/custom/matrix-bot-matrix-registration-bot/tasks/main.yml_(IaC)_', 'matrix-docker-ansible-deploy/roles/custom/matrix-bot-matrix-reminder-bot/tasks/main.yml_(IaC)_', 'matrix-docker-ansible-deploy/roles/custom/matrix-bot-maubot/tasks/main.yml_(IaC)_', 'matrix-docker-ansible-deploy/roles/custom/matrix-bot-mjolnir/tasks/main.yml_(IaC)_', 'matrix-docker-ansible-deploy/roles/custom/matrix-bot-postmoogle/tasks/main.yml_(IaC)_', 'matrix-docker-ansible-deploy/roles/custom/matrix-bridge-appservice-discord/tasks/main.yml_(IaC)_', 'matrix-docker-ansible-deploy/roles/custom/matrix-bridge-appservice-discord/tasks/setup_install.yml_(IaC)_', 'matrix-docker-ansible-deploy/roles/custom/matrix-bridge-appservice-irc/tasks/main.yml_(IaC)_', 'matrix-docker-ansible-deploy/roles/custom/matrix-bridge-appservice-irc/tasks/setup_install.yml_(IaC)_', 'matrix-docker-ansible-deploy/roles/custom/matrix-bridge-appservice-kakaotalk/tasks/main.yml_(IaC)_', 'matrix-docker-ansible-deploy/roles/custom/matrix-bridge-appservice-slack/tasks/main.yml_(IaC)_', 'matrix-docker-ansible-deploy/roles/custom/matrix-bridge-appservice-webhooks/tasks/main.yml_(IaC)_', 'matrix-docker-ansible-deploy/roles/custom/matrix-bridge-beeper-linkedin/tasks/main.yml_(IaC)_', 'matrix-docker-ansible-deploy/roles/custom/matrix-bridge-go-skype-bridge/tasks/main.yml_(IaC)_', 'matrix-docker-ansible-deploy/roles/custom/matrix-bridge-go-skype-bridge/tasks/setup_install.yml_(IaC)_', 'matrix-docker-ansible-deploy/roles/custom/matrix-bridge-heisenbridge/tasks/main.yml_(IaC)_', 'matrix-docker-ansible-deploy/roles/custom/matrix-bridge-hookshot/defaults/main.yml_(Other)_', 'matrix-docker-ansible-deploy/roles/custom/matrix-bridge-hookshot/tasks/main.yml_(IaC)_', 'matrix-docker-ansible-deploy/roles/custom/matrix-bridge-hookshot/tasks/setup_install.yml_(IaC)_', 'matrix-docker-ansible-deploy/roles/custom/matrix-bridge-mautrix-discord/tasks/main.yml_(IaC)_', 'matrix-docker-ansible-deploy/roles/custom/matrix-bridge-mautrix-facebook/tasks/main.yml_(IaC)_', 'matrix-docker-ansible-deploy/roles/custom/matrix-bridge-mautrix-facebook/tasks/setup_install.yml_(IaC)_', 'matrix-docker-ansible-deploy/roles/custom/matrix-bridge-mautrix-googlechat/tasks/main.yml_(IaC)_', 'matrix-docker-ansible-deploy/roles/custom/matrix-bridge-mautrix-hangouts/tasks/main.yml_(IaC)_', 'matrix-docker-ansible-deploy/roles/custom/matrix-bridge-mautrix-hangouts/tasks/setup_install.yml_(IaC)_', 'matrix-docker-ansible-deploy/roles/custom/matrix-bridge-mautrix-instagram/tasks/main.yml_(IaC)_', 'matrix-docker-ansible-deploy/roles/custom/matrix-bridge-mautrix-signal/tasks/main.yml_(IaC)_', 'matrix-docker-ansible-deploy/roles/custom/matrix-bridge-mautrix-slack/tasks/main.yml_(IaC)_', 'matrix-docker-ansible-deploy/roles/custom/matrix-bridge-mautrix-telegram/tasks/main.yml_(IaC)_', 'matrix-docker-ansible-deploy/roles/custom/matrix-bridge-mautrix-telegram/tasks/setup_install.yml_(IaC)_', 'matrix-docker-ansible-deploy/roles/custom/matrix-bridge-mautrix-twitter/tasks/main.yml_(IaC)_', 'matrix-docker-ansible-deploy/roles/custom/matrix-bridge-mautrix-whatsapp/tasks/main.yml_(IaC)_', 'matrix-docker-ansible-deploy/roles/custom/matrix-bridge-mautrix-whatsapp/tasks/setup_install.yml_(IaC)_', 'matrix-docker-ansible-deploy/roles/custom/matrix-bridge-mx-puppet-discord/tasks/main.yml_(IaC)_', 'matrix-docker-ansible-deploy/roles/custom/matrix-bridge-mx-puppet-groupme/tasks/main.yml_(IaC)_', 'matrix-docker-ansible-deploy/roles/custom/matrix-bridge-mx-puppet-groupme/tasks/setup_install.yml_(IaC)_', 'matrix-docker-ansible-deploy/roles/custom/matrix-bridge-mx-puppet-instagram/tasks/main.yml_(IaC)_', 'matrix-docker-ansible-deploy/roles/custom/matrix-bridge-mx-puppet-slack/tasks/main.yml_(IaC)_', 'matrix-docker-ansible-deploy/roles/custom/matrix-bridge-mx-puppet-slack/tasks/setup_install.yml_(IaC)_', 'matrix-docker-ansible-deploy/roles/custom/matrix-bridge-mx-puppet-steam/tasks/main.yml_(IaC)_', 'matrix-docker-ansible-deploy/roles/custom/matrix-bridge-mx-puppet-steam/tasks/setup_install.yml_(IaC)_', 'matrix-docker-ansible-deploy/roles/custom/matrix-bridge-mx-puppet-twitter/tasks/main.yml_(IaC)_', 'matrix-docker-ansible-deploy/roles/custom/matrix-bridge-mx-puppet-twitter/tasks/setup_install.yml_(IaC)_', 'matrix-docker-ansible-deploy/roles/custom/matrix-bridge-sms/tasks/main.yml_(IaC)_', 'matrix-docker-ansible-deploy/roles/custom/matrix-cactus-comments/tasks/main.yml_(IaC)_', 'matrix-docker-ansible-deploy/roles/custom/matrix-client-cinny/tasks/main.yml_(IaC)_', 'matrix-docker-ansible-deploy/roles/custom/matrix-client-element/tasks/main.yml_(IaC)_', 'matrix-docker-ansible-deploy/roles/custom/matrix-client-element/tasks/setup_install.yml_(IaC)_', 'matrix-docker-ansible-deploy/roles/custom/matrix-client-hydrogen/tasks/main.yml_(IaC)_', 'matrix-docker-ansible-deploy/roles/custom/matrix-common-after/tasks/main.yml_(IaC)_', 'matrix-docker-ansible-deploy/roles/custom/matrix-conduit/tasks/main.yml_(IaC)_', 'matrix-docker-ansible-deploy/roles/custom/matrix-corporal/tasks/main.yml_(IaC)_', 'matrix-docker-ansible-deploy/roles/custom/matrix-coturn/tasks/main.yml_(IaC)_', 'matrix-docker-ansible-deploy/roles/custom/matrix-coturn/tasks/setup_install.yml_(IaC)_', 'matrix-docker-ansible-deploy/roles/custom/matrix-dendrite/tasks/main.yml_(IaC)_', 'matrix-docker-ansible-deploy/roles/custom/matrix-dendrite/tasks/setup_install.yml_(IaC)_', 'matrix-docker-ansible-deploy/roles/custom/matrix-dimension/tasks/main.yml_(IaC)_', 'matrix-docker-ansible-deploy/roles/custom/matrix-dynamic-dns/tasks/main.yml_(IaC)_', 'matrix-docker-ansible-deploy/roles/custom/matrix-email2matrix/tasks/main.yml_(IaC)_', 'matrix-docker-ansible-deploy/roles/custom/matrix-jitsi/tasks/main.yml_(IaC)_', 'matrix-docker-ansible-deploy/roles/custom/matrix-jitsi/tasks/util/setup_jitsi_auth_uvs_install.yml_(IaC)_', 'matrix-docker-ansible-deploy/roles/custom/matrix-ldap-registration-proxy/tasks/main.yml_(IaC)_', 'matrix-docker-ansible-deploy/roles/custom/matrix-ma1sd/tasks/main.yml_(IaC)_', 'matrix-docker-ansible-deploy/roles/custom/matrix-ma1sd/tasks/setup_install.yml_(IaC)_', 'matrix-docker-ansible-deploy/roles/custom/matrix-mailer/tasks/main.yml_(IaC)_', 'matrix-docker-ansible-deploy/roles/custom/matrix-nginx-proxy/tasks/main.yml_(IaC)_', 'matrix-docker-ansible-deploy/roles/custom/matrix-nginx-proxy/tasks/ssl/setup_ssl_lets_encrypt_obtain_for_domain.yml_(IaC)_', 'matrix-docker-ansible-deploy/roles/custom/matrix-nginx-proxy/tasks/ssl/setup_ssl_self_signed_obtain_for_domain.yml_(IaC)_', 'matrix-docker-ansible-deploy/roles/custom/matrix-prometheus-nginxlog-exporter/tasks/main.yml_(IaC)_', 'matrix-docker-ansible-deploy/roles/custom/matrix-prometheus-services-proxy-connect/tasks/main.yml_(IaC)_', 'matrix-docker-ansible-deploy/roles/custom/matrix-prometheus/tasks/main.yml_(IaC)_', 'matrix-docker-ansible-deploy/roles/custom/matrix-rageshake/tasks/install.yml_(IaC)_', 'matrix-docker-ansible-deploy/roles/custom/matrix-rageshake/tasks/main.yml_(IaC)_', 'matrix-docker-ansible-deploy/roles/custom/matrix-registration/tasks/main.yml_(IaC)_', 'matrix-docker-ansible-deploy/roles/custom/matrix-sliding-sync/tasks/install.yml_(IaC)_', 'matrix-docker-ansible-deploy/roles/custom/matrix-sliding-sync/tasks/main.yml_(IaC)_', 'matrix-docker-ansible-deploy/roles/custom/matrix-sygnal/tasks/main.yml_(IaC)_', 'matrix-docker-ansible-deploy/roles/custom/matrix-synapse-admin/tasks/main.yml_(IaC)_', 'matrix-docker-ansible-deploy/roles/custom/matrix-synapse-reverse-proxy-companion/tasks/main.yml_(IaC)_', 'matrix-docker-ansible-deploy/roles/custom/matrix-synapse/tasks/ext/setup_install.yml_(IaC)_', 'matrix-docker-ansible-deploy/roles/custom/matrix-synapse/tasks/ext/setup_uninstall.yml_(IaC)_', 'matrix-docker-ansible-deploy/roles/custom/matrix-synapse/tasks/main.yml_(IaC)_', 'matrix-docker-ansible-deploy/roles/custom/matrix-synapse/tasks/setup_install.yml_(IaC)_', 'matrix-docker-ansible-deploy/roles/custom/matrix-synapse/tasks/setup_uninstall.yml_(IaC)_', 'matrix-docker-ansible-deploy/roles/custom/matrix-synapse/tasks/synapse/setup_install.yml_(IaC)_', 'matrix-docker-ansible-deploy/roles/custom/matrix-user-creator/tasks/main.yml_(IaC)_', 'matrix-docker-ansible-deploy/roles/custom/matrix-user-verification-service/tasks/main.yml_(IaC)_', 'matrix-docker-ansible-deploy/roles/custom/matrix_playbook_migration/tasks/main.yml_(IaC)_']]",['dddfee16bc852fc989b057bd1867f0e85825846d'],[0.6666666666666666],[0.020618556701030927],[0.04],[1],[1.0]
[3],"[[385, 163, 356, 484, 510, 616, 8, 332, 148, 248, 158]]","[['matrix-docker-ansible-deploy/roles/custom/matrix-bridge-mautrix-instagram/defaults/main.yml_(Other)_', 'matrix-docker-ansible-deploy/roles/custom/matrix-bridge-mautrix-facebook/tasks/setup_install.yml_(IaC)_', 'matrix-docker-ansible-deploy/roles/custom/matrix-bridge-mx-puppet-discord/tasks/setup_install.yml_(IaC)_', 'matrix-docker-ansible-deploy/roles/custom/matrix-synapse/tasks/synapse/workers/setup_uninstall.yml_(IaC)_', 'matrix-docker-ansible-deploy/roles/custom/matrix-bridge-mx-puppet-slack/tasks/setup_install.yml_(IaC)_', 'matrix-docker-ansible-deploy/roles/custom/matrix-coturn/tasks/setup_install.yml_(IaC)_', 'matrix-docker-ansible-deploy/roles/custom/matrix-client-element/tasks/validate_config.yml_(IaC)_', 'matrix-docker-ansible-deploy/roles/custom/matrix-bridge-mx-puppet-twitter/tasks/setup_install.yml_(IaC)_', 'matrix-docker-ansible-deploy/roles/custom/matrix-bot-draupnir/tasks/setup_install.yml_(IaC)_', 'matrix-docker-ansible-deploy/roles/custom/matrix-nginx-proxy/templates/systemd/matrix-ssl-nginx-proxy-reload.timer.j2_(Other)_', 'matrix-docker-ansible-deploy/roles/custom/matrix-bot-postmoogle/templates/env.j2_(Other)_']]","[['matrix-docker-ansible-deploy/roles/custom/etherpad-proxy-connect/tasks/main.yml_(IaC)_', 'matrix-docker-ansible-deploy/roles/custom/etherpad-proxy-connect/tasks/validate_config.yml_(IaC)_', 'matrix-docker-ansible-deploy/roles/custom/matrix-aux/tasks/main.yml_(IaC)_', 'matrix-docker-ansible-deploy/roles/custom/matrix-base/tasks/main.yml_(IaC)_', 'matrix-docker-ansible-deploy/roles/custom/matrix-bot-buscarron/tasks/main.yml_(IaC)_', 'matrix-docker-ansible-deploy/roles/custom/matrix-bot-chatgpt/tasks/main.yml_(IaC)_', 'matrix-docker-ansible-deploy/roles/custom/matrix-bot-draupnir/tasks/main.yml_(IaC)_', 'matrix-docker-ansible-deploy/roles/custom/matrix-bot-go-neb/tasks/main.yml_(IaC)_', 'matrix-docker-ansible-deploy/roles/custom/matrix-bot-honoroit/tasks/main.yml_(IaC)_', 'matrix-docker-ansible-deploy/roles/custom/matrix-bot-matrix-registration-bot/tasks/main.yml_(IaC)_', 'matrix-docker-ansible-deploy/roles/custom/matrix-bot-matrix-reminder-bot/tasks/main.yml_(IaC)_', 'matrix-docker-ansible-deploy/roles/custom/matrix-bot-maubot/tasks/main.yml_(IaC)_', 'matrix-docker-ansible-deploy/roles/custom/matrix-bot-mjolnir/tasks/main.yml_(IaC)_', 'matrix-docker-ansible-deploy/roles/custom/matrix-bot-postmoogle/tasks/main.yml_(IaC)_', 'matrix-docker-ansible-deploy/roles/custom/matrix-bridge-appservice-discord/tasks/main.yml_(IaC)_', 'matrix-docker-ansible-deploy/roles/custom/matrix-bridge-appservice-discord/tasks/setup_install.yml_(IaC)_', 'matrix-docker-ansible-deploy/roles/custom/matrix-bridge-appservice-irc/tasks/main.yml_(IaC)_', 'matrix-docker-ansible-deploy/roles/custom/matrix-bridge-appservice-irc/tasks/setup_install.yml_(IaC)_', 'matrix-docker-ansible-deploy/roles/custom/matrix-bridge-appservice-kakaotalk/tasks/main.yml_(IaC)_', 'matrix-docker-ansible-deploy/roles/custom/matrix-bridge-appservice-slack/tasks/main.yml_(IaC)_', 'matrix-docker-ansible-deploy/roles/custom/matrix-bridge-appservice-webhooks/tasks/main.yml_(IaC)_', 'matrix-docker-ansible-deploy/roles/custom/matrix-bridge-beeper-linkedin/tasks/main.yml_(IaC)_', 'matrix-docker-ansible-deploy/roles/custom/matrix-bridge-go-skype-bridge/tasks/main.yml_(IaC)_', 'matrix-docker-ansible-deploy/roles/custom/matrix-bridge-go-skype-bridge/tasks/setup_install.yml_(IaC)_', 'matrix-docker-ansible-deploy/roles/custom/matrix-bridge-heisenbridge/tasks/main.yml_(IaC)_', 'matrix-docker-ansible-deploy/roles/custom/matrix-bridge-hookshot/defaults/main.yml_(Other)_', 'matrix-docker-ansible-deploy/roles/custom/matrix-bridge-hookshot/tasks/main.yml_(IaC)_', 'matrix-docker-ansible-deploy/roles/custom/matrix-bridge-hookshot/tasks/setup_install.yml_(IaC)_', 'matrix-docker-ansible-deploy/roles/custom/matrix-bridge-mautrix-discord/tasks/main.yml_(IaC)_', 'matrix-docker-ansible-deploy/roles/custom/matrix-bridge-mautrix-facebook/tasks/main.yml_(IaC)_', 'matrix-docker-ansible-deploy/roles/custom/matrix-bridge-mautrix-facebook/tasks/setup_install.yml_(IaC)_', 'matrix-docker-ansible-deploy/roles/custom/matrix-bridge-mautrix-googlechat/tasks/main.yml_(IaC)_', 'matrix-docker-ansible-deploy/roles/custom/matrix-bridge-mautrix-hangouts/tasks/main.yml_(IaC)_', 'matrix-docker-ansible-deploy/roles/custom/matrix-bridge-mautrix-hangouts/tasks/setup_install.yml_(IaC)_', 'matrix-docker-ansible-deploy/roles/custom/matrix-bridge-mautrix-instagram/tasks/main.yml_(IaC)_', 'matrix-docker-ansible-deploy/roles/custom/matrix-bridge-mautrix-signal/tasks/main.yml_(IaC)_', 'matrix-docker-ansible-deploy/roles/custom/matrix-bridge-mautrix-slack/tasks/main.yml_(IaC)_', 'matrix-docker-ansible-deploy/roles/custom/matrix-bridge-mautrix-telegram/tasks/main.yml_(IaC)_', 'matrix-docker-ansible-deploy/roles/custom/matrix-bridge-mautrix-telegram/tasks/setup_install.yml_(IaC)_', 'matrix-docker-ansible-deploy/roles/custom/matrix-bridge-mautrix-twitter/tasks/main.yml_(IaC)_', 'matrix-docker-ansible-deploy/roles/custom/matrix-bridge-mautrix-whatsapp/tasks/main.yml_(IaC)_', 'matrix-docker-ansible-deploy/roles/custom/matrix-bridge-mautrix-whatsapp/tasks/setup_install.yml_(IaC)_', 'matrix-docker-ansible-deploy/roles/custom/matrix-bridge-mx-puppet-discord/tasks/main.yml_(IaC)_', 'matrix-docker-ansible-deploy/roles/custom/matrix-bridge-mx-puppet-groupme/tasks/main.yml_(IaC)_', 'matrix-docker-ansible-deploy/roles/custom/matrix-bridge-mx-puppet-groupme/tasks/setup_install.yml_(IaC)_', 'matrix-docker-ansible-deploy/roles/custom/matrix-bridge-mx-puppet-instagram/tasks/main.yml_(IaC)_', 'matrix-docker-ansible-deploy/roles/custom/matrix-bridge-mx-puppet-slack/tasks/main.yml_(IaC)_', 'matrix-docker-ansible-deploy/roles/custom/matrix-bridge-mx-puppet-slack/tasks/setup_install.yml_(IaC)_', 'matrix-docker-ansible-deploy/roles/custom/matrix-bridge-mx-puppet-steam/tasks/main.yml_(IaC)_', 'matrix-docker-ansible-deploy/roles/custom/matrix-bridge-mx-puppet-steam/tasks/setup_install.yml_(IaC)_', 'matrix-docker-ansible-deploy/roles/custom/matrix-bridge-mx-puppet-twitter/tasks/main.yml_(IaC)_', 'matrix-docker-ansible-deploy/roles/custom/matrix-bridge-mx-puppet-twitter/tasks/setup_install.yml_(IaC)_', 'matrix-docker-ansible-deploy/roles/custom/matrix-bridge-sms/tasks/main.yml_(IaC)_', 'matrix-docker-ansible-deploy/roles/custom/matrix-cactus-comments/tasks/main.yml_(IaC)_', 'matrix-docker-ansible-deploy/roles/custom/matrix-client-cinny/tasks/main.yml_(IaC)_', 'matrix-docker-ansible-deploy/roles/custom/matrix-client-element/tasks/main.yml_(IaC)_', 'matrix-docker-ansible-deploy/roles/custom/matrix-client-element/tasks/setup_install.yml_(IaC)_', 'matrix-docker-ansible-deploy/roles/custom/matrix-client-hydrogen/tasks/main.yml_(IaC)_', 'matrix-docker-ansible-deploy/roles/custom/matrix-common-after/tasks/main.yml_(IaC)_', 'matrix-docker-ansible-deploy/roles/custom/matrix-conduit/tasks/main.yml_(IaC)_', 'matrix-docker-ansible-deploy/roles/custom/matrix-corporal/tasks/main.yml_(IaC)_', 'matrix-docker-ansible-deploy/roles/custom/matrix-coturn/tasks/main.yml_(IaC)_', 'matrix-docker-ansible-deploy/roles/custom/matrix-coturn/tasks/setup_install.yml_(IaC)_', 'matrix-docker-ansible-deploy/roles/custom/matrix-dendrite/tasks/main.yml_(IaC)_', 'matrix-docker-ansible-deploy/roles/custom/matrix-dendrite/tasks/setup_install.yml_(IaC)_', 'matrix-docker-ansible-deploy/roles/custom/matrix-dimension/tasks/main.yml_(IaC)_', 'matrix-docker-ansible-deploy/roles/custom/matrix-dynamic-dns/tasks/main.yml_(IaC)_', 'matrix-docker-ansible-deploy/roles/custom/matrix-email2matrix/tasks/main.yml_(IaC)_', 'matrix-docker-ansible-deploy/roles/custom/matrix-jitsi/tasks/main.yml_(IaC)_', 'matrix-docker-ansible-deploy/roles/custom/matrix-jitsi/tasks/util/setup_jitsi_auth_uvs_install.yml_(IaC)_', 'matrix-docker-ansible-deploy/roles/custom/matrix-ldap-registration-proxy/tasks/main.yml_(IaC)_', 'matrix-docker-ansible-deploy/roles/custom/matrix-ma1sd/tasks/main.yml_(IaC)_', 'matrix-docker-ansible-deploy/roles/custom/matrix-ma1sd/tasks/setup_install.yml_(IaC)_', 'matrix-docker-ansible-deploy/roles/custom/matrix-mailer/tasks/main.yml_(IaC)_', 'matrix-docker-ansible-deploy/roles/custom/matrix-nginx-proxy/tasks/main.yml_(IaC)_', 'matrix-docker-ansible-deploy/roles/custom/matrix-nginx-proxy/tasks/ssl/setup_ssl_lets_encrypt_obtain_for_domain.yml_(IaC)_', 'matrix-docker-ansible-deploy/roles/custom/matrix-nginx-proxy/tasks/ssl/setup_ssl_self_signed_obtain_for_domain.yml_(IaC)_', 'matrix-docker-ansible-deploy/roles/custom/matrix-prometheus-nginxlog-exporter/tasks/main.yml_(IaC)_', 'matrix-docker-ansible-deploy/roles/custom/matrix-prometheus-services-proxy-connect/tasks/main.yml_(IaC)_', 'matrix-docker-ansible-deploy/roles/custom/matrix-prometheus/tasks/main.yml_(IaC)_', 'matrix-docker-ansible-deploy/roles/custom/matrix-rageshake/tasks/install.yml_(IaC)_', 'matrix-docker-ansible-deploy/roles/custom/matrix-rageshake/tasks/main.yml_(IaC)_', 'matrix-docker-ansible-deploy/roles/custom/matrix-registration/tasks/main.yml_(IaC)_', 'matrix-docker-ansible-deploy/roles/custom/matrix-sliding-sync/tasks/install.yml_(IaC)_', 'matrix-docker-ansible-deploy/roles/custom/matrix-sliding-sync/tasks/main.yml_(IaC)_', 'matrix-docker-ansible-deploy/roles/custom/matrix-sygnal/tasks/main.yml_(IaC)_', 'matrix-docker-ansible-deploy/roles/custom/matrix-synapse-admin/tasks/main.yml_(IaC)_', 'matrix-docker-ansible-deploy/roles/custom/matrix-synapse-reverse-proxy-companion/tasks/main.yml_(IaC)_', 'matrix-docker-ansible-deploy/roles/custom/matrix-synapse/tasks/ext/setup_install.yml_(IaC)_', 'matrix-docker-ansible-deploy/roles/custom/matrix-synapse/tasks/ext/setup_uninstall.yml_(IaC)_', 'matrix-docker-ansible-deploy/roles/custom/matrix-synapse/tasks/main.yml_(IaC)_', 'matrix-docker-ansible-deploy/roles/custom/matrix-synapse/tasks/setup_install.yml_(IaC)_', 'matrix-docker-ansible-deploy/roles/custom/matrix-synapse/tasks/setup_uninstall.yml_(IaC)_', 'matrix-docker-ansible-deploy/roles/custom/matrix-synapse/tasks/synapse/setup_install.yml_(IaC)_', 'matrix-docker-ansible-deploy/roles/custom/matrix-user-creator/tasks/main.yml_(IaC)_', 'matrix-docker-ansible-deploy/roles/custom/matrix-user-verification-service/tasks/main.yml_(IaC)_', 'matrix-docker-ansible-deploy/roles/custom/matrix_playbook_migration/tasks/main.yml_(IaC)_']]",['dddfee16bc852fc989b057bd1867f0e85825846d'],[0.3333333333333333],[0.010309278350515464],[0.02],[1],[0.5]
[3],"[[163, 324, 581, 515, 107, 76, 175, 180, 84, 85, 471]]","[['matrix-docker-ansible-deploy/roles/custom/matrix-bridge-mautrix-facebook/tasks/setup_install.yml_(IaC)_', 'matrix-docker-ansible-deploy/roles/custom/matrix-bridge-beeper-linkedin/tasks/setup_install.yml_(IaC)_', 'matrix-docker-ansible-deploy/roles/custom/matrix-bridge-mautrix-hangouts/tasks/setup_install.yml_(IaC)_', 'matrix-docker-ansible-deploy/roles/custom/matrix-rageshake/tasks/validate_config.yml_(IaC)_', 'matrix-docker-ansible-deploy/roles/custom/matrix-bridge-mx-puppet-steam/tasks/setup_install.yml_(IaC)_', 'matrix-docker-ansible-deploy/roles/custom/matrix-sliding-sync/tasks/install.yml_(IaC)_', 'matrix-docker-ansible-deploy/roles/custom/matrix-bridge-mautrix-googlechat/templates/systemd/matrix-mautrix-googlechat.service.j2_(Other)_', 'matrix-docker-ansible-deploy/roles/custom/matrix-email2matrix/defaults/main.yml_(Other)_', 'matrix-docker-ansible-deploy/roles/custom/matrix-sygnal/tasks/install.yml_(IaC)_', 'matrix-docker-ansible-deploy/roles/custom/matrix-sygnal/tasks/main.yml_(IaC)_', 'matrix-docker-ansible-deploy/roles/custom/matrix-synapse/tasks/ext/mjolnir-antispam/setup_uninstall.yml_(IaC)_']]","[['matrix-docker-ansible-deploy/roles/custom/etherpad-proxy-connect/tasks/main.yml_(IaC)_', 'matrix-docker-ansible-deploy/roles/custom/etherpad-proxy-connect/tasks/validate_config.yml_(IaC)_', 'matrix-docker-ansible-deploy/roles/custom/matrix-aux/tasks/main.yml_(IaC)_', 'matrix-docker-ansible-deploy/roles/custom/matrix-base/tasks/main.yml_(IaC)_', 'matrix-docker-ansible-deploy/roles/custom/matrix-bot-buscarron/tasks/main.yml_(IaC)_', 'matrix-docker-ansible-deploy/roles/custom/matrix-bot-chatgpt/tasks/main.yml_(IaC)_', 'matrix-docker-ansible-deploy/roles/custom/matrix-bot-draupnir/tasks/main.yml_(IaC)_', 'matrix-docker-ansible-deploy/roles/custom/matrix-bot-go-neb/tasks/main.yml_(IaC)_', 'matrix-docker-ansible-deploy/roles/custom/matrix-bot-honoroit/tasks/main.yml_(IaC)_', 'matrix-docker-ansible-deploy/roles/custom/matrix-bot-matrix-registration-bot/tasks/main.yml_(IaC)_', 'matrix-docker-ansible-deploy/roles/custom/matrix-bot-matrix-reminder-bot/tasks/main.yml_(IaC)_', 'matrix-docker-ansible-deploy/roles/custom/matrix-bot-maubot/tasks/main.yml_(IaC)_', 'matrix-docker-ansible-deploy/roles/custom/matrix-bot-mjolnir/tasks/main.yml_(IaC)_', 'matrix-docker-ansible-deploy/roles/custom/matrix-bot-postmoogle/tasks/main.yml_(IaC)_', 'matrix-docker-ansible-deploy/roles/custom/matrix-bridge-appservice-discord/tasks/main.yml_(IaC)_', 'matrix-docker-ansible-deploy/roles/custom/matrix-bridge-appservice-discord/tasks/setup_install.yml_(IaC)_', 'matrix-docker-ansible-deploy/roles/custom/matrix-bridge-appservice-irc/tasks/main.yml_(IaC)_', 'matrix-docker-ansible-deploy/roles/custom/matrix-bridge-appservice-irc/tasks/setup_install.yml_(IaC)_', 'matrix-docker-ansible-deploy/roles/custom/matrix-bridge-appservice-kakaotalk/tasks/main.yml_(IaC)_', 'matrix-docker-ansible-deploy/roles/custom/matrix-bridge-appservice-slack/tasks/main.yml_(IaC)_', 'matrix-docker-ansible-deploy/roles/custom/matrix-bridge-appservice-webhooks/tasks/main.yml_(IaC)_', 'matrix-docker-ansible-deploy/roles/custom/matrix-bridge-beeper-linkedin/tasks/main.yml_(IaC)_', 'matrix-docker-ansible-deploy/roles/custom/matrix-bridge-go-skype-bridge/tasks/main.yml_(IaC)_', 'matrix-docker-ansible-deploy/roles/custom/matrix-bridge-go-skype-bridge/tasks/setup_install.yml_(IaC)_', 'matrix-docker-ansible-deploy/roles/custom/matrix-bridge-heisenbridge/tasks/main.yml_(IaC)_', 'matrix-docker-ansible-deploy/roles/custom/matrix-bridge-hookshot/defaults/main.yml_(Other)_', 'matrix-docker-ansible-deploy/roles/custom/matrix-bridge-hookshot/tasks/main.yml_(IaC)_', 'matrix-docker-ansible-deploy/roles/custom/matrix-bridge-hookshot/tasks/setup_install.yml_(IaC)_', 'matrix-docker-ansible-deploy/roles/custom/matrix-bridge-mautrix-discord/tasks/main.yml_(IaC)_', 'matrix-docker-ansible-deploy/roles/custom/matrix-bridge-mautrix-facebook/tasks/main.yml_(IaC)_', 'matrix-docker-ansible-deploy/roles/custom/matrix-bridge-mautrix-facebook/tasks/setup_install.yml_(IaC)_', 'matrix-docker-ansible-deploy/roles/custom/matrix-bridge-mautrix-googlechat/tasks/main.yml_(IaC)_', 'matrix-docker-ansible-deploy/roles/custom/matrix-bridge-mautrix-hangouts/tasks/main.yml_(IaC)_', 'matrix-docker-ansible-deploy/roles/custom/matrix-bridge-mautrix-hangouts/tasks/setup_install.yml_(IaC)_', 'matrix-docker-ansible-deploy/roles/custom/matrix-bridge-mautrix-instagram/tasks/main.yml_(IaC)_', 'matrix-docker-ansible-deploy/roles/custom/matrix-bridge-mautrix-signal/tasks/main.yml_(IaC)_', 'matrix-docker-ansible-deploy/roles/custom/matrix-bridge-mautrix-slack/tasks/main.yml_(IaC)_', 'matrix-docker-ansible-deploy/roles/custom/matrix-bridge-mautrix-telegram/tasks/main.yml_(IaC)_', 'matrix-docker-ansible-deploy/roles/custom/matrix-bridge-mautrix-telegram/tasks/setup_install.yml_(IaC)_', 'matrix-docker-ansible-deploy/roles/custom/matrix-bridge-mautrix-twitter/tasks/main.yml_(IaC)_', 'matrix-docker-ansible-deploy/roles/custom/matrix-bridge-mautrix-whatsapp/tasks/main.yml_(IaC)_', 'matrix-docker-ansible-deploy/roles/custom/matrix-bridge-mautrix-whatsapp/tasks/setup_install.yml_(IaC)_', 'matrix-docker-ansible-deploy/roles/custom/matrix-bridge-mx-puppet-discord/tasks/main.yml_(IaC)_', 'matrix-docker-ansible-deploy/roles/custom/matrix-bridge-mx-puppet-groupme/tasks/main.yml_(IaC)_', 'matrix-docker-ansible-deploy/roles/custom/matrix-bridge-mx-puppet-groupme/tasks/setup_install.yml_(IaC)_', 'matrix-docker-ansible-deploy/roles/custom/matrix-bridge-mx-puppet-instagram/tasks/main.yml_(IaC)_', 'matrix-docker-ansible-deploy/roles/custom/matrix-bridge-mx-puppet-slack/tasks/main.yml_(IaC)_', 'matrix-docker-ansible-deploy/roles/custom/matrix-bridge-mx-puppet-slack/tasks/setup_install.yml_(IaC)_', 'matrix-docker-ansible-deploy/roles/custom/matrix-bridge-mx-puppet-steam/tasks/main.yml_(IaC)_', 'matrix-docker-ansible-deploy/roles/custom/matrix-bridge-mx-puppet-steam/tasks/setup_install.yml_(IaC)_', 'matrix-docker-ansible-deploy/roles/custom/matrix-bridge-mx-puppet-twitter/tasks/main.yml_(IaC)_', 'matrix-docker-ansible-deploy/roles/custom/matrix-bridge-mx-puppet-twitter/tasks/setup_install.yml_(IaC)_', 'matrix-docker-ansible-deploy/roles/custom/matrix-bridge-sms/tasks/main.yml_(IaC)_', 'matrix-docker-ansible-deploy/roles/custom/matrix-cactus-comments/tasks/main.yml_(IaC)_', 'matrix-docker-ansible-deploy/roles/custom/matrix-client-cinny/tasks/main.yml_(IaC)_', 'matrix-docker-ansible-deploy/roles/custom/matrix-client-element/tasks/main.yml_(IaC)_', 'matrix-docker-ansible-deploy/roles/custom/matrix-client-element/tasks/setup_install.yml_(IaC)_', 'matrix-docker-ansible-deploy/roles/custom/matrix-client-hydrogen/tasks/main.yml_(IaC)_', 'matrix-docker-ansible-deploy/roles/custom/matrix-common-after/tasks/main.yml_(IaC)_', 'matrix-docker-ansible-deploy/roles/custom/matrix-conduit/tasks/main.yml_(IaC)_', 'matrix-docker-ansible-deploy/roles/custom/matrix-corporal/tasks/main.yml_(IaC)_', 'matrix-docker-ansible-deploy/roles/custom/matrix-coturn/tasks/main.yml_(IaC)_', 'matrix-docker-ansible-deploy/roles/custom/matrix-coturn/tasks/setup_install.yml_(IaC)_', 'matrix-docker-ansible-deploy/roles/custom/matrix-dendrite/tasks/main.yml_(IaC)_', 'matrix-docker-ansible-deploy/roles/custom/matrix-dendrite/tasks/setup_install.yml_(IaC)_', 'matrix-docker-ansible-deploy/roles/custom/matrix-dimension/tasks/main.yml_(IaC)_', 'matrix-docker-ansible-deploy/roles/custom/matrix-dynamic-dns/tasks/main.yml_(IaC)_', 'matrix-docker-ansible-deploy/roles/custom/matrix-email2matrix/tasks/main.yml_(IaC)_', 'matrix-docker-ansible-deploy/roles/custom/matrix-jitsi/tasks/main.yml_(IaC)_', 'matrix-docker-ansible-deploy/roles/custom/matrix-jitsi/tasks/util/setup_jitsi_auth_uvs_install.yml_(IaC)_', 'matrix-docker-ansible-deploy/roles/custom/matrix-ldap-registration-proxy/tasks/main.yml_(IaC)_', 'matrix-docker-ansible-deploy/roles/custom/matrix-ma1sd/tasks/main.yml_(IaC)_', 'matrix-docker-ansible-deploy/roles/custom/matrix-ma1sd/tasks/setup_install.yml_(IaC)_', 'matrix-docker-ansible-deploy/roles/custom/matrix-mailer/tasks/main.yml_(IaC)_', 'matrix-docker-ansible-deploy/roles/custom/matrix-nginx-proxy/tasks/main.yml_(IaC)_', 'matrix-docker-ansible-deploy/roles/custom/matrix-nginx-proxy/tasks/ssl/setup_ssl_lets_encrypt_obtain_for_domain.yml_(IaC)_', 'matrix-docker-ansible-deploy/roles/custom/matrix-nginx-proxy/tasks/ssl/setup_ssl_self_signed_obtain_for_domain.yml_(IaC)_', 'matrix-docker-ansible-deploy/roles/custom/matrix-prometheus-nginxlog-exporter/tasks/main.yml_(IaC)_', 'matrix-docker-ansible-deploy/roles/custom/matrix-prometheus-services-proxy-connect/tasks/main.yml_(IaC)_', 'matrix-docker-ansible-deploy/roles/custom/matrix-prometheus/tasks/main.yml_(IaC)_', 'matrix-docker-ansible-deploy/roles/custom/matrix-rageshake/tasks/install.yml_(IaC)_', 'matrix-docker-ansible-deploy/roles/custom/matrix-rageshake/tasks/main.yml_(IaC)_', 'matrix-docker-ansible-deploy/roles/custom/matrix-registration/tasks/main.yml_(IaC)_', 'matrix-docker-ansible-deploy/roles/custom/matrix-sliding-sync/tasks/install.yml_(IaC)_', 'matrix-docker-ansible-deploy/roles/custom/matrix-sliding-sync/tasks/main.yml_(IaC)_', 'matrix-docker-ansible-deploy/roles/custom/matrix-sygnal/tasks/main.yml_(IaC)_', 'matrix-docker-ansible-deploy/roles/custom/matrix-synapse-admin/tasks/main.yml_(IaC)_', 'matrix-docker-ansible-deploy/roles/custom/matrix-synapse-reverse-proxy-companion/tasks/main.yml_(IaC)_', 'matrix-docker-ansible-deploy/roles/custom/matrix-synapse/tasks/ext/setup_install.yml_(IaC)_', 'matrix-docker-ansible-deploy/roles/custom/matrix-synapse/tasks/ext/setup_uninstall.yml_(IaC)_', 'matrix-docker-ansible-deploy/roles/custom/matrix-synapse/tasks/main.yml_(IaC)_', 'matrix-docker-ansible-deploy/roles/custom/matrix-synapse/tasks/setup_install.yml_(IaC)_', 'matrix-docker-ansible-deploy/roles/custom/matrix-synapse/tasks/setup_uninstall.yml_(IaC)_', 'matrix-docker-ansible-deploy/roles/custom/matrix-synapse/tasks/synapse/setup_install.yml_(IaC)_', 'matrix-docker-ansible-deploy/roles/custom/matrix-user-creator/tasks/main.yml_(IaC)_', 'matrix-docker-ansible-deploy/roles/custom/matrix-user-verification-service/tasks/main.yml_(IaC)_', 'matrix-docker-ansible-deploy/roles/custom/matrix_playbook_migration/tasks/main.yml_(IaC)_']]",['dddfee16bc852fc989b057bd1867f0e85825846d'],[0.6666666666666666],[0.020618556701030927],[0.04],[1],[1.0]
[3],"[[163, 483, 165, 359, 169, 396, 429, 14, 303, 86, 475]]","[['matrix-docker-ansible-deploy/roles/custom/matrix-bridge-mautrix-facebook/tasks/setup_install.yml_(IaC)_', 'matrix-docker-ansible-deploy/roles/custom/matrix-synapse/tasks/synapse/setup_install.yml_(IaC)_', 'matrix-docker-ansible-deploy/roles/custom/matrix-bridge-mautrix-facebook/defaults/main.yml_(Other)_', 'matrix-docker-ansible-deploy/roles/custom/matrix-bridge-mx-puppet-discord/templates/config.yaml.j2_(Other)_', 'matrix-docker-ansible-deploy/roles/custom/matrix-bridge-mautrix-googlechat/tasks/setup_uninstall.yml_(IaC)_', 'matrix-docker-ansible-deploy/roles/custom/matrix-bot-matrix-registration-bot/tasks/setup_install.yml_(IaC)_', 'matrix-docker-ansible-deploy/roles/custom/matrix-bridge-mautrix-discord/tasks/setup_install.yml_(IaC)_', 'matrix-docker-ansible-deploy/roles/custom/matrix-client-element/defaults/main.yml_(Other)_', 'matrix-docker-ansible-deploy/roles/custom/matrix-bridge-mx-puppet-groupme/tasks/setup_install.yml_(IaC)_', 'matrix-docker-ansible-deploy/roles/custom/matrix-sygnal/defaults/main.yml_(Other)_', 'matrix-docker-ansible-deploy/roles/custom/matrix-synapse/tasks/ext/s3-storage-provider/setup_install.yml_(IaC)_']]","[['matrix-docker-ansible-deploy/roles/custom/etherpad-proxy-connect/tasks/main.yml_(IaC)_', 'matrix-docker-ansible-deploy/roles/custom/etherpad-proxy-connect/tasks/validate_config.yml_(IaC)_', 'matrix-docker-ansible-deploy/roles/custom/matrix-aux/tasks/main.yml_(IaC)_', 'matrix-docker-ansible-deploy/roles/custom/matrix-base/tasks/main.yml_(IaC)_', 'matrix-docker-ansible-deploy/roles/custom/matrix-bot-buscarron/tasks/main.yml_(IaC)_', 'matrix-docker-ansible-deploy/roles/custom/matrix-bot-chatgpt/tasks/main.yml_(IaC)_', 'matrix-docker-ansible-deploy/roles/custom/matrix-bot-draupnir/tasks/main.yml_(IaC)_', 'matrix-docker-ansible-deploy/roles/custom/matrix-bot-go-neb/tasks/main.yml_(IaC)_', 'matrix-docker-ansible-deploy/roles/custom/matrix-bot-honoroit/tasks/main.yml_(IaC)_', 'matrix-docker-ansible-deploy/roles/custom/matrix-bot-matrix-registration-bot/tasks/main.yml_(IaC)_', 'matrix-docker-ansible-deploy/roles/custom/matrix-bot-matrix-reminder-bot/tasks/main.yml_(IaC)_', 'matrix-docker-ansible-deploy/roles/custom/matrix-bot-maubot/tasks/main.yml_(IaC)_', 'matrix-docker-ansible-deploy/roles/custom/matrix-bot-mjolnir/tasks/main.yml_(IaC)_', 'matrix-docker-ansible-deploy/roles/custom/matrix-bot-postmoogle/tasks/main.yml_(IaC)_', 'matrix-docker-ansible-deploy/roles/custom/matrix-bridge-appservice-discord/tasks/main.yml_(IaC)_', 'matrix-docker-ansible-deploy/roles/custom/matrix-bridge-appservice-discord/tasks/setup_install.yml_(IaC)_', 'matrix-docker-ansible-deploy/roles/custom/matrix-bridge-appservice-irc/tasks/main.yml_(IaC)_', 'matrix-docker-ansible-deploy/roles/custom/matrix-bridge-appservice-irc/tasks/setup_install.yml_(IaC)_', 'matrix-docker-ansible-deploy/roles/custom/matrix-bridge-appservice-kakaotalk/tasks/main.yml_(IaC)_', 'matrix-docker-ansible-deploy/roles/custom/matrix-bridge-appservice-slack/tasks/main.yml_(IaC)_', 'matrix-docker-ansible-deploy/roles/custom/matrix-bridge-appservice-webhooks/tasks/main.yml_(IaC)_', 'matrix-docker-ansible-deploy/roles/custom/matrix-bridge-beeper-linkedin/tasks/main.yml_(IaC)_', 'matrix-docker-ansible-deploy/roles/custom/matrix-bridge-go-skype-bridge/tasks/main.yml_(IaC)_', 'matrix-docker-ansible-deploy/roles/custom/matrix-bridge-go-skype-bridge/tasks/setup_install.yml_(IaC)_', 'matrix-docker-ansible-deploy/roles/custom/matrix-bridge-heisenbridge/tasks/main.yml_(IaC)_', 'matrix-docker-ansible-deploy/roles/custom/matrix-bridge-hookshot/defaults/main.yml_(Other)_', 'matrix-docker-ansible-deploy/roles/custom/matrix-bridge-hookshot/tasks/main.yml_(IaC)_', 'matrix-docker-ansible-deploy/roles/custom/matrix-bridge-hookshot/tasks/setup_install.yml_(IaC)_', 'matrix-docker-ansible-deploy/roles/custom/matrix-bridge-mautrix-discord/tasks/main.yml_(IaC)_', 'matrix-docker-ansible-deploy/roles/custom/matrix-bridge-mautrix-facebook/tasks/main.yml_(IaC)_', 'matrix-docker-ansible-deploy/roles/custom/matrix-bridge-mautrix-facebook/tasks/setup_install.yml_(IaC)_', 'matrix-docker-ansible-deploy/roles/custom/matrix-bridge-mautrix-googlechat/tasks/main.yml_(IaC)_', 'matrix-docker-ansible-deploy/roles/custom/matrix-bridge-mautrix-hangouts/tasks/main.yml_(IaC)_', 'matrix-docker-ansible-deploy/roles/custom/matrix-bridge-mautrix-hangouts/tasks/setup_install.yml_(IaC)_', 'matrix-docker-ansible-deploy/roles/custom/matrix-bridge-mautrix-instagram/tasks/main.yml_(IaC)_', 'matrix-docker-ansible-deploy/roles/custom/matrix-bridge-mautrix-signal/tasks/main.yml_(IaC)_', 'matrix-docker-ansible-deploy/roles/custom/matrix-bridge-mautrix-slack/tasks/main.yml_(IaC)_', 'matrix-docker-ansible-deploy/roles/custom/matrix-bridge-mautrix-telegram/tasks/main.yml_(IaC)_', 'matrix-docker-ansible-deploy/roles/custom/matrix-bridge-mautrix-telegram/tasks/setup_install.yml_(IaC)_', 'matrix-docker-ansible-deploy/roles/custom/matrix-bridge-mautrix-twitter/tasks/main.yml_(IaC)_', 'matrix-docker-ansible-deploy/roles/custom/matrix-bridge-mautrix-whatsapp/tasks/main.yml_(IaC)_', 'matrix-docker-ansible-deploy/roles/custom/matrix-bridge-mautrix-whatsapp/tasks/setup_install.yml_(IaC)_', 'matrix-docker-ansible-deploy/roles/custom/matrix-bridge-mx-puppet-discord/tasks/main.yml_(IaC)_', 'matrix-docker-ansible-deploy/roles/custom/matrix-bridge-mx-puppet-groupme/tasks/main.yml_(IaC)_', 'matrix-docker-ansible-deploy/roles/custom/matrix-bridge-mx-puppet-groupme/tasks/setup_install.yml_(IaC)_', 'matrix-docker-ansible-deploy/roles/custom/matrix-bridge-mx-puppet-instagram/tasks/main.yml_(IaC)_', 'matrix-docker-ansible-deploy/roles/custom/matrix-bridge-mx-puppet-slack/tasks/main.yml_(IaC)_', 'matrix-docker-ansible-deploy/roles/custom/matrix-bridge-mx-puppet-slack/tasks/setup_install.yml_(IaC)_', 'matrix-docker-ansible-deploy/roles/custom/matrix-bridge-mx-puppet-steam/tasks/main.yml_(IaC)_', 'matrix-docker-ansible-deploy/roles/custom/matrix-bridge-mx-puppet-steam/tasks/setup_install.yml_(IaC)_', 'matrix-docker-ansible-deploy/roles/custom/matrix-bridge-mx-puppet-twitter/tasks/main.yml_(IaC)_', 'matrix-docker-ansible-deploy/roles/custom/matrix-bridge-mx-puppet-twitter/tasks/setup_install.yml_(IaC)_', 'matrix-docker-ansible-deploy/roles/custom/matrix-bridge-sms/tasks/main.yml_(IaC)_', 'matrix-docker-ansible-deploy/roles/custom/matrix-cactus-comments/tasks/main.yml_(IaC)_', 'matrix-docker-ansible-deploy/roles/custom/matrix-client-cinny/tasks/main.yml_(IaC)_', 'matrix-docker-ansible-deploy/roles/custom/matrix-client-element/tasks/main.yml_(IaC)_', 'matrix-docker-ansible-deploy/roles/custom/matrix-client-element/tasks/setup_install.yml_(IaC)_', 'matrix-docker-ansible-deploy/roles/custom/matrix-client-hydrogen/tasks/main.yml_(IaC)_', 'matrix-docker-ansible-deploy/roles/custom/matrix-common-after/tasks/main.yml_(IaC)_', 'matrix-docker-ansible-deploy/roles/custom/matrix-conduit/tasks/main.yml_(IaC)_', 'matrix-docker-ansible-deploy/roles/custom/matrix-corporal/tasks/main.yml_(IaC)_', 'matrix-docker-ansible-deploy/roles/custom/matrix-coturn/tasks/main.yml_(IaC)_', 'matrix-docker-ansible-deploy/roles/custom/matrix-coturn/tasks/setup_install.yml_(IaC)_', 'matrix-docker-ansible-deploy/roles/custom/matrix-dendrite/tasks/main.yml_(IaC)_', 'matrix-docker-ansible-deploy/roles/custom/matrix-dendrite/tasks/setup_install.yml_(IaC)_', 'matrix-docker-ansible-deploy/roles/custom/matrix-dimension/tasks/main.yml_(IaC)_', 'matrix-docker-ansible-deploy/roles/custom/matrix-dynamic-dns/tasks/main.yml_(IaC)_', 'matrix-docker-ansible-deploy/roles/custom/matrix-email2matrix/tasks/main.yml_(IaC)_', 'matrix-docker-ansible-deploy/roles/custom/matrix-jitsi/tasks/main.yml_(IaC)_', 'matrix-docker-ansible-deploy/roles/custom/matrix-jitsi/tasks/util/setup_jitsi_auth_uvs_install.yml_(IaC)_', 'matrix-docker-ansible-deploy/roles/custom/matrix-ldap-registration-proxy/tasks/main.yml_(IaC)_', 'matrix-docker-ansible-deploy/roles/custom/matrix-ma1sd/tasks/main.yml_(IaC)_', 'matrix-docker-ansible-deploy/roles/custom/matrix-ma1sd/tasks/setup_install.yml_(IaC)_', 'matrix-docker-ansible-deploy/roles/custom/matrix-mailer/tasks/main.yml_(IaC)_', 'matrix-docker-ansible-deploy/roles/custom/matrix-nginx-proxy/tasks/main.yml_(IaC)_', 'matrix-docker-ansible-deploy/roles/custom/matrix-nginx-proxy/tasks/ssl/setup_ssl_lets_encrypt_obtain_for_domain.yml_(IaC)_', 'matrix-docker-ansible-deploy/roles/custom/matrix-nginx-proxy/tasks/ssl/setup_ssl_self_signed_obtain_for_domain.yml_(IaC)_', 'matrix-docker-ansible-deploy/roles/custom/matrix-prometheus-nginxlog-exporter/tasks/main.yml_(IaC)_', 'matrix-docker-ansible-deploy/roles/custom/matrix-prometheus-services-proxy-connect/tasks/main.yml_(IaC)_', 'matrix-docker-ansible-deploy/roles/custom/matrix-prometheus/tasks/main.yml_(IaC)_', 'matrix-docker-ansible-deploy/roles/custom/matrix-rageshake/tasks/install.yml_(IaC)_', 'matrix-docker-ansible-deploy/roles/custom/matrix-rageshake/tasks/main.yml_(IaC)_', 'matrix-docker-ansible-deploy/roles/custom/matrix-registration/tasks/main.yml_(IaC)_', 'matrix-docker-ansible-deploy/roles/custom/matrix-sliding-sync/tasks/install.yml_(IaC)_', 'matrix-docker-ansible-deploy/roles/custom/matrix-sliding-sync/tasks/main.yml_(IaC)_', 'matrix-docker-ansible-deploy/roles/custom/matrix-sygnal/tasks/main.yml_(IaC)_', 'matrix-docker-ansible-deploy/roles/custom/matrix-synapse-admin/tasks/main.yml_(IaC)_', 'matrix-docker-ansible-deploy/roles/custom/matrix-synapse-reverse-proxy-companion/tasks/main.yml_(IaC)_', 'matrix-docker-ansible-deploy/roles/custom/matrix-synapse/tasks/ext/setup_install.yml_(IaC)_', 'matrix-docker-ansible-deploy/roles/custom/matrix-synapse/tasks/ext/setup_uninstall.yml_(IaC)_', 'matrix-docker-ansible-deploy/roles/custom/matrix-synapse/tasks/main.yml_(IaC)_', 'matrix-docker-ansible-deploy/roles/custom/matrix-synapse/tasks/setup_install.yml_(IaC)_', 'matrix-docker-ansible-deploy/roles/custom/matrix-synapse/tasks/setup_uninstall.yml_(IaC)_', 'matrix-docker-ansible-deploy/roles/custom/matrix-synapse/tasks/synapse/setup_install.yml_(IaC)_', 'matrix-docker-ansible-deploy/roles/custom/matrix-user-creator/tasks/main.yml_(IaC)_', 'matrix-docker-ansible-deploy/roles/custom/matrix-user-verification-service/tasks/main.yml_(IaC)_', 'matrix-docker-ansible-deploy/roles/custom/matrix_playbook_migration/tasks/main.yml_(IaC)_']]",['dddfee16bc852fc989b057bd1867f0e85825846d'],[0.6666666666666666],[0.020618556701030927],[0.04],[1],[1.0]
[3],"[[195, 255, 383, 363, 429, 142, 463, 284, 92, 479]]","[['matrix-docker-ansible-deploy/roles/custom/matrix-bridge-mautrix-telegram/tasks/setup_install.yml_(IaC)_', 'matrix-docker-ansible-deploy/roles/custom/matrix-nginx-proxy/templates/nginx/conf.d/matrix-client-element.conf.j2_(Other)_', 'matrix-docker-ansible-deploy/roles/custom/matrix-bridge-mautrix-instagram/tasks/setup_install.yml_(IaC)_', 'matrix-docker-ansible-deploy/roles/custom/matrix-cactus-comments/tasks/inject_into_nginx_proxy.yml_(IaC)_', 'matrix-docker-ansible-deploy/roles/custom/matrix-bridge-mautrix-discord/tasks/setup_install.yml_(IaC)_', 'matrix-docker-ansible-deploy/roles/custom/matrix-prometheus-nginxlog-exporter/templates/systemd/matrix-prometheus-nginxlog-exporter.service.j2_(Other)_', 'matrix-docker-ansible-deploy/roles/custom/matrix-synapse/tasks/goofys/setup_uninstall.yml_(IaC)_', 'matrix-docker-ansible-deploy/roles/custom/matrix-bot-matrix-reminder-bot/tasks/setup_install.yml_(IaC)_', 'matrix-docker-ansible-deploy/roles/custom/matrix-bridge-sms/tasks/setup_install.yml_(IaC)_', 'matrix-docker-ansible-deploy/roles/custom/matrix-synapse/tasks/ext/synapse-simple-antispam/setup_uninstall.yml_(IaC)_']]","[['matrix-docker-ansible-deploy/roles/custom/etherpad-proxy-connect/tasks/main.yml_(IaC)_', 'matrix-docker-ansible-deploy/roles/custom/etherpad-proxy-connect/tasks/validate_config.yml_(IaC)_', 'matrix-docker-ansible-deploy/roles/custom/matrix-aux/tasks/main.yml_(IaC)_', 'matrix-docker-ansible-deploy/roles/custom/matrix-base/tasks/main.yml_(IaC)_', 'matrix-docker-ansible-deploy/roles/custom/matrix-bot-buscarron/tasks/main.yml_(IaC)_', 'matrix-docker-ansible-deploy/roles/custom/matrix-bot-chatgpt/tasks/main.yml_(IaC)_', 'matrix-docker-ansible-deploy/roles/custom/matrix-bot-draupnir/tasks/main.yml_(IaC)_', 'matrix-docker-ansible-deploy/roles/custom/matrix-bot-go-neb/tasks/main.yml_(IaC)_', 'matrix-docker-ansible-deploy/roles/custom/matrix-bot-honoroit/tasks/main.yml_(IaC)_', 'matrix-docker-ansible-deploy/roles/custom/matrix-bot-matrix-registration-bot/tasks/main.yml_(IaC)_', 'matrix-docker-ansible-deploy/roles/custom/matrix-bot-matrix-reminder-bot/tasks/main.yml_(IaC)_', 'matrix-docker-ansible-deploy/roles/custom/matrix-bot-maubot/tasks/main.yml_(IaC)_', 'matrix-docker-ansible-deploy/roles/custom/matrix-bot-mjolnir/tasks/main.yml_(IaC)_', 'matrix-docker-ansible-deploy/roles/custom/matrix-bot-postmoogle/tasks/main.yml_(IaC)_', 'matrix-docker-ansible-deploy/roles/custom/matrix-bridge-appservice-discord/tasks/main.yml_(IaC)_', 'matrix-docker-ansible-deploy/roles/custom/matrix-bridge-appservice-discord/tasks/setup_install.yml_(IaC)_', 'matrix-docker-ansible-deploy/roles/custom/matrix-bridge-appservice-irc/tasks/main.yml_(IaC)_', 'matrix-docker-ansible-deploy/roles/custom/matrix-bridge-appservice-irc/tasks/setup_install.yml_(IaC)_', 'matrix-docker-ansible-deploy/roles/custom/matrix-bridge-appservice-kakaotalk/tasks/main.yml_(IaC)_', 'matrix-docker-ansible-deploy/roles/custom/matrix-bridge-appservice-slack/tasks/main.yml_(IaC)_', 'matrix-docker-ansible-deploy/roles/custom/matrix-bridge-appservice-webhooks/tasks/main.yml_(IaC)_', 'matrix-docker-ansible-deploy/roles/custom/matrix-bridge-beeper-linkedin/tasks/main.yml_(IaC)_', 'matrix-docker-ansible-deploy/roles/custom/matrix-bridge-go-skype-bridge/tasks/main.yml_(IaC)_', 'matrix-docker-ansible-deploy/roles/custom/matrix-bridge-go-skype-bridge/tasks/setup_install.yml_(IaC)_', 'matrix-docker-ansible-deploy/roles/custom/matrix-bridge-heisenbridge/tasks/main.yml_(IaC)_', 'matrix-docker-ansible-deploy/roles/custom/matrix-bridge-hookshot/defaults/main.yml_(Other)_', 'matrix-docker-ansible-deploy/roles/custom/matrix-bridge-hookshot/tasks/main.yml_(IaC)_', 'matrix-docker-ansible-deploy/roles/custom/matrix-bridge-hookshot/tasks/setup_install.yml_(IaC)_', 'matrix-docker-ansible-deploy/roles/custom/matrix-bridge-mautrix-discord/tasks/main.yml_(IaC)_', 'matrix-docker-ansible-deploy/roles/custom/matrix-bridge-mautrix-facebook/tasks/main.yml_(IaC)_', 'matrix-docker-ansible-deploy/roles/custom/matrix-bridge-mautrix-facebook/tasks/setup_install.yml_(IaC)_', 'matrix-docker-ansible-deploy/roles/custom/matrix-bridge-mautrix-googlechat/tasks/main.yml_(IaC)_', 'matrix-docker-ansible-deploy/roles/custom/matrix-bridge-mautrix-hangouts/tasks/main.yml_(IaC)_', 'matrix-docker-ansible-deploy/roles/custom/matrix-bridge-mautrix-hangouts/tasks/setup_install.yml_(IaC)_', 'matrix-docker-ansible-deploy/roles/custom/matrix-bridge-mautrix-instagram/tasks/main.yml_(IaC)_', 'matrix-docker-ansible-deploy/roles/custom/matrix-bridge-mautrix-signal/tasks/main.yml_(IaC)_', 'matrix-docker-ansible-deploy/roles/custom/matrix-bridge-mautrix-slack/tasks/main.yml_(IaC)_', 'matrix-docker-ansible-deploy/roles/custom/matrix-bridge-mautrix-telegram/tasks/main.yml_(IaC)_', 'matrix-docker-ansible-deploy/roles/custom/matrix-bridge-mautrix-telegram/tasks/setup_install.yml_(IaC)_', 'matrix-docker-ansible-deploy/roles/custom/matrix-bridge-mautrix-twitter/tasks/main.yml_(IaC)_', 'matrix-docker-ansible-deploy/roles/custom/matrix-bridge-mautrix-whatsapp/tasks/main.yml_(IaC)_', 'matrix-docker-ansible-deploy/roles/custom/matrix-bridge-mautrix-whatsapp/tasks/setup_install.yml_(IaC)_', 'matrix-docker-ansible-deploy/roles/custom/matrix-bridge-mx-puppet-discord/tasks/main.yml_(IaC)_', 'matrix-docker-ansible-deploy/roles/custom/matrix-bridge-mx-puppet-groupme/tasks/main.yml_(IaC)_', 'matrix-docker-ansible-deploy/roles/custom/matrix-bridge-mx-puppet-groupme/tasks/setup_install.yml_(IaC)_', 'matrix-docker-ansible-deploy/roles/custom/matrix-bridge-mx-puppet-instagram/tasks/main.yml_(IaC)_', 'matrix-docker-ansible-deploy/roles/custom/matrix-bridge-mx-puppet-slack/tasks/main.yml_(IaC)_', 'matrix-docker-ansible-deploy/roles/custom/matrix-bridge-mx-puppet-slack/tasks/setup_install.yml_(IaC)_', 'matrix-docker-ansible-deploy/roles/custom/matrix-bridge-mx-puppet-steam/tasks/main.yml_(IaC)_', 'matrix-docker-ansible-deploy/roles/custom/matrix-bridge-mx-puppet-steam/tasks/setup_install.yml_(IaC)_', 'matrix-docker-ansible-deploy/roles/custom/matrix-bridge-mx-puppet-twitter/tasks/main.yml_(IaC)_', 'matrix-docker-ansible-deploy/roles/custom/matrix-bridge-mx-puppet-twitter/tasks/setup_install.yml_(IaC)_', 'matrix-docker-ansible-deploy/roles/custom/matrix-bridge-sms/tasks/main.yml_(IaC)_', 'matrix-docker-ansible-deploy/roles/custom/matrix-cactus-comments/tasks/main.yml_(IaC)_', 'matrix-docker-ansible-deploy/roles/custom/matrix-client-cinny/tasks/main.yml_(IaC)_', 'matrix-docker-ansible-deploy/roles/custom/matrix-client-element/tasks/main.yml_(IaC)_', 'matrix-docker-ansible-deploy/roles/custom/matrix-client-element/tasks/setup_install.yml_(IaC)_', 'matrix-docker-ansible-deploy/roles/custom/matrix-client-hydrogen/tasks/main.yml_(IaC)_', 'matrix-docker-ansible-deploy/roles/custom/matrix-common-after/tasks/main.yml_(IaC)_', 'matrix-docker-ansible-deploy/roles/custom/matrix-conduit/tasks/main.yml_(IaC)_', 'matrix-docker-ansible-deploy/roles/custom/matrix-corporal/tasks/main.yml_(IaC)_', 'matrix-docker-ansible-deploy/roles/custom/matrix-coturn/tasks/main.yml_(IaC)_', 'matrix-docker-ansible-deploy/roles/custom/matrix-coturn/tasks/setup_install.yml_(IaC)_', 'matrix-docker-ansible-deploy/roles/custom/matrix-dendrite/tasks/main.yml_(IaC)_', 'matrix-docker-ansible-deploy/roles/custom/matrix-dendrite/tasks/setup_install.yml_(IaC)_', 'matrix-docker-ansible-deploy/roles/custom/matrix-dimension/tasks/main.yml_(IaC)_', 'matrix-docker-ansible-deploy/roles/custom/matrix-dynamic-dns/tasks/main.yml_(IaC)_', 'matrix-docker-ansible-deploy/roles/custom/matrix-email2matrix/tasks/main.yml_(IaC)_', 'matrix-docker-ansible-deploy/roles/custom/matrix-jitsi/tasks/main.yml_(IaC)_', 'matrix-docker-ansible-deploy/roles/custom/matrix-jitsi/tasks/util/setup_jitsi_auth_uvs_install.yml_(IaC)_', 'matrix-docker-ansible-deploy/roles/custom/matrix-ldap-registration-proxy/tasks/main.yml_(IaC)_', 'matrix-docker-ansible-deploy/roles/custom/matrix-ma1sd/tasks/main.yml_(IaC)_', 'matrix-docker-ansible-deploy/roles/custom/matrix-ma1sd/tasks/setup_install.yml_(IaC)_', 'matrix-docker-ansible-deploy/roles/custom/matrix-mailer/tasks/main.yml_(IaC)_', 'matrix-docker-ansible-deploy/roles/custom/matrix-nginx-proxy/tasks/main.yml_(IaC)_', 'matrix-docker-ansible-deploy/roles/custom/matrix-nginx-proxy/tasks/ssl/setup_ssl_lets_encrypt_obtain_for_domain.yml_(IaC)_', 'matrix-docker-ansible-deploy/roles/custom/matrix-nginx-proxy/tasks/ssl/setup_ssl_self_signed_obtain_for_domain.yml_(IaC)_', 'matrix-docker-ansible-deploy/roles/custom/matrix-prometheus-nginxlog-exporter/tasks/main.yml_(IaC)_', 'matrix-docker-ansible-deploy/roles/custom/matrix-prometheus-services-proxy-connect/tasks/main.yml_(IaC)_', 'matrix-docker-ansible-deploy/roles/custom/matrix-prometheus/tasks/main.yml_(IaC)_', 'matrix-docker-ansible-deploy/roles/custom/matrix-rageshake/tasks/install.yml_(IaC)_', 'matrix-docker-ansible-deploy/roles/custom/matrix-rageshake/tasks/main.yml_(IaC)_', 'matrix-docker-ansible-deploy/roles/custom/matrix-registration/tasks/main.yml_(IaC)_', 'matrix-docker-ansible-deploy/roles/custom/matrix-sliding-sync/tasks/install.yml_(IaC)_', 'matrix-docker-ansible-deploy/roles/custom/matrix-sliding-sync/tasks/main.yml_(IaC)_', 'matrix-docker-ansible-deploy/roles/custom/matrix-sygnal/tasks/main.yml_(IaC)_', 'matrix-docker-ansible-deploy/roles/custom/matrix-synapse-admin/tasks/main.yml_(IaC)_', 'matrix-docker-ansible-deploy/roles/custom/matrix-synapse-reverse-proxy-companion/tasks/main.yml_(IaC)_', 'matrix-docker-ansible-deploy/roles/custom/matrix-synapse/tasks/ext/setup_install.yml_(IaC)_', 'matrix-docker-ansible-deploy/roles/custom/matrix-synapse/tasks/ext/setup_uninstall.yml_(IaC)_', 'matrix-docker-ansible-deploy/roles/custom/matrix-synapse/tasks/main.yml_(IaC)_', 'matrix-docker-ansible-deploy/roles/custom/matrix-synapse/tasks/setup_install.yml_(IaC)_', 'matrix-docker-ansible-deploy/roles/custom/matrix-synapse/tasks/setup_uninstall.yml_(IaC)_', 'matrix-docker-ansible-deploy/roles/custom/matrix-synapse/tasks/synapse/setup_install.yml_(IaC)_', 'matrix-docker-ansible-deploy/roles/custom/matrix-user-creator/tasks/main.yml_(IaC)_', 'matrix-docker-ansible-deploy/roles/custom/matrix-user-verification-service/tasks/main.yml_(IaC)_', 'matrix-docker-ansible-deploy/roles/custom/matrix_playbook_migration/tasks/main.yml_(IaC)_']]",['dddfee16bc852fc989b057bd1867f0e85825846d'],[0.3333333333333333],[0.010309278350515464],[0.02],[1],[1.0]
[3],"[[609, 129, 356, 169, 361, 595, 564, 505, 125, 413]]","[['matrix-docker-ansible-deploy/roles/custom/matrix-bridge-mautrix-twitter/tasks/setup_install.yml_(IaC)_', 'matrix-docker-ansible-deploy/roles/custom/matrix-bridge-mautrix-whatsapp/tasks/setup_install.yml_(IaC)_', 'matrix-docker-ansible-deploy/roles/custom/matrix-bridge-mx-puppet-discord/tasks/setup_install.yml_(IaC)_', 'matrix-docker-ansible-deploy/roles/custom/matrix-bridge-mautrix-googlechat/tasks/setup_uninstall.yml_(IaC)_', 'matrix-docker-ansible-deploy/roles/custom/matrix-cactus-comments/tasks/validate_config.yml_(IaC)_', 'matrix-docker-ansible-deploy/roles/custom/matrix-bridge-mautrix-signal/tasks/validate_config.yml_(IaC)_', 'matrix-docker-ansible-deploy/roles/custom/matrix-bridge-appservice-irc/tasks/setup_uninstall.yml_(IaC)_', 'matrix-docker-ansible-deploy/roles/custom/matrix-synapse/templates/synapse/ext/s3-storage-provider/systemd/matrix-synapse-s3-storage-provider-migrate.service.j2_(Other)_', 'matrix-docker-ansible-deploy/roles/custom/matrix-bridge-mautrix-slack/templates/systemd/matrix-mautrix-slack.service.j2_(Other)_', 'matrix-docker-ansible-deploy/roles/custom/matrix-user-creator/tasks/util/ensure_user_registered_dendrite.yml_(IaC)_']]","[['matrix-docker-ansible-deploy/roles/custom/etherpad-proxy-connect/tasks/main.yml_(IaC)_', 'matrix-docker-ansible-deploy/roles/custom/etherpad-proxy-connect/tasks/validate_config.yml_(IaC)_', 'matrix-docker-ansible-deploy/roles/custom/matrix-aux/tasks/main.yml_(IaC)_', 'matrix-docker-ansible-deploy/roles/custom/matrix-base/tasks/main.yml_(IaC)_', 'matrix-docker-ansible-deploy/roles/custom/matrix-bot-buscarron/tasks/main.yml_(IaC)_', 'matrix-docker-ansible-deploy/roles/custom/matrix-bot-chatgpt/tasks/main.yml_(IaC)_', 'matrix-docker-ansible-deploy/roles/custom/matrix-bot-draupnir/tasks/main.yml_(IaC)_', 'matrix-docker-ansible-deploy/roles/custom/matrix-bot-go-neb/tasks/main.yml_(IaC)_', 'matrix-docker-ansible-deploy/roles/custom/matrix-bot-honoroit/tasks/main.yml_(IaC)_', 'matrix-docker-ansible-deploy/roles/custom/matrix-bot-matrix-registration-bot/tasks/main.yml_(IaC)_', 'matrix-docker-ansible-deploy/roles/custom/matrix-bot-matrix-reminder-bot/tasks/main.yml_(IaC)_', 'matrix-docker-ansible-deploy/roles/custom/matrix-bot-maubot/tasks/main.yml_(IaC)_', 'matrix-docker-ansible-deploy/roles/custom/matrix-bot-mjolnir/tasks/main.yml_(IaC)_', 'matrix-docker-ansible-deploy/roles/custom/matrix-bot-postmoogle/tasks/main.yml_(IaC)_', 'matrix-docker-ansible-deploy/roles/custom/matrix-bridge-appservice-discord/tasks/main.yml_(IaC)_', 'matrix-docker-ansible-deploy/roles/custom/matrix-bridge-appservice-discord/tasks/setup_install.yml_(IaC)_', 'matrix-docker-ansible-deploy/roles/custom/matrix-bridge-appservice-irc/tasks/main.yml_(IaC)_', 'matrix-docker-ansible-deploy/roles/custom/matrix-bridge-appservice-irc/tasks/setup_install.yml_(IaC)_', 'matrix-docker-ansible-deploy/roles/custom/matrix-bridge-appservice-kakaotalk/tasks/main.yml_(IaC)_', 'matrix-docker-ansible-deploy/roles/custom/matrix-bridge-appservice-slack/tasks/main.yml_(IaC)_', 'matrix-docker-ansible-deploy/roles/custom/matrix-bridge-appservice-webhooks/tasks/main.yml_(IaC)_', 'matrix-docker-ansible-deploy/roles/custom/matrix-bridge-beeper-linkedin/tasks/main.yml_(IaC)_', 'matrix-docker-ansible-deploy/roles/custom/matrix-bridge-go-skype-bridge/tasks/main.yml_(IaC)_', 'matrix-docker-ansible-deploy/roles/custom/matrix-bridge-go-skype-bridge/tasks/setup_install.yml_(IaC)_', 'matrix-docker-ansible-deploy/roles/custom/matrix-bridge-heisenbridge/tasks/main.yml_(IaC)_', 'matrix-docker-ansible-deploy/roles/custom/matrix-bridge-hookshot/defaults/main.yml_(Other)_', 'matrix-docker-ansible-deploy/roles/custom/matrix-bridge-hookshot/tasks/main.yml_(IaC)_', 'matrix-docker-ansible-deploy/roles/custom/matrix-bridge-hookshot/tasks/setup_install.yml_(IaC)_', 'matrix-docker-ansible-deploy/roles/custom/matrix-bridge-mautrix-discord/tasks/main.yml_(IaC)_', 'matrix-docker-ansible-deploy/roles/custom/matrix-bridge-mautrix-facebook/tasks/main.yml_(IaC)_', 'matrix-docker-ansible-deploy/roles/custom/matrix-bridge-mautrix-facebook/tasks/setup_install.yml_(IaC)_', 'matrix-docker-ansible-deploy/roles/custom/matrix-bridge-mautrix-googlechat/tasks/main.yml_(IaC)_', 'matrix-docker-ansible-deploy/roles/custom/matrix-bridge-mautrix-hangouts/tasks/main.yml_(IaC)_', 'matrix-docker-ansible-deploy/roles/custom/matrix-bridge-mautrix-hangouts/tasks/setup_install.yml_(IaC)_', 'matrix-docker-ansible-deploy/roles/custom/matrix-bridge-mautrix-instagram/tasks/main.yml_(IaC)_', 'matrix-docker-ansible-deploy/roles/custom/matrix-bridge-mautrix-signal/tasks/main.yml_(IaC)_', 'matrix-docker-ansible-deploy/roles/custom/matrix-bridge-mautrix-slack/tasks/main.yml_(IaC)_', 'matrix-docker-ansible-deploy/roles/custom/matrix-bridge-mautrix-telegram/tasks/main.yml_(IaC)_', 'matrix-docker-ansible-deploy/roles/custom/matrix-bridge-mautrix-telegram/tasks/setup_install.yml_(IaC)_', 'matrix-docker-ansible-deploy/roles/custom/matrix-bridge-mautrix-twitter/tasks/main.yml_(IaC)_', 'matrix-docker-ansible-deploy/roles/custom/matrix-bridge-mautrix-whatsapp/tasks/main.yml_(IaC)_', 'matrix-docker-ansible-deploy/roles/custom/matrix-bridge-mautrix-whatsapp/tasks/setup_install.yml_(IaC)_', 'matrix-docker-ansible-deploy/roles/custom/matrix-bridge-mx-puppet-discord/tasks/main.yml_(IaC)_', 'matrix-docker-ansible-deploy/roles/custom/matrix-bridge-mx-puppet-groupme/tasks/main.yml_(IaC)_', 'matrix-docker-ansible-deploy/roles/custom/matrix-bridge-mx-puppet-groupme/tasks/setup_install.yml_(IaC)_', 'matrix-docker-ansible-deploy/roles/custom/matrix-bridge-mx-puppet-instagram/tasks/main.yml_(IaC)_', 'matrix-docker-ansible-deploy/roles/custom/matrix-bridge-mx-puppet-slack/tasks/main.yml_(IaC)_', 'matrix-docker-ansible-deploy/roles/custom/matrix-bridge-mx-puppet-slack/tasks/setup_install.yml_(IaC)_', 'matrix-docker-ansible-deploy/roles/custom/matrix-bridge-mx-puppet-steam/tasks/main.yml_(IaC)_', 'matrix-docker-ansible-deploy/roles/custom/matrix-bridge-mx-puppet-steam/tasks/setup_install.yml_(IaC)_', 'matrix-docker-ansible-deploy/roles/custom/matrix-bridge-mx-puppet-twitter/tasks/main.yml_(IaC)_', 'matrix-docker-ansible-deploy/roles/custom/matrix-bridge-mx-puppet-twitter/tasks/setup_install.yml_(IaC)_', 'matrix-docker-ansible-deploy/roles/custom/matrix-bridge-sms/tasks/main.yml_(IaC)_', 'matrix-docker-ansible-deploy/roles/custom/matrix-cactus-comments/tasks/main.yml_(IaC)_', 'matrix-docker-ansible-deploy/roles/custom/matrix-client-cinny/tasks/main.yml_(IaC)_', 'matrix-docker-ansible-deploy/roles/custom/matrix-client-element/tasks/main.yml_(IaC)_', 'matrix-docker-ansible-deploy/roles/custom/matrix-client-element/tasks/setup_install.yml_(IaC)_', 'matrix-docker-ansible-deploy/roles/custom/matrix-client-hydrogen/tasks/main.yml_(IaC)_', 'matrix-docker-ansible-deploy/roles/custom/matrix-common-after/tasks/main.yml_(IaC)_', 'matrix-docker-ansible-deploy/roles/custom/matrix-conduit/tasks/main.yml_(IaC)_', 'matrix-docker-ansible-deploy/roles/custom/matrix-corporal/tasks/main.yml_(IaC)_', 'matrix-docker-ansible-deploy/roles/custom/matrix-coturn/tasks/main.yml_(IaC)_', 'matrix-docker-ansible-deploy/roles/custom/matrix-coturn/tasks/setup_install.yml_(IaC)_', 'matrix-docker-ansible-deploy/roles/custom/matrix-dendrite/tasks/main.yml_(IaC)_', 'matrix-docker-ansible-deploy/roles/custom/matrix-dendrite/tasks/setup_install.yml_(IaC)_', 'matrix-docker-ansible-deploy/roles/custom/matrix-dimension/tasks/main.yml_(IaC)_', 'matrix-docker-ansible-deploy/roles/custom/matrix-dynamic-dns/tasks/main.yml_(IaC)_', 'matrix-docker-ansible-deploy/roles/custom/matrix-email2matrix/tasks/main.yml_(IaC)_', 'matrix-docker-ansible-deploy/roles/custom/matrix-jitsi/tasks/main.yml_(IaC)_', 'matrix-docker-ansible-deploy/roles/custom/matrix-jitsi/tasks/util/setup_jitsi_auth_uvs_install.yml_(IaC)_', 'matrix-docker-ansible-deploy/roles/custom/matrix-ldap-registration-proxy/tasks/main.yml_(IaC)_', 'matrix-docker-ansible-deploy/roles/custom/matrix-ma1sd/tasks/main.yml_(IaC)_', 'matrix-docker-ansible-deploy/roles/custom/matrix-ma1sd/tasks/setup_install.yml_(IaC)_', 'matrix-docker-ansible-deploy/roles/custom/matrix-mailer/tasks/main.yml_(IaC)_', 'matrix-docker-ansible-deploy/roles/custom/matrix-nginx-proxy/tasks/main.yml_(IaC)_', 'matrix-docker-ansible-deploy/roles/custom/matrix-nginx-proxy/tasks/ssl/setup_ssl_lets_encrypt_obtain_for_domain.yml_(IaC)_', 'matrix-docker-ansible-deploy/roles/custom/matrix-nginx-proxy/tasks/ssl/setup_ssl_self_signed_obtain_for_domain.yml_(IaC)_', 'matrix-docker-ansible-deploy/roles/custom/matrix-prometheus-nginxlog-exporter/tasks/main.yml_(IaC)_', 'matrix-docker-ansible-deploy/roles/custom/matrix-prometheus-services-proxy-connect/tasks/main.yml_(IaC)_', 'matrix-docker-ansible-deploy/roles/custom/matrix-prometheus/tasks/main.yml_(IaC)_', 'matrix-docker-ansible-deploy/roles/custom/matrix-rageshake/tasks/install.yml_(IaC)_', 'matrix-docker-ansible-deploy/roles/custom/matrix-rageshake/tasks/main.yml_(IaC)_', 'matrix-docker-ansible-deploy/roles/custom/matrix-registration/tasks/main.yml_(IaC)_', 'matrix-docker-ansible-deploy/roles/custom/matrix-sliding-sync/tasks/install.yml_(IaC)_', 'matrix-docker-ansible-deploy/roles/custom/matrix-sliding-sync/tasks/main.yml_(IaC)_', 'matrix-docker-ansible-deploy/roles/custom/matrix-sygnal/tasks/main.yml_(IaC)_', 'matrix-docker-ansible-deploy/roles/custom/matrix-synapse-admin/tasks/main.yml_(IaC)_', 'matrix-docker-ansible-deploy/roles/custom/matrix-synapse-reverse-proxy-companion/tasks/main.yml_(IaC)_', 'matrix-docker-ansible-deploy/roles/custom/matrix-synapse/tasks/ext/setup_install.yml_(IaC)_', 'matrix-docker-ansible-deploy/roles/custom/matrix-synapse/tasks/ext/setup_uninstall.yml_(IaC)_', 'matrix-docker-ansible-deploy/roles/custom/matrix-synapse/tasks/main.yml_(IaC)_', 'matrix-docker-ansible-deploy/roles/custom/matrix-synapse/tasks/setup_install.yml_(IaC)_', 'matrix-docker-ansible-deploy/roles/custom/matrix-synapse/tasks/setup_uninstall.yml_(IaC)_', 'matrix-docker-ansible-deploy/roles/custom/matrix-synapse/tasks/synapse/setup_install.yml_(IaC)_', 'matrix-docker-ansible-deploy/roles/custom/matrix-user-creator/tasks/main.yml_(IaC)_', 'matrix-docker-ansible-deploy/roles/custom/matrix-user-verification-service/tasks/main.yml_(IaC)_', 'matrix-docker-ansible-deploy/roles/custom/matrix_playbook_migration/tasks/main.yml_(IaC)_']]",['dddfee16bc852fc989b057bd1867f0e85825846d'],[0.3333333333333333],[0.010309278350515464],[0.02],[1],[0.5]
[3],"[[609, 163, 421, 454, 359, 172, 109, 429, 410, 510]]","[['matrix-docker-ansible-deploy/roles/custom/matrix-bridge-mautrix-twitter/tasks/setup_install.yml_(IaC)_', 'matrix-docker-ansible-deploy/roles/custom/matrix-bridge-mautrix-facebook/tasks/setup_install.yml_(IaC)_', 'matrix-docker-ansible-deploy/roles/custom/matrix-bridge-hookshot/tasks/setup_install.yml_(IaC)_', 'matrix-docker-ansible-deploy/roles/custom/matrix-synapse/tasks/import_synapse_sqlite_db.yml_(IaC)_', 'matrix-docker-ansible-deploy/roles/custom/matrix-bridge-mx-puppet-discord/templates/config.yaml.j2_(Other)_', 'matrix-docker-ansible-deploy/roles/custom/matrix-bridge-mautrix-googlechat/tasks/main.yml_(IaC)_', 'matrix-docker-ansible-deploy/roles/custom/matrix-bridge-mx-puppet-steam/defaults/main.yml_(Other)_', 'matrix-docker-ansible-deploy/roles/custom/matrix-bridge-mautrix-discord/tasks/setup_install.yml_(IaC)_', 'matrix-docker-ansible-deploy/roles/custom/matrix-user-creator/vars/main.yml_(Other)_', 'matrix-docker-ansible-deploy/roles/custom/matrix-bridge-mx-puppet-slack/tasks/setup_install.yml_(IaC)_']]","[['matrix-docker-ansible-deploy/roles/custom/etherpad-proxy-connect/tasks/main.yml_(IaC)_', 'matrix-docker-ansible-deploy/roles/custom/etherpad-proxy-connect/tasks/validate_config.yml_(IaC)_', 'matrix-docker-ansible-deploy/roles/custom/matrix-aux/tasks/main.yml_(IaC)_', 'matrix-docker-ansible-deploy/roles/custom/matrix-base/tasks/main.yml_(IaC)_', 'matrix-docker-ansible-deploy/roles/custom/matrix-bot-buscarron/tasks/main.yml_(IaC)_', 'matrix-docker-ansible-deploy/roles/custom/matrix-bot-chatgpt/tasks/main.yml_(IaC)_', 'matrix-docker-ansible-deploy/roles/custom/matrix-bot-draupnir/tasks/main.yml_(IaC)_', 'matrix-docker-ansible-deploy/roles/custom/matrix-bot-go-neb/tasks/main.yml_(IaC)_', 'matrix-docker-ansible-deploy/roles/custom/matrix-bot-honoroit/tasks/main.yml_(IaC)_', 'matrix-docker-ansible-deploy/roles/custom/matrix-bot-matrix-registration-bot/tasks/main.yml_(IaC)_', 'matrix-docker-ansible-deploy/roles/custom/matrix-bot-matrix-reminder-bot/tasks/main.yml_(IaC)_', 'matrix-docker-ansible-deploy/roles/custom/matrix-bot-maubot/tasks/main.yml_(IaC)_', 'matrix-docker-ansible-deploy/roles/custom/matrix-bot-mjolnir/tasks/main.yml_(IaC)_', 'matrix-docker-ansible-deploy/roles/custom/matrix-bot-postmoogle/tasks/main.yml_(IaC)_', 'matrix-docker-ansible-deploy/roles/custom/matrix-bridge-appservice-discord/tasks/main.yml_(IaC)_', 'matrix-docker-ansible-deploy/roles/custom/matrix-bridge-appservice-discord/tasks/setup_install.yml_(IaC)_', 'matrix-docker-ansible-deploy/roles/custom/matrix-bridge-appservice-irc/tasks/main.yml_(IaC)_', 'matrix-docker-ansible-deploy/roles/custom/matrix-bridge-appservice-irc/tasks/setup_install.yml_(IaC)_', 'matrix-docker-ansible-deploy/roles/custom/matrix-bridge-appservice-kakaotalk/tasks/main.yml_(IaC)_', 'matrix-docker-ansible-deploy/roles/custom/matrix-bridge-appservice-slack/tasks/main.yml_(IaC)_', 'matrix-docker-ansible-deploy/roles/custom/matrix-bridge-appservice-webhooks/tasks/main.yml_(IaC)_', 'matrix-docker-ansible-deploy/roles/custom/matrix-bridge-beeper-linkedin/tasks/main.yml_(IaC)_', 'matrix-docker-ansible-deploy/roles/custom/matrix-bridge-go-skype-bridge/tasks/main.yml_(IaC)_', 'matrix-docker-ansible-deploy/roles/custom/matrix-bridge-go-skype-bridge/tasks/setup_install.yml_(IaC)_', 'matrix-docker-ansible-deploy/roles/custom/matrix-bridge-heisenbridge/tasks/main.yml_(IaC)_', 'matrix-docker-ansible-deploy/roles/custom/matrix-bridge-hookshot/defaults/main.yml_(Other)_', 'matrix-docker-ansible-deploy/roles/custom/matrix-bridge-hookshot/tasks/main.yml_(IaC)_', 'matrix-docker-ansible-deploy/roles/custom/matrix-bridge-hookshot/tasks/setup_install.yml_(IaC)_', 'matrix-docker-ansible-deploy/roles/custom/matrix-bridge-mautrix-discord/tasks/main.yml_(IaC)_', 'matrix-docker-ansible-deploy/roles/custom/matrix-bridge-mautrix-facebook/tasks/main.yml_(IaC)_', 'matrix-docker-ansible-deploy/roles/custom/matrix-bridge-mautrix-facebook/tasks/setup_install.yml_(IaC)_', 'matrix-docker-ansible-deploy/roles/custom/matrix-bridge-mautrix-googlechat/tasks/main.yml_(IaC)_', 'matrix-docker-ansible-deploy/roles/custom/matrix-bridge-mautrix-hangouts/tasks/main.yml_(IaC)_', 'matrix-docker-ansible-deploy/roles/custom/matrix-bridge-mautrix-hangouts/tasks/setup_install.yml_(IaC)_', 'matrix-docker-ansible-deploy/roles/custom/matrix-bridge-mautrix-instagram/tasks/main.yml_(IaC)_', 'matrix-docker-ansible-deploy/roles/custom/matrix-bridge-mautrix-signal/tasks/main.yml_(IaC)_', 'matrix-docker-ansible-deploy/roles/custom/matrix-bridge-mautrix-slack/tasks/main.yml_(IaC)_', 'matrix-docker-ansible-deploy/roles/custom/matrix-bridge-mautrix-telegram/tasks/main.yml_(IaC)_', 'matrix-docker-ansible-deploy/roles/custom/matrix-bridge-mautrix-telegram/tasks/setup_install.yml_(IaC)_', 'matrix-docker-ansible-deploy/roles/custom/matrix-bridge-mautrix-twitter/tasks/main.yml_(IaC)_', 'matrix-docker-ansible-deploy/roles/custom/matrix-bridge-mautrix-whatsapp/tasks/main.yml_(IaC)_', 'matrix-docker-ansible-deploy/roles/custom/matrix-bridge-mautrix-whatsapp/tasks/setup_install.yml_(IaC)_', 'matrix-docker-ansible-deploy/roles/custom/matrix-bridge-mx-puppet-discord/tasks/main.yml_(IaC)_', 'matrix-docker-ansible-deploy/roles/custom/matrix-bridge-mx-puppet-groupme/tasks/main.yml_(IaC)_', 'matrix-docker-ansible-deploy/roles/custom/matrix-bridge-mx-puppet-groupme/tasks/setup_install.yml_(IaC)_', 'matrix-docker-ansible-deploy/roles/custom/matrix-bridge-mx-puppet-instagram/tasks/main.yml_(IaC)_', 'matrix-docker-ansible-deploy/roles/custom/matrix-bridge-mx-puppet-slack/tasks/main.yml_(IaC)_', 'matrix-docker-ansible-deploy/roles/custom/matrix-bridge-mx-puppet-slack/tasks/setup_install.yml_(IaC)_', 'matrix-docker-ansible-deploy/roles/custom/matrix-bridge-mx-puppet-steam/tasks/main.yml_(IaC)_', 'matrix-docker-ansible-deploy/roles/custom/matrix-bridge-mx-puppet-steam/tasks/setup_install.yml_(IaC)_', 'matrix-docker-ansible-deploy/roles/custom/matrix-bridge-mx-puppet-twitter/tasks/main.yml_(IaC)_', 'matrix-docker-ansible-deploy/roles/custom/matrix-bridge-mx-puppet-twitter/tasks/setup_install.yml_(IaC)_', 'matrix-docker-ansible-deploy/roles/custom/matrix-bridge-sms/tasks/main.yml_(IaC)_', 'matrix-docker-ansible-deploy/roles/custom/matrix-cactus-comments/tasks/main.yml_(IaC)_', 'matrix-docker-ansible-deploy/roles/custom/matrix-client-cinny/tasks/main.yml_(IaC)_', 'matrix-docker-ansible-deploy/roles/custom/matrix-client-element/tasks/main.yml_(IaC)_', 'matrix-docker-ansible-deploy/roles/custom/matrix-client-element/tasks/setup_install.yml_(IaC)_', 'matrix-docker-ansible-deploy/roles/custom/matrix-client-hydrogen/tasks/main.yml_(IaC)_', 'matrix-docker-ansible-deploy/roles/custom/matrix-common-after/tasks/main.yml_(IaC)_', 'matrix-docker-ansible-deploy/roles/custom/matrix-conduit/tasks/main.yml_(IaC)_', 'matrix-docker-ansible-deploy/roles/custom/matrix-corporal/tasks/main.yml_(IaC)_', 'matrix-docker-ansible-deploy/roles/custom/matrix-coturn/tasks/main.yml_(IaC)_', 'matrix-docker-ansible-deploy/roles/custom/matrix-coturn/tasks/setup_install.yml_(IaC)_', 'matrix-docker-ansible-deploy/roles/custom/matrix-dendrite/tasks/main.yml_(IaC)_', 'matrix-docker-ansible-deploy/roles/custom/matrix-dendrite/tasks/setup_install.yml_(IaC)_', 'matrix-docker-ansible-deploy/roles/custom/matrix-dimension/tasks/main.yml_(IaC)_', 'matrix-docker-ansible-deploy/roles/custom/matrix-dynamic-dns/tasks/main.yml_(IaC)_', 'matrix-docker-ansible-deploy/roles/custom/matrix-email2matrix/tasks/main.yml_(IaC)_', 'matrix-docker-ansible-deploy/roles/custom/matrix-jitsi/tasks/main.yml_(IaC)_', 'matrix-docker-ansible-deploy/roles/custom/matrix-jitsi/tasks/util/setup_jitsi_auth_uvs_install.yml_(IaC)_', 'matrix-docker-ansible-deploy/roles/custom/matrix-ldap-registration-proxy/tasks/main.yml_(IaC)_', 'matrix-docker-ansible-deploy/roles/custom/matrix-ma1sd/tasks/main.yml_(IaC)_', 'matrix-docker-ansible-deploy/roles/custom/matrix-ma1sd/tasks/setup_install.yml_(IaC)_', 'matrix-docker-ansible-deploy/roles/custom/matrix-mailer/tasks/main.yml_(IaC)_', 'matrix-docker-ansible-deploy/roles/custom/matrix-nginx-proxy/tasks/main.yml_(IaC)_', 'matrix-docker-ansible-deploy/roles/custom/matrix-nginx-proxy/tasks/ssl/setup_ssl_lets_encrypt_obtain_for_domain.yml_(IaC)_', 'matrix-docker-ansible-deploy/roles/custom/matrix-nginx-proxy/tasks/ssl/setup_ssl_self_signed_obtain_for_domain.yml_(IaC)_', 'matrix-docker-ansible-deploy/roles/custom/matrix-prometheus-nginxlog-exporter/tasks/main.yml_(IaC)_', 'matrix-docker-ansible-deploy/roles/custom/matrix-prometheus-services-proxy-connect/tasks/main.yml_(IaC)_', 'matrix-docker-ansible-deploy/roles/custom/matrix-prometheus/tasks/main.yml_(IaC)_', 'matrix-docker-ansible-deploy/roles/custom/matrix-rageshake/tasks/install.yml_(IaC)_', 'matrix-docker-ansible-deploy/roles/custom/matrix-rageshake/tasks/main.yml_(IaC)_', 'matrix-docker-ansible-deploy/roles/custom/matrix-registration/tasks/main.yml_(IaC)_', 'matrix-docker-ansible-deploy/roles/custom/matrix-sliding-sync/tasks/install.yml_(IaC)_', 'matrix-docker-ansible-deploy/roles/custom/matrix-sliding-sync/tasks/main.yml_(IaC)_', 'matrix-docker-ansible-deploy/roles/custom/matrix-sygnal/tasks/main.yml_(IaC)_', 'matrix-docker-ansible-deploy/roles/custom/matrix-synapse-admin/tasks/main.yml_(IaC)_', 'matrix-docker-ansible-deploy/roles/custom/matrix-synapse-reverse-proxy-companion/tasks/main.yml_(IaC)_', 'matrix-docker-ansible-deploy/roles/custom/matrix-synapse/tasks/ext/setup_install.yml_(IaC)_', 'matrix-docker-ansible-deploy/roles/custom/matrix-synapse/tasks/ext/setup_uninstall.yml_(IaC)_', 'matrix-docker-ansible-deploy/roles/custom/matrix-synapse/tasks/main.yml_(IaC)_', 'matrix-docker-ansible-deploy/roles/custom/matrix-synapse/tasks/setup_install.yml_(IaC)_', 'matrix-docker-ansible-deploy/roles/custom/matrix-synapse/tasks/setup_uninstall.yml_(IaC)_', 'matrix-docker-ansible-deploy/roles/custom/matrix-synapse/tasks/synapse/setup_install.yml_(IaC)_', 'matrix-docker-ansible-deploy/roles/custom/matrix-user-creator/tasks/main.yml_(IaC)_', 'matrix-docker-ansible-deploy/roles/custom/matrix-user-verification-service/tasks/main.yml_(IaC)_', 'matrix-docker-ansible-deploy/roles/custom/matrix_playbook_migration/tasks/main.yml_(IaC)_']]",['dddfee16bc852fc989b057bd1867f0e85825846d'],[0.6666666666666666],[0.020618556701030927],[0.04],[1],[0.5]
