NB_recommended_files,Best_solution,Recommended_files,Co_modified_files,Commits_hash,PRECISION,RECALL,FSCORE,SUCCESS_RATE,MRR
[1],"[[349, 376, 247, 378, 230, 379, 225, 234, 65, 98, 87, 79, 253, 66, 377, 631, 595]]","[['puppet-tripleo/manifests/profile/base/neutron/metadata.pp_(IaC)_', 'puppet-tripleo/manifests/profile/base/neutron/agents/mlnx.pp_(IaC)_', 'puppet-tripleo/manifests/profile/base/placement.pp_(IaC)_', 'puppet-tripleo/manifests/profile/base/neutron/agents/bagpipe.pp_(IaC)_', 'puppet-tripleo/manifests/profile/base/gnocchi.pp_(IaC)_', 'puppet-tripleo/manifests/profile/base/neutron/agents/l2gw.pp_(IaC)_', 'puppet-tripleo/manifests/profile/base/neutron.pp_(IaC)_', 'puppet-tripleo/manifests/profile/base/barbican.pp_(IaC)_', 'puppet-tripleo/spec/classes/tripleo_profile_base_neutron_l3_spec.rb_(Other)_', 'puppet-tripleo/spec/classes/tripleo_profile_base_neutron_server_spec.rb_(Other)_', 'puppet-tripleo/spec/classes/tripleo_profile_base_neutron_ovs_spec.rb_(Other)_', 'puppet-tripleo/spec/classes/tripleo_profile_base_neutron_dhcp_spec.rb_(Other)_', 'puppet-tripleo/manifests/profile/base/cinder/backup.pp_(IaC)_', 'puppet-tripleo/spec/classes/tripleo_profile_base_neutron_spec.rb_(Other)_', 'puppet-tripleo/manifests/profile/base/neutron/agents/networking_baremetal.pp_(IaC)_', 'puppet-tripleo/releasenotes/notes/add-neutron-tls-8d020c63f14408d0.yaml_(Other)_', 'puppet-tripleo/releasenotes/notes/calculate-dhcp-agents-per-network-3089c5e7b15f8b7b.yaml_(Other)_']]","[['puppet-tripleo/manifests/profile/base/neutron.pp_(IaC)_', 'puppet-tripleo/manifests/profile/base/neutron/agents/bagpipe.pp_(IaC)_', 'puppet-tripleo/manifests/profile/base/neutron/agents/l2gw.pp_(IaC)_', 'puppet-tripleo/manifests/profile/base/neutron/agents/networking_baremetal.pp_(IaC)_', 'puppet-tripleo/manifests/profile/base/neutron/agents/nuage.pp_(IaC)_', 'puppet-tripleo/manifests/profile/base/neutron/agents/ovn.pp_(IaC)_', 'puppet-tripleo/manifests/profile/base/neutron/agents/vpp.pp_(IaC)_', 'puppet-tripleo/manifests/profile/base/neutron/authtoken.pp_(IaC)_', 'puppet-tripleo/manifests/profile/base/neutron/bgpvpn.pp_(IaC)_', 'puppet-tripleo/manifests/profile/base/neutron/dhcp.pp_(IaC)_', 'puppet-tripleo/manifests/profile/base/neutron/dhcp_agent_wrappers.pp_(IaC)_', 'puppet-tripleo/manifests/profile/base/neutron/l2gw.pp_(IaC)_', 'puppet-tripleo/manifests/profile/base/neutron/l3.pp_(IaC)_', 'puppet-tripleo/manifests/profile/base/neutron/l3_agent_wrappers.pp_(IaC)_', 'puppet-tripleo/manifests/profile/base/neutron/linuxbridge.pp_(IaC)_', 'puppet-tripleo/manifests/profile/base/neutron/metadata.pp_(IaC)_', 'puppet-tripleo/manifests/profile/base/neutron/ovn_metadata.pp_(IaC)_', 'puppet-tripleo/manifests/profile/base/neutron/ovn_metadata_agent_wrappers.pp_(IaC)_', 'puppet-tripleo/manifests/profile/base/neutron/ovn_northd.pp_(IaC)_', 'puppet-tripleo/manifests/profile/base/neutron/ovs.pp_(IaC)_', 'puppet-tripleo/manifests/profile/base/neutron/plugins/ml2.pp_(IaC)_', 'puppet-tripleo/manifests/profile/base/neutron/plugins/ml2/bagpipe.pp_(IaC)_', 'puppet-tripleo/manifests/profile/base/neutron/plugins/ml2/networking_ansible.pp_(IaC)_', 'puppet-tripleo/manifests/profile/base/neutron/plugins/ml2/networking_baremetal.pp_(IaC)_', 'puppet-tripleo/manifests/profile/base/neutron/plugins/ml2/nuage.pp_(IaC)_', 'puppet-tripleo/manifests/profile/base/neutron/plugins/ml2/ovn.pp_(IaC)_', 'puppet-tripleo/manifests/profile/base/neutron/plugins/ml2/vpp.pp_(IaC)_', 'puppet-tripleo/manifests/profile/base/neutron/plugins/ml2/vts.pp_(IaC)_', 'puppet-tripleo/manifests/profile/base/neutron/plugins/nsx.pp_(IaC)_', 'puppet-tripleo/manifests/profile/base/neutron/plugins/opencontrail.pp_(IaC)_', 'puppet-tripleo/manifests/profile/base/neutron/server.pp_(IaC)_', 'puppet-tripleo/manifests/profile/base/neutron/sfc.pp_(IaC)_', 'puppet-tripleo/manifests/profile/base/neutron/sriov.pp_(IaC)_']]",['b52cf6a00f56e99e1007e4818b0e060f15677e54'],[1.0],[0.030303030303030304],[0.05882352941176471],[1],[1.0]
[1],"[[378, 377, 350, 87, 376, 78, 66, 98, 16, 349, 459, 79, 595, 379, 631, 65]]","[['puppet-tripleo/manifests/profile/base/neutron/agents/bagpipe.pp_(IaC)_', 'puppet-tripleo/manifests/profile/base/neutron/agents/networking_baremetal.pp_(IaC)_', 'puppet-tripleo/manifests/profile/base/neutron/linuxbridge.pp_(IaC)_', 'puppet-tripleo/spec/classes/tripleo_profile_base_neutron_ovs_spec.rb_(Other)_', 'puppet-tripleo/manifests/profile/base/neutron/agents/mlnx.pp_(IaC)_', 'puppet-tripleo/spec/classes/tripleo_profile_base_neutron_ml2_vts_spec.rb_(Other)_', 'puppet-tripleo/spec/classes/tripleo_profile_base_neutron_spec.rb_(Other)_', 'puppet-tripleo/spec/classes/tripleo_profile_base_neutron_server_spec.rb_(Other)_', 'puppet-tripleo/spec/classes/tripleo_profile_base_neutron_authtoken_spec.rb_(Other)_', 'puppet-tripleo/manifests/profile/base/neutron/metadata.pp_(IaC)_', 'puppet-tripleo/releasenotes/notes/neutron-bigswitch-agent-profile-1250bb1518199a67.yaml_(Other)_', 'puppet-tripleo/spec/classes/tripleo_profile_base_neutron_dhcp_spec.rb_(Other)_', 'puppet-tripleo/releasenotes/notes/calculate-dhcp-agents-per-network-3089c5e7b15f8b7b.yaml_(Other)_', 'puppet-tripleo/manifests/profile/base/neutron/agents/l2gw.pp_(IaC)_', 'puppet-tripleo/releasenotes/notes/add-neutron-tls-8d020c63f14408d0.yaml_(Other)_', 'puppet-tripleo/spec/classes/tripleo_profile_base_neutron_l3_spec.rb_(Other)_']]","[['puppet-tripleo/manifests/profile/base/neutron.pp_(IaC)_', 'puppet-tripleo/manifests/profile/base/neutron/agents/bagpipe.pp_(IaC)_', 'puppet-tripleo/manifests/profile/base/neutron/agents/l2gw.pp_(IaC)_', 'puppet-tripleo/manifests/profile/base/neutron/agents/networking_baremetal.pp_(IaC)_', 'puppet-tripleo/manifests/profile/base/neutron/agents/nuage.pp_(IaC)_', 'puppet-tripleo/manifests/profile/base/neutron/agents/ovn.pp_(IaC)_', 'puppet-tripleo/manifests/profile/base/neutron/agents/vpp.pp_(IaC)_', 'puppet-tripleo/manifests/profile/base/neutron/authtoken.pp_(IaC)_', 'puppet-tripleo/manifests/profile/base/neutron/bgpvpn.pp_(IaC)_', 'puppet-tripleo/manifests/profile/base/neutron/dhcp.pp_(IaC)_', 'puppet-tripleo/manifests/profile/base/neutron/dhcp_agent_wrappers.pp_(IaC)_', 'puppet-tripleo/manifests/profile/base/neutron/l2gw.pp_(IaC)_', 'puppet-tripleo/manifests/profile/base/neutron/l3.pp_(IaC)_', 'puppet-tripleo/manifests/profile/base/neutron/l3_agent_wrappers.pp_(IaC)_', 'puppet-tripleo/manifests/profile/base/neutron/linuxbridge.pp_(IaC)_', 'puppet-tripleo/manifests/profile/base/neutron/metadata.pp_(IaC)_', 'puppet-tripleo/manifests/profile/base/neutron/ovn_metadata.pp_(IaC)_', 'puppet-tripleo/manifests/profile/base/neutron/ovn_metadata_agent_wrappers.pp_(IaC)_', 'puppet-tripleo/manifests/profile/base/neutron/ovn_northd.pp_(IaC)_', 'puppet-tripleo/manifests/profile/base/neutron/ovs.pp_(IaC)_', 'puppet-tripleo/manifests/profile/base/neutron/plugins/ml2.pp_(IaC)_', 'puppet-tripleo/manifests/profile/base/neutron/plugins/ml2/bagpipe.pp_(IaC)_', 'puppet-tripleo/manifests/profile/base/neutron/plugins/ml2/networking_ansible.pp_(IaC)_', 'puppet-tripleo/manifests/profile/base/neutron/plugins/ml2/networking_baremetal.pp_(IaC)_', 'puppet-tripleo/manifests/profile/base/neutron/plugins/ml2/nuage.pp_(IaC)_', 'puppet-tripleo/manifests/profile/base/neutron/plugins/ml2/ovn.pp_(IaC)_', 'puppet-tripleo/manifests/profile/base/neutron/plugins/ml2/vpp.pp_(IaC)_', 'puppet-tripleo/manifests/profile/base/neutron/plugins/ml2/vts.pp_(IaC)_', 'puppet-tripleo/manifests/profile/base/neutron/plugins/nsx.pp_(IaC)_', 'puppet-tripleo/manifests/profile/base/neutron/plugins/opencontrail.pp_(IaC)_', 'puppet-tripleo/manifests/profile/base/neutron/server.pp_(IaC)_', 'puppet-tripleo/manifests/profile/base/neutron/sfc.pp_(IaC)_', 'puppet-tripleo/manifests/profile/base/neutron/sriov.pp_(IaC)_']]",['b52cf6a00f56e99e1007e4818b0e060f15677e54'],[1.0],[0.030303030303030304],[0.05882352941176471],[1],[1.0]
[1],"[[379, 230, 234, 253, 66, 98, 65, 631, 79, 247, 257, 225, 376, 611, 595, 543, 644, 473, 378, 459]]","[['puppet-tripleo/manifests/profile/base/neutron/agents/l2gw.pp_(IaC)_', 'puppet-tripleo/manifests/profile/base/gnocchi.pp_(IaC)_', 'puppet-tripleo/manifests/profile/base/barbican.pp_(IaC)_', 'puppet-tripleo/manifests/profile/base/cinder/backup.pp_(IaC)_', 'puppet-tripleo/spec/classes/tripleo_profile_base_neutron_spec.rb_(Other)_', 'puppet-tripleo/spec/classes/tripleo_profile_base_neutron_server_spec.rb_(Other)_', 'puppet-tripleo/spec/classes/tripleo_profile_base_neutron_l3_spec.rb_(Other)_', 'puppet-tripleo/releasenotes/notes/add-neutron-tls-8d020c63f14408d0.yaml_(Other)_', 'puppet-tripleo/spec/classes/tripleo_profile_base_neutron_dhcp_spec.rb_(Other)_', 'puppet-tripleo/manifests/profile/base/placement.pp_(IaC)_', 'puppet-tripleo/manifests/profile/base/cinder/scheduler.pp_(IaC)_', 'puppet-tripleo/manifests/profile/base/neutron.pp_(IaC)_', 'puppet-tripleo/manifests/profile/base/neutron/agents/mlnx.pp_(IaC)_', 'puppet-tripleo/releasenotes/notes/fix-neutron-cert-perms-4a034bb516be6f9f.yaml_(Other)_', 'puppet-tripleo/releasenotes/notes/calculate-dhcp-agents-per-network-3089c5e7b15f8b7b.yaml_(Other)_', 'puppet-tripleo/releasenotes/notes/fix-sriov-neutron-base-3e32bd667886c474.yaml_(Other)_', 'puppet-tripleo/releasenotes/notes/vpp-ml2-9c1321fa30f3b172.yaml_(Other)_', 'puppet-tripleo/releasenotes/notes/split-up-neutron-lbaas-f0c248220ed872cd.yaml_(Other)_', 'puppet-tripleo/manifests/profile/base/neutron/agents/bagpipe.pp_(IaC)_', 'puppet-tripleo/releasenotes/notes/neutron-bigswitch-agent-profile-1250bb1518199a67.yaml_(Other)_']]","[['puppet-tripleo/manifests/profile/base/neutron.pp_(IaC)_', 'puppet-tripleo/manifests/profile/base/neutron/agents/bagpipe.pp_(IaC)_', 'puppet-tripleo/manifests/profile/base/neutron/agents/l2gw.pp_(IaC)_', 'puppet-tripleo/manifests/profile/base/neutron/agents/networking_baremetal.pp_(IaC)_', 'puppet-tripleo/manifests/profile/base/neutron/agents/nuage.pp_(IaC)_', 'puppet-tripleo/manifests/profile/base/neutron/agents/ovn.pp_(IaC)_', 'puppet-tripleo/manifests/profile/base/neutron/agents/vpp.pp_(IaC)_', 'puppet-tripleo/manifests/profile/base/neutron/authtoken.pp_(IaC)_', 'puppet-tripleo/manifests/profile/base/neutron/bgpvpn.pp_(IaC)_', 'puppet-tripleo/manifests/profile/base/neutron/dhcp.pp_(IaC)_', 'puppet-tripleo/manifests/profile/base/neutron/dhcp_agent_wrappers.pp_(IaC)_', 'puppet-tripleo/manifests/profile/base/neutron/l2gw.pp_(IaC)_', 'puppet-tripleo/manifests/profile/base/neutron/l3.pp_(IaC)_', 'puppet-tripleo/manifests/profile/base/neutron/l3_agent_wrappers.pp_(IaC)_', 'puppet-tripleo/manifests/profile/base/neutron/linuxbridge.pp_(IaC)_', 'puppet-tripleo/manifests/profile/base/neutron/metadata.pp_(IaC)_', 'puppet-tripleo/manifests/profile/base/neutron/ovn_metadata.pp_(IaC)_', 'puppet-tripleo/manifests/profile/base/neutron/ovn_metadata_agent_wrappers.pp_(IaC)_', 'puppet-tripleo/manifests/profile/base/neutron/ovn_northd.pp_(IaC)_', 'puppet-tripleo/manifests/profile/base/neutron/ovs.pp_(IaC)_', 'puppet-tripleo/manifests/profile/base/neutron/plugins/ml2.pp_(IaC)_', 'puppet-tripleo/manifests/profile/base/neutron/plugins/ml2/bagpipe.pp_(IaC)_', 'puppet-tripleo/manifests/profile/base/neutron/plugins/ml2/networking_ansible.pp_(IaC)_', 'puppet-tripleo/manifests/profile/base/neutron/plugins/ml2/networking_baremetal.pp_(IaC)_', 'puppet-tripleo/manifests/profile/base/neutron/plugins/ml2/nuage.pp_(IaC)_', 'puppet-tripleo/manifests/profile/base/neutron/plugins/ml2/ovn.pp_(IaC)_', 'puppet-tripleo/manifests/profile/base/neutron/plugins/ml2/vpp.pp_(IaC)_', 'puppet-tripleo/manifests/profile/base/neutron/plugins/ml2/vts.pp_(IaC)_', 'puppet-tripleo/manifests/profile/base/neutron/plugins/nsx.pp_(IaC)_', 'puppet-tripleo/manifests/profile/base/neutron/plugins/opencontrail.pp_(IaC)_', 'puppet-tripleo/manifests/profile/base/neutron/server.pp_(IaC)_', 'puppet-tripleo/manifests/profile/base/neutron/sfc.pp_(IaC)_', 'puppet-tripleo/manifests/profile/base/neutron/sriov.pp_(IaC)_']]",['b52cf6a00f56e99e1007e4818b0e060f15677e54'],[1.0],[0.030303030303030304],[0.05882352941176471],[1],[1.0]
[1],"[[349, 378, 350, 225, 379, 377, 16, 79, 66, 87, 65, 98, 473, 234, 376, 543, 459, 78, 631, 483]]","[['puppet-tripleo/manifests/profile/base/neutron/metadata.pp_(IaC)_', 'puppet-tripleo/manifests/profile/base/neutron/agents/bagpipe.pp_(IaC)_', 'puppet-tripleo/manifests/profile/base/neutron/linuxbridge.pp_(IaC)_', 'puppet-tripleo/manifests/profile/base/neutron.pp_(IaC)_', 'puppet-tripleo/manifests/profile/base/neutron/agents/l2gw.pp_(IaC)_', 'puppet-tripleo/manifests/profile/base/neutron/agents/networking_baremetal.pp_(IaC)_', 'puppet-tripleo/spec/classes/tripleo_profile_base_neutron_authtoken_spec.rb_(Other)_', 'puppet-tripleo/spec/classes/tripleo_profile_base_neutron_dhcp_spec.rb_(Other)_', 'puppet-tripleo/spec/classes/tripleo_profile_base_neutron_spec.rb_(Other)_', 'puppet-tripleo/spec/classes/tripleo_profile_base_neutron_ovs_spec.rb_(Other)_', 'puppet-tripleo/spec/classes/tripleo_profile_base_neutron_l3_spec.rb_(Other)_', 'puppet-tripleo/spec/classes/tripleo_profile_base_neutron_server_spec.rb_(Other)_', 'puppet-tripleo/releasenotes/notes/split-up-neutron-lbaas-f0c248220ed872cd.yaml_(Other)_', 'puppet-tripleo/manifests/profile/base/barbican.pp_(IaC)_', 'puppet-tripleo/manifests/profile/base/neutron/agents/mlnx.pp_(IaC)_', 'puppet-tripleo/releasenotes/notes/fix-sriov-neutron-base-3e32bd667886c474.yaml_(Other)_', 'puppet-tripleo/releasenotes/notes/neutron-bigswitch-agent-profile-1250bb1518199a67.yaml_(Other)_', 'puppet-tripleo/spec/classes/tripleo_profile_base_neutron_ml2_vts_spec.rb_(Other)_', 'puppet-tripleo/releasenotes/notes/add-neutron-tls-8d020c63f14408d0.yaml_(Other)_', 'puppet-tripleo/releasenotes/notes/neutron_iptables-9ea317c73b79929d.yaml_(Other)_']]","[['puppet-tripleo/manifests/profile/base/neutron.pp_(IaC)_', 'puppet-tripleo/manifests/profile/base/neutron/agents/bagpipe.pp_(IaC)_', 'puppet-tripleo/manifests/profile/base/neutron/agents/l2gw.pp_(IaC)_', 'puppet-tripleo/manifests/profile/base/neutron/agents/networking_baremetal.pp_(IaC)_', 'puppet-tripleo/manifests/profile/base/neutron/agents/nuage.pp_(IaC)_', 'puppet-tripleo/manifests/profile/base/neutron/agents/ovn.pp_(IaC)_', 'puppet-tripleo/manifests/profile/base/neutron/agents/vpp.pp_(IaC)_', 'puppet-tripleo/manifests/profile/base/neutron/authtoken.pp_(IaC)_', 'puppet-tripleo/manifests/profile/base/neutron/bgpvpn.pp_(IaC)_', 'puppet-tripleo/manifests/profile/base/neutron/dhcp.pp_(IaC)_', 'puppet-tripleo/manifests/profile/base/neutron/dhcp_agent_wrappers.pp_(IaC)_', 'puppet-tripleo/manifests/profile/base/neutron/l2gw.pp_(IaC)_', 'puppet-tripleo/manifests/profile/base/neutron/l3.pp_(IaC)_', 'puppet-tripleo/manifests/profile/base/neutron/l3_agent_wrappers.pp_(IaC)_', 'puppet-tripleo/manifests/profile/base/neutron/linuxbridge.pp_(IaC)_', 'puppet-tripleo/manifests/profile/base/neutron/metadata.pp_(IaC)_', 'puppet-tripleo/manifests/profile/base/neutron/ovn_metadata.pp_(IaC)_', 'puppet-tripleo/manifests/profile/base/neutron/ovn_metadata_agent_wrappers.pp_(IaC)_', 'puppet-tripleo/manifests/profile/base/neutron/ovn_northd.pp_(IaC)_', 'puppet-tripleo/manifests/profile/base/neutron/ovs.pp_(IaC)_', 'puppet-tripleo/manifests/profile/base/neutron/plugins/ml2.pp_(IaC)_', 'puppet-tripleo/manifests/profile/base/neutron/plugins/ml2/bagpipe.pp_(IaC)_', 'puppet-tripleo/manifests/profile/base/neutron/plugins/ml2/networking_ansible.pp_(IaC)_', 'puppet-tripleo/manifests/profile/base/neutron/plugins/ml2/networking_baremetal.pp_(IaC)_', 'puppet-tripleo/manifests/profile/base/neutron/plugins/ml2/nuage.pp_(IaC)_', 'puppet-tripleo/manifests/profile/base/neutron/plugins/ml2/ovn.pp_(IaC)_', 'puppet-tripleo/manifests/profile/base/neutron/plugins/ml2/vpp.pp_(IaC)_', 'puppet-tripleo/manifests/profile/base/neutron/plugins/ml2/vts.pp_(IaC)_', 'puppet-tripleo/manifests/profile/base/neutron/plugins/nsx.pp_(IaC)_', 'puppet-tripleo/manifests/profile/base/neutron/plugins/opencontrail.pp_(IaC)_', 'puppet-tripleo/manifests/profile/base/neutron/server.pp_(IaC)_', 'puppet-tripleo/manifests/profile/base/neutron/sfc.pp_(IaC)_', 'puppet-tripleo/manifests/profile/base/neutron/sriov.pp_(IaC)_']]",['b52cf6a00f56e99e1007e4818b0e060f15677e54'],[1.0],[0.030303030303030304],[0.05882352941176471],[1],[1.0]
[1],"[[378, 98, 234, 377, 225, 65, 611, 66, 379, 543, 376, 459, 595, 631]]","[['puppet-tripleo/manifests/profile/base/neutron/agents/bagpipe.pp_(IaC)_', 'puppet-tripleo/spec/classes/tripleo_profile_base_neutron_server_spec.rb_(Other)_', 'puppet-tripleo/manifests/profile/base/barbican.pp_(IaC)_', 'puppet-tripleo/manifests/profile/base/neutron/agents/networking_baremetal.pp_(IaC)_', 'puppet-tripleo/manifests/profile/base/neutron.pp_(IaC)_', 'puppet-tripleo/spec/classes/tripleo_profile_base_neutron_l3_spec.rb_(Other)_', 'puppet-tripleo/releasenotes/notes/fix-neutron-cert-perms-4a034bb516be6f9f.yaml_(Other)_', 'puppet-tripleo/spec/classes/tripleo_profile_base_neutron_spec.rb_(Other)_', 'puppet-tripleo/manifests/profile/base/neutron/agents/l2gw.pp_(IaC)_', 'puppet-tripleo/releasenotes/notes/fix-sriov-neutron-base-3e32bd667886c474.yaml_(Other)_', 'puppet-tripleo/manifests/profile/base/neutron/agents/mlnx.pp_(IaC)_', 'puppet-tripleo/releasenotes/notes/neutron-bigswitch-agent-profile-1250bb1518199a67.yaml_(Other)_', 'puppet-tripleo/releasenotes/notes/calculate-dhcp-agents-per-network-3089c5e7b15f8b7b.yaml_(Other)_', 'puppet-tripleo/releasenotes/notes/add-neutron-tls-8d020c63f14408d0.yaml_(Other)_']]","[['puppet-tripleo/manifests/profile/base/neutron.pp_(IaC)_', 'puppet-tripleo/manifests/profile/base/neutron/agents/bagpipe.pp_(IaC)_', 'puppet-tripleo/manifests/profile/base/neutron/agents/l2gw.pp_(IaC)_', 'puppet-tripleo/manifests/profile/base/neutron/agents/networking_baremetal.pp_(IaC)_', 'puppet-tripleo/manifests/profile/base/neutron/agents/nuage.pp_(IaC)_', 'puppet-tripleo/manifests/profile/base/neutron/agents/ovn.pp_(IaC)_', 'puppet-tripleo/manifests/profile/base/neutron/agents/vpp.pp_(IaC)_', 'puppet-tripleo/manifests/profile/base/neutron/authtoken.pp_(IaC)_', 'puppet-tripleo/manifests/profile/base/neutron/bgpvpn.pp_(IaC)_', 'puppet-tripleo/manifests/profile/base/neutron/dhcp.pp_(IaC)_', 'puppet-tripleo/manifests/profile/base/neutron/dhcp_agent_wrappers.pp_(IaC)_', 'puppet-tripleo/manifests/profile/base/neutron/l2gw.pp_(IaC)_', 'puppet-tripleo/manifests/profile/base/neutron/l3.pp_(IaC)_', 'puppet-tripleo/manifests/profile/base/neutron/l3_agent_wrappers.pp_(IaC)_', 'puppet-tripleo/manifests/profile/base/neutron/linuxbridge.pp_(IaC)_', 'puppet-tripleo/manifests/profile/base/neutron/metadata.pp_(IaC)_', 'puppet-tripleo/manifests/profile/base/neutron/ovn_metadata.pp_(IaC)_', 'puppet-tripleo/manifests/profile/base/neutron/ovn_metadata_agent_wrappers.pp_(IaC)_', 'puppet-tripleo/manifests/profile/base/neutron/ovn_northd.pp_(IaC)_', 'puppet-tripleo/manifests/profile/base/neutron/ovs.pp_(IaC)_', 'puppet-tripleo/manifests/profile/base/neutron/plugins/ml2.pp_(IaC)_', 'puppet-tripleo/manifests/profile/base/neutron/plugins/ml2/bagpipe.pp_(IaC)_', 'puppet-tripleo/manifests/profile/base/neutron/plugins/ml2/networking_ansible.pp_(IaC)_', 'puppet-tripleo/manifests/profile/base/neutron/plugins/ml2/networking_baremetal.pp_(IaC)_', 'puppet-tripleo/manifests/profile/base/neutron/plugins/ml2/nuage.pp_(IaC)_', 'puppet-tripleo/manifests/profile/base/neutron/plugins/ml2/ovn.pp_(IaC)_', 'puppet-tripleo/manifests/profile/base/neutron/plugins/ml2/vpp.pp_(IaC)_', 'puppet-tripleo/manifests/profile/base/neutron/plugins/ml2/vts.pp_(IaC)_', 'puppet-tripleo/manifests/profile/base/neutron/plugins/nsx.pp_(IaC)_', 'puppet-tripleo/manifests/profile/base/neutron/plugins/opencontrail.pp_(IaC)_', 'puppet-tripleo/manifests/profile/base/neutron/server.pp_(IaC)_', 'puppet-tripleo/manifests/profile/base/neutron/sfc.pp_(IaC)_', 'puppet-tripleo/manifests/profile/base/neutron/sriov.pp_(IaC)_']]",['b52cf6a00f56e99e1007e4818b0e060f15677e54'],[1.0],[0.030303030303030304],[0.05882352941176471],[1],[1.0]
[1],"[[350, 234, 377, 378, 225, 349, 247, 376, 66, 98, 379, 459]]","[['puppet-tripleo/manifests/profile/base/neutron/linuxbridge.pp_(IaC)_', 'puppet-tripleo/manifests/profile/base/barbican.pp_(IaC)_', 'puppet-tripleo/manifests/profile/base/neutron/agents/networking_baremetal.pp_(IaC)_', 'puppet-tripleo/manifests/profile/base/neutron/agents/bagpipe.pp_(IaC)_', 'puppet-tripleo/manifests/profile/base/neutron.pp_(IaC)_', 'puppet-tripleo/manifests/profile/base/neutron/metadata.pp_(IaC)_', 'puppet-tripleo/manifests/profile/base/placement.pp_(IaC)_', 'puppet-tripleo/manifests/profile/base/neutron/agents/mlnx.pp_(IaC)_', 'puppet-tripleo/spec/classes/tripleo_profile_base_neutron_spec.rb_(Other)_', 'puppet-tripleo/spec/classes/tripleo_profile_base_neutron_server_spec.rb_(Other)_', 'puppet-tripleo/manifests/profile/base/neutron/agents/l2gw.pp_(IaC)_', 'puppet-tripleo/releasenotes/notes/neutron-bigswitch-agent-profile-1250bb1518199a67.yaml_(Other)_']]","[['puppet-tripleo/manifests/profile/base/neutron.pp_(IaC)_', 'puppet-tripleo/manifests/profile/base/neutron/agents/bagpipe.pp_(IaC)_', 'puppet-tripleo/manifests/profile/base/neutron/agents/l2gw.pp_(IaC)_', 'puppet-tripleo/manifests/profile/base/neutron/agents/networking_baremetal.pp_(IaC)_', 'puppet-tripleo/manifests/profile/base/neutron/agents/nuage.pp_(IaC)_', 'puppet-tripleo/manifests/profile/base/neutron/agents/ovn.pp_(IaC)_', 'puppet-tripleo/manifests/profile/base/neutron/agents/vpp.pp_(IaC)_', 'puppet-tripleo/manifests/profile/base/neutron/authtoken.pp_(IaC)_', 'puppet-tripleo/manifests/profile/base/neutron/bgpvpn.pp_(IaC)_', 'puppet-tripleo/manifests/profile/base/neutron/dhcp.pp_(IaC)_', 'puppet-tripleo/manifests/profile/base/neutron/dhcp_agent_wrappers.pp_(IaC)_', 'puppet-tripleo/manifests/profile/base/neutron/l2gw.pp_(IaC)_', 'puppet-tripleo/manifests/profile/base/neutron/l3.pp_(IaC)_', 'puppet-tripleo/manifests/profile/base/neutron/l3_agent_wrappers.pp_(IaC)_', 'puppet-tripleo/manifests/profile/base/neutron/linuxbridge.pp_(IaC)_', 'puppet-tripleo/manifests/profile/base/neutron/metadata.pp_(IaC)_', 'puppet-tripleo/manifests/profile/base/neutron/ovn_metadata.pp_(IaC)_', 'puppet-tripleo/manifests/profile/base/neutron/ovn_metadata_agent_wrappers.pp_(IaC)_', 'puppet-tripleo/manifests/profile/base/neutron/ovn_northd.pp_(IaC)_', 'puppet-tripleo/manifests/profile/base/neutron/ovs.pp_(IaC)_', 'puppet-tripleo/manifests/profile/base/neutron/plugins/ml2.pp_(IaC)_', 'puppet-tripleo/manifests/profile/base/neutron/plugins/ml2/bagpipe.pp_(IaC)_', 'puppet-tripleo/manifests/profile/base/neutron/plugins/ml2/networking_ansible.pp_(IaC)_', 'puppet-tripleo/manifests/profile/base/neutron/plugins/ml2/networking_baremetal.pp_(IaC)_', 'puppet-tripleo/manifests/profile/base/neutron/plugins/ml2/nuage.pp_(IaC)_', 'puppet-tripleo/manifests/profile/base/neutron/plugins/ml2/ovn.pp_(IaC)_', 'puppet-tripleo/manifests/profile/base/neutron/plugins/ml2/vpp.pp_(IaC)_', 'puppet-tripleo/manifests/profile/base/neutron/plugins/ml2/vts.pp_(IaC)_', 'puppet-tripleo/manifests/profile/base/neutron/plugins/nsx.pp_(IaC)_', 'puppet-tripleo/manifests/profile/base/neutron/plugins/opencontrail.pp_(IaC)_', 'puppet-tripleo/manifests/profile/base/neutron/server.pp_(IaC)_', 'puppet-tripleo/manifests/profile/base/neutron/sfc.pp_(IaC)_', 'puppet-tripleo/manifests/profile/base/neutron/sriov.pp_(IaC)_']]",['b52cf6a00f56e99e1007e4818b0e060f15677e54'],[1.0],[0.030303030303030304],[0.05882352941176471],[1],[1.0]
[1],"[[378, 379, 376, 234, 377, 65, 79, 66, 98, 87, 16, 459, 631, 349, 543]]","[['puppet-tripleo/manifests/profile/base/neutron/agents/bagpipe.pp_(IaC)_', 'puppet-tripleo/manifests/profile/base/neutron/agents/l2gw.pp_(IaC)_', 'puppet-tripleo/manifests/profile/base/neutron/agents/mlnx.pp_(IaC)_', 'puppet-tripleo/manifests/profile/base/barbican.pp_(IaC)_', 'puppet-tripleo/manifests/profile/base/neutron/agents/networking_baremetal.pp_(IaC)_', 'puppet-tripleo/spec/classes/tripleo_profile_base_neutron_l3_spec.rb_(Other)_', 'puppet-tripleo/spec/classes/tripleo_profile_base_neutron_dhcp_spec.rb_(Other)_', 'puppet-tripleo/spec/classes/tripleo_profile_base_neutron_spec.rb_(Other)_', 'puppet-tripleo/spec/classes/tripleo_profile_base_neutron_server_spec.rb_(Other)_', 'puppet-tripleo/spec/classes/tripleo_profile_base_neutron_ovs_spec.rb_(Other)_', 'puppet-tripleo/spec/classes/tripleo_profile_base_neutron_authtoken_spec.rb_(Other)_', 'puppet-tripleo/releasenotes/notes/neutron-bigswitch-agent-profile-1250bb1518199a67.yaml_(Other)_', 'puppet-tripleo/releasenotes/notes/add-neutron-tls-8d020c63f14408d0.yaml_(Other)_', 'puppet-tripleo/manifests/profile/base/neutron/metadata.pp_(IaC)_', 'puppet-tripleo/releasenotes/notes/fix-sriov-neutron-base-3e32bd667886c474.yaml_(Other)_']]","[['puppet-tripleo/manifests/profile/base/neutron.pp_(IaC)_', 'puppet-tripleo/manifests/profile/base/neutron/agents/bagpipe.pp_(IaC)_', 'puppet-tripleo/manifests/profile/base/neutron/agents/l2gw.pp_(IaC)_', 'puppet-tripleo/manifests/profile/base/neutron/agents/networking_baremetal.pp_(IaC)_', 'puppet-tripleo/manifests/profile/base/neutron/agents/nuage.pp_(IaC)_', 'puppet-tripleo/manifests/profile/base/neutron/agents/ovn.pp_(IaC)_', 'puppet-tripleo/manifests/profile/base/neutron/agents/vpp.pp_(IaC)_', 'puppet-tripleo/manifests/profile/base/neutron/authtoken.pp_(IaC)_', 'puppet-tripleo/manifests/profile/base/neutron/bgpvpn.pp_(IaC)_', 'puppet-tripleo/manifests/profile/base/neutron/dhcp.pp_(IaC)_', 'puppet-tripleo/manifests/profile/base/neutron/dhcp_agent_wrappers.pp_(IaC)_', 'puppet-tripleo/manifests/profile/base/neutron/l2gw.pp_(IaC)_', 'puppet-tripleo/manifests/profile/base/neutron/l3.pp_(IaC)_', 'puppet-tripleo/manifests/profile/base/neutron/l3_agent_wrappers.pp_(IaC)_', 'puppet-tripleo/manifests/profile/base/neutron/linuxbridge.pp_(IaC)_', 'puppet-tripleo/manifests/profile/base/neutron/metadata.pp_(IaC)_', 'puppet-tripleo/manifests/profile/base/neutron/ovn_metadata.pp_(IaC)_', 'puppet-tripleo/manifests/profile/base/neutron/ovn_metadata_agent_wrappers.pp_(IaC)_', 'puppet-tripleo/manifests/profile/base/neutron/ovn_northd.pp_(IaC)_', 'puppet-tripleo/manifests/profile/base/neutron/ovs.pp_(IaC)_', 'puppet-tripleo/manifests/profile/base/neutron/plugins/ml2.pp_(IaC)_', 'puppet-tripleo/manifests/profile/base/neutron/plugins/ml2/bagpipe.pp_(IaC)_', 'puppet-tripleo/manifests/profile/base/neutron/plugins/ml2/networking_ansible.pp_(IaC)_', 'puppet-tripleo/manifests/profile/base/neutron/plugins/ml2/networking_baremetal.pp_(IaC)_', 'puppet-tripleo/manifests/profile/base/neutron/plugins/ml2/nuage.pp_(IaC)_', 'puppet-tripleo/manifests/profile/base/neutron/plugins/ml2/ovn.pp_(IaC)_', 'puppet-tripleo/manifests/profile/base/neutron/plugins/ml2/vpp.pp_(IaC)_', 'puppet-tripleo/manifests/profile/base/neutron/plugins/ml2/vts.pp_(IaC)_', 'puppet-tripleo/manifests/profile/base/neutron/plugins/nsx.pp_(IaC)_', 'puppet-tripleo/manifests/profile/base/neutron/plugins/opencontrail.pp_(IaC)_', 'puppet-tripleo/manifests/profile/base/neutron/server.pp_(IaC)_', 'puppet-tripleo/manifests/profile/base/neutron/sfc.pp_(IaC)_', 'puppet-tripleo/manifests/profile/base/neutron/sriov.pp_(IaC)_']]",['b52cf6a00f56e99e1007e4818b0e060f15677e54'],[1.0],[0.030303030303030304],[0.05882352941176471],[1],[1.0]
[1],"[[377, 358, 350, 347, 234, 225, 459, 98, 66, 378, 65, 349, 79, 376, 595, 473, 379, 631, 543]]","[['puppet-tripleo/manifests/profile/base/neutron/agents/networking_baremetal.pp_(IaC)_', 'puppet-tripleo/manifests/profile/base/neutron/sriov.pp_(IaC)_', 'puppet-tripleo/manifests/profile/base/neutron/linuxbridge.pp_(IaC)_', 'puppet-tripleo/manifests/profile/base/neutron/l3.pp_(IaC)_', 'puppet-tripleo/manifests/profile/base/barbican.pp_(IaC)_', 'puppet-tripleo/manifests/profile/base/neutron.pp_(IaC)_', 'puppet-tripleo/releasenotes/notes/neutron-bigswitch-agent-profile-1250bb1518199a67.yaml_(Other)_', 'puppet-tripleo/spec/classes/tripleo_profile_base_neutron_server_spec.rb_(Other)_', 'puppet-tripleo/spec/classes/tripleo_profile_base_neutron_spec.rb_(Other)_', 'puppet-tripleo/manifests/profile/base/neutron/agents/bagpipe.pp_(IaC)_', 'puppet-tripleo/spec/classes/tripleo_profile_base_neutron_l3_spec.rb_(Other)_', 'puppet-tripleo/manifests/profile/base/neutron/metadata.pp_(IaC)_', 'puppet-tripleo/spec/classes/tripleo_profile_base_neutron_dhcp_spec.rb_(Other)_', 'puppet-tripleo/manifests/profile/base/neutron/agents/mlnx.pp_(IaC)_', 'puppet-tripleo/releasenotes/notes/calculate-dhcp-agents-per-network-3089c5e7b15f8b7b.yaml_(Other)_', 'puppet-tripleo/releasenotes/notes/split-up-neutron-lbaas-f0c248220ed872cd.yaml_(Other)_', 'puppet-tripleo/manifests/profile/base/neutron/agents/l2gw.pp_(IaC)_', 'puppet-tripleo/releasenotes/notes/add-neutron-tls-8d020c63f14408d0.yaml_(Other)_', 'puppet-tripleo/releasenotes/notes/fix-sriov-neutron-base-3e32bd667886c474.yaml_(Other)_']]","[['puppet-tripleo/manifests/profile/base/neutron.pp_(IaC)_', 'puppet-tripleo/manifests/profile/base/neutron/agents/bagpipe.pp_(IaC)_', 'puppet-tripleo/manifests/profile/base/neutron/agents/l2gw.pp_(IaC)_', 'puppet-tripleo/manifests/profile/base/neutron/agents/networking_baremetal.pp_(IaC)_', 'puppet-tripleo/manifests/profile/base/neutron/agents/nuage.pp_(IaC)_', 'puppet-tripleo/manifests/profile/base/neutron/agents/ovn.pp_(IaC)_', 'puppet-tripleo/manifests/profile/base/neutron/agents/vpp.pp_(IaC)_', 'puppet-tripleo/manifests/profile/base/neutron/authtoken.pp_(IaC)_', 'puppet-tripleo/manifests/profile/base/neutron/bgpvpn.pp_(IaC)_', 'puppet-tripleo/manifests/profile/base/neutron/dhcp.pp_(IaC)_', 'puppet-tripleo/manifests/profile/base/neutron/dhcp_agent_wrappers.pp_(IaC)_', 'puppet-tripleo/manifests/profile/base/neutron/l2gw.pp_(IaC)_', 'puppet-tripleo/manifests/profile/base/neutron/l3.pp_(IaC)_', 'puppet-tripleo/manifests/profile/base/neutron/l3_agent_wrappers.pp_(IaC)_', 'puppet-tripleo/manifests/profile/base/neutron/linuxbridge.pp_(IaC)_', 'puppet-tripleo/manifests/profile/base/neutron/metadata.pp_(IaC)_', 'puppet-tripleo/manifests/profile/base/neutron/ovn_metadata.pp_(IaC)_', 'puppet-tripleo/manifests/profile/base/neutron/ovn_metadata_agent_wrappers.pp_(IaC)_', 'puppet-tripleo/manifests/profile/base/neutron/ovn_northd.pp_(IaC)_', 'puppet-tripleo/manifests/profile/base/neutron/ovs.pp_(IaC)_', 'puppet-tripleo/manifests/profile/base/neutron/plugins/ml2.pp_(IaC)_', 'puppet-tripleo/manifests/profile/base/neutron/plugins/ml2/bagpipe.pp_(IaC)_', 'puppet-tripleo/manifests/profile/base/neutron/plugins/ml2/networking_ansible.pp_(IaC)_', 'puppet-tripleo/manifests/profile/base/neutron/plugins/ml2/networking_baremetal.pp_(IaC)_', 'puppet-tripleo/manifests/profile/base/neutron/plugins/ml2/nuage.pp_(IaC)_', 'puppet-tripleo/manifests/profile/base/neutron/plugins/ml2/ovn.pp_(IaC)_', 'puppet-tripleo/manifests/profile/base/neutron/plugins/ml2/vpp.pp_(IaC)_', 'puppet-tripleo/manifests/profile/base/neutron/plugins/ml2/vts.pp_(IaC)_', 'puppet-tripleo/manifests/profile/base/neutron/plugins/nsx.pp_(IaC)_', 'puppet-tripleo/manifests/profile/base/neutron/plugins/opencontrail.pp_(IaC)_', 'puppet-tripleo/manifests/profile/base/neutron/server.pp_(IaC)_', 'puppet-tripleo/manifests/profile/base/neutron/sfc.pp_(IaC)_', 'puppet-tripleo/manifests/profile/base/neutron/sriov.pp_(IaC)_']]",['b52cf6a00f56e99e1007e4818b0e060f15677e54'],[1.0],[0.030303030303030304],[0.05882352941176471],[1],[1.0]
[1],"[[234, 66, 98, 65, 543, 87, 473, 459, 611, 378, 631, 79, 376, 595]]","[['puppet-tripleo/manifests/profile/base/barbican.pp_(IaC)_', 'puppet-tripleo/spec/classes/tripleo_profile_base_neutron_spec.rb_(Other)_', 'puppet-tripleo/spec/classes/tripleo_profile_base_neutron_server_spec.rb_(Other)_', 'puppet-tripleo/spec/classes/tripleo_profile_base_neutron_l3_spec.rb_(Other)_', 'puppet-tripleo/releasenotes/notes/fix-sriov-neutron-base-3e32bd667886c474.yaml_(Other)_', 'puppet-tripleo/spec/classes/tripleo_profile_base_neutron_ovs_spec.rb_(Other)_', 'puppet-tripleo/releasenotes/notes/split-up-neutron-lbaas-f0c248220ed872cd.yaml_(Other)_', 'puppet-tripleo/releasenotes/notes/neutron-bigswitch-agent-profile-1250bb1518199a67.yaml_(Other)_', 'puppet-tripleo/releasenotes/notes/fix-neutron-cert-perms-4a034bb516be6f9f.yaml_(Other)_', 'puppet-tripleo/manifests/profile/base/neutron/agents/bagpipe.pp_(IaC)_', 'puppet-tripleo/releasenotes/notes/add-neutron-tls-8d020c63f14408d0.yaml_(Other)_', 'puppet-tripleo/spec/classes/tripleo_profile_base_neutron_dhcp_spec.rb_(Other)_', 'puppet-tripleo/manifests/profile/base/neutron/agents/mlnx.pp_(IaC)_', 'puppet-tripleo/releasenotes/notes/calculate-dhcp-agents-per-network-3089c5e7b15f8b7b.yaml_(Other)_']]","[['puppet-tripleo/manifests/profile/base/neutron.pp_(IaC)_', 'puppet-tripleo/manifests/profile/base/neutron/agents/bagpipe.pp_(IaC)_', 'puppet-tripleo/manifests/profile/base/neutron/agents/l2gw.pp_(IaC)_', 'puppet-tripleo/manifests/profile/base/neutron/agents/networking_baremetal.pp_(IaC)_', 'puppet-tripleo/manifests/profile/base/neutron/agents/nuage.pp_(IaC)_', 'puppet-tripleo/manifests/profile/base/neutron/agents/ovn.pp_(IaC)_', 'puppet-tripleo/manifests/profile/base/neutron/agents/vpp.pp_(IaC)_', 'puppet-tripleo/manifests/profile/base/neutron/authtoken.pp_(IaC)_', 'puppet-tripleo/manifests/profile/base/neutron/bgpvpn.pp_(IaC)_', 'puppet-tripleo/manifests/profile/base/neutron/dhcp.pp_(IaC)_', 'puppet-tripleo/manifests/profile/base/neutron/dhcp_agent_wrappers.pp_(IaC)_', 'puppet-tripleo/manifests/profile/base/neutron/l2gw.pp_(IaC)_', 'puppet-tripleo/manifests/profile/base/neutron/l3.pp_(IaC)_', 'puppet-tripleo/manifests/profile/base/neutron/l3_agent_wrappers.pp_(IaC)_', 'puppet-tripleo/manifests/profile/base/neutron/linuxbridge.pp_(IaC)_', 'puppet-tripleo/manifests/profile/base/neutron/metadata.pp_(IaC)_', 'puppet-tripleo/manifests/profile/base/neutron/ovn_metadata.pp_(IaC)_', 'puppet-tripleo/manifests/profile/base/neutron/ovn_metadata_agent_wrappers.pp_(IaC)_', 'puppet-tripleo/manifests/profile/base/neutron/ovn_northd.pp_(IaC)_', 'puppet-tripleo/manifests/profile/base/neutron/ovs.pp_(IaC)_', 'puppet-tripleo/manifests/profile/base/neutron/plugins/ml2.pp_(IaC)_', 'puppet-tripleo/manifests/profile/base/neutron/plugins/ml2/bagpipe.pp_(IaC)_', 'puppet-tripleo/manifests/profile/base/neutron/plugins/ml2/networking_ansible.pp_(IaC)_', 'puppet-tripleo/manifests/profile/base/neutron/plugins/ml2/networking_baremetal.pp_(IaC)_', 'puppet-tripleo/manifests/profile/base/neutron/plugins/ml2/nuage.pp_(IaC)_', 'puppet-tripleo/manifests/profile/base/neutron/plugins/ml2/ovn.pp_(IaC)_', 'puppet-tripleo/manifests/profile/base/neutron/plugins/ml2/vpp.pp_(IaC)_', 'puppet-tripleo/manifests/profile/base/neutron/plugins/ml2/vts.pp_(IaC)_', 'puppet-tripleo/manifests/profile/base/neutron/plugins/nsx.pp_(IaC)_', 'puppet-tripleo/manifests/profile/base/neutron/plugins/opencontrail.pp_(IaC)_', 'puppet-tripleo/manifests/profile/base/neutron/server.pp_(IaC)_', 'puppet-tripleo/manifests/profile/base/neutron/sfc.pp_(IaC)_', 'puppet-tripleo/manifests/profile/base/neutron/sriov.pp_(IaC)_']]",['b52cf6a00f56e99e1007e4818b0e060f15677e54'],[0.0],[0.0],[0],[0],[0]
[1],"[[234, 225, 377, 253, 247, 376, 16, 65, 79, 611, 595, 98, 66, 644, 379, 378, 543, 631, 652]]","[['puppet-tripleo/manifests/profile/base/barbican.pp_(IaC)_', 'puppet-tripleo/manifests/profile/base/neutron.pp_(IaC)_', 'puppet-tripleo/manifests/profile/base/neutron/agents/networking_baremetal.pp_(IaC)_', 'puppet-tripleo/manifests/profile/base/cinder/backup.pp_(IaC)_', 'puppet-tripleo/manifests/profile/base/placement.pp_(IaC)_', 'puppet-tripleo/manifests/profile/base/neutron/agents/mlnx.pp_(IaC)_', 'puppet-tripleo/spec/classes/tripleo_profile_base_neutron_authtoken_spec.rb_(Other)_', 'puppet-tripleo/spec/classes/tripleo_profile_base_neutron_l3_spec.rb_(Other)_', 'puppet-tripleo/spec/classes/tripleo_profile_base_neutron_dhcp_spec.rb_(Other)_', 'puppet-tripleo/releasenotes/notes/fix-neutron-cert-perms-4a034bb516be6f9f.yaml_(Other)_', 'puppet-tripleo/releasenotes/notes/calculate-dhcp-agents-per-network-3089c5e7b15f8b7b.yaml_(Other)_', 'puppet-tripleo/spec/classes/tripleo_profile_base_neutron_server_spec.rb_(Other)_', 'puppet-tripleo/spec/classes/tripleo_profile_base_neutron_spec.rb_(Other)_', 'puppet-tripleo/releasenotes/notes/vpp-ml2-9c1321fa30f3b172.yaml_(Other)_', 'puppet-tripleo/manifests/profile/base/neutron/agents/l2gw.pp_(IaC)_', 'puppet-tripleo/manifests/profile/base/neutron/agents/bagpipe.pp_(IaC)_', 'puppet-tripleo/releasenotes/notes/fix-sriov-neutron-base-3e32bd667886c474.yaml_(Other)_', 'puppet-tripleo/releasenotes/notes/add-neutron-tls-8d020c63f14408d0.yaml_(Other)_', 'puppet-tripleo/releasenotes/notes/veritas-hyperscale-driver-profile-970b5cb72f9fdcba.yaml_(Other)_']]","[['puppet-tripleo/manifests/profile/base/neutron.pp_(IaC)_', 'puppet-tripleo/manifests/profile/base/neutron/agents/bagpipe.pp_(IaC)_', 'puppet-tripleo/manifests/profile/base/neutron/agents/l2gw.pp_(IaC)_', 'puppet-tripleo/manifests/profile/base/neutron/agents/networking_baremetal.pp_(IaC)_', 'puppet-tripleo/manifests/profile/base/neutron/agents/nuage.pp_(IaC)_', 'puppet-tripleo/manifests/profile/base/neutron/agents/ovn.pp_(IaC)_', 'puppet-tripleo/manifests/profile/base/neutron/agents/vpp.pp_(IaC)_', 'puppet-tripleo/manifests/profile/base/neutron/authtoken.pp_(IaC)_', 'puppet-tripleo/manifests/profile/base/neutron/bgpvpn.pp_(IaC)_', 'puppet-tripleo/manifests/profile/base/neutron/dhcp.pp_(IaC)_', 'puppet-tripleo/manifests/profile/base/neutron/dhcp_agent_wrappers.pp_(IaC)_', 'puppet-tripleo/manifests/profile/base/neutron/l2gw.pp_(IaC)_', 'puppet-tripleo/manifests/profile/base/neutron/l3.pp_(IaC)_', 'puppet-tripleo/manifests/profile/base/neutron/l3_agent_wrappers.pp_(IaC)_', 'puppet-tripleo/manifests/profile/base/neutron/linuxbridge.pp_(IaC)_', 'puppet-tripleo/manifests/profile/base/neutron/metadata.pp_(IaC)_', 'puppet-tripleo/manifests/profile/base/neutron/ovn_metadata.pp_(IaC)_', 'puppet-tripleo/manifests/profile/base/neutron/ovn_metadata_agent_wrappers.pp_(IaC)_', 'puppet-tripleo/manifests/profile/base/neutron/ovn_northd.pp_(IaC)_', 'puppet-tripleo/manifests/profile/base/neutron/ovs.pp_(IaC)_', 'puppet-tripleo/manifests/profile/base/neutron/plugins/ml2.pp_(IaC)_', 'puppet-tripleo/manifests/profile/base/neutron/plugins/ml2/bagpipe.pp_(IaC)_', 'puppet-tripleo/manifests/profile/base/neutron/plugins/ml2/networking_ansible.pp_(IaC)_', 'puppet-tripleo/manifests/profile/base/neutron/plugins/ml2/networking_baremetal.pp_(IaC)_', 'puppet-tripleo/manifests/profile/base/neutron/plugins/ml2/nuage.pp_(IaC)_', 'puppet-tripleo/manifests/profile/base/neutron/plugins/ml2/ovn.pp_(IaC)_', 'puppet-tripleo/manifests/profile/base/neutron/plugins/ml2/vpp.pp_(IaC)_', 'puppet-tripleo/manifests/profile/base/neutron/plugins/ml2/vts.pp_(IaC)_', 'puppet-tripleo/manifests/profile/base/neutron/plugins/nsx.pp_(IaC)_', 'puppet-tripleo/manifests/profile/base/neutron/plugins/opencontrail.pp_(IaC)_', 'puppet-tripleo/manifests/profile/base/neutron/server.pp_(IaC)_', 'puppet-tripleo/manifests/profile/base/neutron/sfc.pp_(IaC)_', 'puppet-tripleo/manifests/profile/base/neutron/sriov.pp_(IaC)_']]",['b52cf6a00f56e99e1007e4818b0e060f15677e54'],[0.0],[0.0],[0],[0],[0]
[1],"[[225, 379, 98, 66, 543, 631, 459, 376, 378, 234]]","[['puppet-tripleo/manifests/profile/base/neutron.pp_(IaC)_', 'puppet-tripleo/manifests/profile/base/neutron/agents/l2gw.pp_(IaC)_', 'puppet-tripleo/spec/classes/tripleo_profile_base_neutron_server_spec.rb_(Other)_', 'puppet-tripleo/spec/classes/tripleo_profile_base_neutron_spec.rb_(Other)_', 'puppet-tripleo/releasenotes/notes/fix-sriov-neutron-base-3e32bd667886c474.yaml_(Other)_', 'puppet-tripleo/releasenotes/notes/add-neutron-tls-8d020c63f14408d0.yaml_(Other)_', 'puppet-tripleo/releasenotes/notes/neutron-bigswitch-agent-profile-1250bb1518199a67.yaml_(Other)_', 'puppet-tripleo/manifests/profile/base/neutron/agents/mlnx.pp_(IaC)_', 'puppet-tripleo/manifests/profile/base/neutron/agents/bagpipe.pp_(IaC)_', 'puppet-tripleo/manifests/profile/base/barbican.pp_(IaC)_']]","[['puppet-tripleo/manifests/profile/base/neutron.pp_(IaC)_', 'puppet-tripleo/manifests/profile/base/neutron/agents/bagpipe.pp_(IaC)_', 'puppet-tripleo/manifests/profile/base/neutron/agents/l2gw.pp_(IaC)_', 'puppet-tripleo/manifests/profile/base/neutron/agents/networking_baremetal.pp_(IaC)_', 'puppet-tripleo/manifests/profile/base/neutron/agents/nuage.pp_(IaC)_', 'puppet-tripleo/manifests/profile/base/neutron/agents/ovn.pp_(IaC)_', 'puppet-tripleo/manifests/profile/base/neutron/agents/vpp.pp_(IaC)_', 'puppet-tripleo/manifests/profile/base/neutron/authtoken.pp_(IaC)_', 'puppet-tripleo/manifests/profile/base/neutron/bgpvpn.pp_(IaC)_', 'puppet-tripleo/manifests/profile/base/neutron/dhcp.pp_(IaC)_', 'puppet-tripleo/manifests/profile/base/neutron/dhcp_agent_wrappers.pp_(IaC)_', 'puppet-tripleo/manifests/profile/base/neutron/l2gw.pp_(IaC)_', 'puppet-tripleo/manifests/profile/base/neutron/l3.pp_(IaC)_', 'puppet-tripleo/manifests/profile/base/neutron/l3_agent_wrappers.pp_(IaC)_', 'puppet-tripleo/manifests/profile/base/neutron/linuxbridge.pp_(IaC)_', 'puppet-tripleo/manifests/profile/base/neutron/metadata.pp_(IaC)_', 'puppet-tripleo/manifests/profile/base/neutron/ovn_metadata.pp_(IaC)_', 'puppet-tripleo/manifests/profile/base/neutron/ovn_metadata_agent_wrappers.pp_(IaC)_', 'puppet-tripleo/manifests/profile/base/neutron/ovn_northd.pp_(IaC)_', 'puppet-tripleo/manifests/profile/base/neutron/ovs.pp_(IaC)_', 'puppet-tripleo/manifests/profile/base/neutron/plugins/ml2.pp_(IaC)_', 'puppet-tripleo/manifests/profile/base/neutron/plugins/ml2/bagpipe.pp_(IaC)_', 'puppet-tripleo/manifests/profile/base/neutron/plugins/ml2/networking_ansible.pp_(IaC)_', 'puppet-tripleo/manifests/profile/base/neutron/plugins/ml2/networking_baremetal.pp_(IaC)_', 'puppet-tripleo/manifests/profile/base/neutron/plugins/ml2/nuage.pp_(IaC)_', 'puppet-tripleo/manifests/profile/base/neutron/plugins/ml2/ovn.pp_(IaC)_', 'puppet-tripleo/manifests/profile/base/neutron/plugins/ml2/vpp.pp_(IaC)_', 'puppet-tripleo/manifests/profile/base/neutron/plugins/ml2/vts.pp_(IaC)_', 'puppet-tripleo/manifests/profile/base/neutron/plugins/nsx.pp_(IaC)_', 'puppet-tripleo/manifests/profile/base/neutron/plugins/opencontrail.pp_(IaC)_', 'puppet-tripleo/manifests/profile/base/neutron/server.pp_(IaC)_', 'puppet-tripleo/manifests/profile/base/neutron/sfc.pp_(IaC)_', 'puppet-tripleo/manifests/profile/base/neutron/sriov.pp_(IaC)_']]",['b52cf6a00f56e99e1007e4818b0e060f15677e54'],[1.0],[0.030303030303030304],[0.05882352941176471],[1],[1.0]
[1],"[[247, 376, 225, 66, 65, 98, 377, 631, 234, 378, 379]]","[['puppet-tripleo/manifests/profile/base/placement.pp_(IaC)_', 'puppet-tripleo/manifests/profile/base/neutron/agents/mlnx.pp_(IaC)_', 'puppet-tripleo/manifests/profile/base/neutron.pp_(IaC)_', 'puppet-tripleo/spec/classes/tripleo_profile_base_neutron_spec.rb_(Other)_', 'puppet-tripleo/spec/classes/tripleo_profile_base_neutron_l3_spec.rb_(Other)_', 'puppet-tripleo/spec/classes/tripleo_profile_base_neutron_server_spec.rb_(Other)_', 'puppet-tripleo/manifests/profile/base/neutron/agents/networking_baremetal.pp_(IaC)_', 'puppet-tripleo/releasenotes/notes/add-neutron-tls-8d020c63f14408d0.yaml_(Other)_', 'puppet-tripleo/manifests/profile/base/barbican.pp_(IaC)_', 'puppet-tripleo/manifests/profile/base/neutron/agents/bagpipe.pp_(IaC)_', 'puppet-tripleo/manifests/profile/base/neutron/agents/l2gw.pp_(IaC)_']]","[['puppet-tripleo/manifests/profile/base/neutron.pp_(IaC)_', 'puppet-tripleo/manifests/profile/base/neutron/agents/bagpipe.pp_(IaC)_', 'puppet-tripleo/manifests/profile/base/neutron/agents/l2gw.pp_(IaC)_', 'puppet-tripleo/manifests/profile/base/neutron/agents/networking_baremetal.pp_(IaC)_', 'puppet-tripleo/manifests/profile/base/neutron/agents/nuage.pp_(IaC)_', 'puppet-tripleo/manifests/profile/base/neutron/agents/ovn.pp_(IaC)_', 'puppet-tripleo/manifests/profile/base/neutron/agents/vpp.pp_(IaC)_', 'puppet-tripleo/manifests/profile/base/neutron/authtoken.pp_(IaC)_', 'puppet-tripleo/manifests/profile/base/neutron/bgpvpn.pp_(IaC)_', 'puppet-tripleo/manifests/profile/base/neutron/dhcp.pp_(IaC)_', 'puppet-tripleo/manifests/profile/base/neutron/dhcp_agent_wrappers.pp_(IaC)_', 'puppet-tripleo/manifests/profile/base/neutron/l2gw.pp_(IaC)_', 'puppet-tripleo/manifests/profile/base/neutron/l3.pp_(IaC)_', 'puppet-tripleo/manifests/profile/base/neutron/l3_agent_wrappers.pp_(IaC)_', 'puppet-tripleo/manifests/profile/base/neutron/linuxbridge.pp_(IaC)_', 'puppet-tripleo/manifests/profile/base/neutron/metadata.pp_(IaC)_', 'puppet-tripleo/manifests/profile/base/neutron/ovn_metadata.pp_(IaC)_', 'puppet-tripleo/manifests/profile/base/neutron/ovn_metadata_agent_wrappers.pp_(IaC)_', 'puppet-tripleo/manifests/profile/base/neutron/ovn_northd.pp_(IaC)_', 'puppet-tripleo/manifests/profile/base/neutron/ovs.pp_(IaC)_', 'puppet-tripleo/manifests/profile/base/neutron/plugins/ml2.pp_(IaC)_', 'puppet-tripleo/manifests/profile/base/neutron/plugins/ml2/bagpipe.pp_(IaC)_', 'puppet-tripleo/manifests/profile/base/neutron/plugins/ml2/networking_ansible.pp_(IaC)_', 'puppet-tripleo/manifests/profile/base/neutron/plugins/ml2/networking_baremetal.pp_(IaC)_', 'puppet-tripleo/manifests/profile/base/neutron/plugins/ml2/nuage.pp_(IaC)_', 'puppet-tripleo/manifests/profile/base/neutron/plugins/ml2/ovn.pp_(IaC)_', 'puppet-tripleo/manifests/profile/base/neutron/plugins/ml2/vpp.pp_(IaC)_', 'puppet-tripleo/manifests/profile/base/neutron/plugins/ml2/vts.pp_(IaC)_', 'puppet-tripleo/manifests/profile/base/neutron/plugins/nsx.pp_(IaC)_', 'puppet-tripleo/manifests/profile/base/neutron/plugins/opencontrail.pp_(IaC)_', 'puppet-tripleo/manifests/profile/base/neutron/server.pp_(IaC)_', 'puppet-tripleo/manifests/profile/base/neutron/sfc.pp_(IaC)_', 'puppet-tripleo/manifests/profile/base/neutron/sriov.pp_(IaC)_']]",['b52cf6a00f56e99e1007e4818b0e060f15677e54'],[0.0],[0.0],[0],[0],[0]
[1],"[[377, 379, 234, 376, 66, 98, 378, 595, 631, 611, 349]]","[['puppet-tripleo/manifests/profile/base/neutron/agents/networking_baremetal.pp_(IaC)_', 'puppet-tripleo/manifests/profile/base/neutron/agents/l2gw.pp_(IaC)_', 'puppet-tripleo/manifests/profile/base/barbican.pp_(IaC)_', 'puppet-tripleo/manifests/profile/base/neutron/agents/mlnx.pp_(IaC)_', 'puppet-tripleo/spec/classes/tripleo_profile_base_neutron_spec.rb_(Other)_', 'puppet-tripleo/spec/classes/tripleo_profile_base_neutron_server_spec.rb_(Other)_', 'puppet-tripleo/manifests/profile/base/neutron/agents/bagpipe.pp_(IaC)_', 'puppet-tripleo/releasenotes/notes/calculate-dhcp-agents-per-network-3089c5e7b15f8b7b.yaml_(Other)_', 'puppet-tripleo/releasenotes/notes/add-neutron-tls-8d020c63f14408d0.yaml_(Other)_', 'puppet-tripleo/releasenotes/notes/fix-neutron-cert-perms-4a034bb516be6f9f.yaml_(Other)_', 'puppet-tripleo/manifests/profile/base/neutron/metadata.pp_(IaC)_']]","[['puppet-tripleo/manifests/profile/base/neutron.pp_(IaC)_', 'puppet-tripleo/manifests/profile/base/neutron/agents/bagpipe.pp_(IaC)_', 'puppet-tripleo/manifests/profile/base/neutron/agents/l2gw.pp_(IaC)_', 'puppet-tripleo/manifests/profile/base/neutron/agents/networking_baremetal.pp_(IaC)_', 'puppet-tripleo/manifests/profile/base/neutron/agents/nuage.pp_(IaC)_', 'puppet-tripleo/manifests/profile/base/neutron/agents/ovn.pp_(IaC)_', 'puppet-tripleo/manifests/profile/base/neutron/agents/vpp.pp_(IaC)_', 'puppet-tripleo/manifests/profile/base/neutron/authtoken.pp_(IaC)_', 'puppet-tripleo/manifests/profile/base/neutron/bgpvpn.pp_(IaC)_', 'puppet-tripleo/manifests/profile/base/neutron/dhcp.pp_(IaC)_', 'puppet-tripleo/manifests/profile/base/neutron/dhcp_agent_wrappers.pp_(IaC)_', 'puppet-tripleo/manifests/profile/base/neutron/l2gw.pp_(IaC)_', 'puppet-tripleo/manifests/profile/base/neutron/l3.pp_(IaC)_', 'puppet-tripleo/manifests/profile/base/neutron/l3_agent_wrappers.pp_(IaC)_', 'puppet-tripleo/manifests/profile/base/neutron/linuxbridge.pp_(IaC)_', 'puppet-tripleo/manifests/profile/base/neutron/metadata.pp_(IaC)_', 'puppet-tripleo/manifests/profile/base/neutron/ovn_metadata.pp_(IaC)_', 'puppet-tripleo/manifests/profile/base/neutron/ovn_metadata_agent_wrappers.pp_(IaC)_', 'puppet-tripleo/manifests/profile/base/neutron/ovn_northd.pp_(IaC)_', 'puppet-tripleo/manifests/profile/base/neutron/ovs.pp_(IaC)_', 'puppet-tripleo/manifests/profile/base/neutron/plugins/ml2.pp_(IaC)_', 'puppet-tripleo/manifests/profile/base/neutron/plugins/ml2/bagpipe.pp_(IaC)_', 'puppet-tripleo/manifests/profile/base/neutron/plugins/ml2/networking_ansible.pp_(IaC)_', 'puppet-tripleo/manifests/profile/base/neutron/plugins/ml2/networking_baremetal.pp_(IaC)_', 'puppet-tripleo/manifests/profile/base/neutron/plugins/ml2/nuage.pp_(IaC)_', 'puppet-tripleo/manifests/profile/base/neutron/plugins/ml2/ovn.pp_(IaC)_', 'puppet-tripleo/manifests/profile/base/neutron/plugins/ml2/vpp.pp_(IaC)_', 'puppet-tripleo/manifests/profile/base/neutron/plugins/ml2/vts.pp_(IaC)_', 'puppet-tripleo/manifests/profile/base/neutron/plugins/nsx.pp_(IaC)_', 'puppet-tripleo/manifests/profile/base/neutron/plugins/opencontrail.pp_(IaC)_', 'puppet-tripleo/manifests/profile/base/neutron/server.pp_(IaC)_', 'puppet-tripleo/manifests/profile/base/neutron/sfc.pp_(IaC)_', 'puppet-tripleo/manifests/profile/base/neutron/sriov.pp_(IaC)_']]",['b52cf6a00f56e99e1007e4818b0e060f15677e54'],[1.0],[0.030303030303030304],[0.05882352941176471],[1],[1.0]
[1],"[[378, 225, 349, 379, 234, 631, 595, 376, 611, 350, 377]]","[['puppet-tripleo/manifests/profile/base/neutron/agents/bagpipe.pp_(IaC)_', 'puppet-tripleo/manifests/profile/base/neutron.pp_(IaC)_', 'puppet-tripleo/manifests/profile/base/neutron/metadata.pp_(IaC)_', 'puppet-tripleo/manifests/profile/base/neutron/agents/l2gw.pp_(IaC)_', 'puppet-tripleo/manifests/profile/base/barbican.pp_(IaC)_', 'puppet-tripleo/releasenotes/notes/add-neutron-tls-8d020c63f14408d0.yaml_(Other)_', 'puppet-tripleo/releasenotes/notes/calculate-dhcp-agents-per-network-3089c5e7b15f8b7b.yaml_(Other)_', 'puppet-tripleo/manifests/profile/base/neutron/agents/mlnx.pp_(IaC)_', 'puppet-tripleo/releasenotes/notes/fix-neutron-cert-perms-4a034bb516be6f9f.yaml_(Other)_', 'puppet-tripleo/manifests/profile/base/neutron/linuxbridge.pp_(IaC)_', 'puppet-tripleo/manifests/profile/base/neutron/agents/networking_baremetal.pp_(IaC)_']]","[['puppet-tripleo/manifests/profile/base/neutron.pp_(IaC)_', 'puppet-tripleo/manifests/profile/base/neutron/agents/bagpipe.pp_(IaC)_', 'puppet-tripleo/manifests/profile/base/neutron/agents/l2gw.pp_(IaC)_', 'puppet-tripleo/manifests/profile/base/neutron/agents/networking_baremetal.pp_(IaC)_', 'puppet-tripleo/manifests/profile/base/neutron/agents/nuage.pp_(IaC)_', 'puppet-tripleo/manifests/profile/base/neutron/agents/ovn.pp_(IaC)_', 'puppet-tripleo/manifests/profile/base/neutron/agents/vpp.pp_(IaC)_', 'puppet-tripleo/manifests/profile/base/neutron/authtoken.pp_(IaC)_', 'puppet-tripleo/manifests/profile/base/neutron/bgpvpn.pp_(IaC)_', 'puppet-tripleo/manifests/profile/base/neutron/dhcp.pp_(IaC)_', 'puppet-tripleo/manifests/profile/base/neutron/dhcp_agent_wrappers.pp_(IaC)_', 'puppet-tripleo/manifests/profile/base/neutron/l2gw.pp_(IaC)_', 'puppet-tripleo/manifests/profile/base/neutron/l3.pp_(IaC)_', 'puppet-tripleo/manifests/profile/base/neutron/l3_agent_wrappers.pp_(IaC)_', 'puppet-tripleo/manifests/profile/base/neutron/linuxbridge.pp_(IaC)_', 'puppet-tripleo/manifests/profile/base/neutron/metadata.pp_(IaC)_', 'puppet-tripleo/manifests/profile/base/neutron/ovn_metadata.pp_(IaC)_', 'puppet-tripleo/manifests/profile/base/neutron/ovn_metadata_agent_wrappers.pp_(IaC)_', 'puppet-tripleo/manifests/profile/base/neutron/ovn_northd.pp_(IaC)_', 'puppet-tripleo/manifests/profile/base/neutron/ovs.pp_(IaC)_', 'puppet-tripleo/manifests/profile/base/neutron/plugins/ml2.pp_(IaC)_', 'puppet-tripleo/manifests/profile/base/neutron/plugins/ml2/bagpipe.pp_(IaC)_', 'puppet-tripleo/manifests/profile/base/neutron/plugins/ml2/networking_ansible.pp_(IaC)_', 'puppet-tripleo/manifests/profile/base/neutron/plugins/ml2/networking_baremetal.pp_(IaC)_', 'puppet-tripleo/manifests/profile/base/neutron/plugins/ml2/nuage.pp_(IaC)_', 'puppet-tripleo/manifests/profile/base/neutron/plugins/ml2/ovn.pp_(IaC)_', 'puppet-tripleo/manifests/profile/base/neutron/plugins/ml2/vpp.pp_(IaC)_', 'puppet-tripleo/manifests/profile/base/neutron/plugins/ml2/vts.pp_(IaC)_', 'puppet-tripleo/manifests/profile/base/neutron/plugins/nsx.pp_(IaC)_', 'puppet-tripleo/manifests/profile/base/neutron/plugins/opencontrail.pp_(IaC)_', 'puppet-tripleo/manifests/profile/base/neutron/server.pp_(IaC)_', 'puppet-tripleo/manifests/profile/base/neutron/sfc.pp_(IaC)_', 'puppet-tripleo/manifests/profile/base/neutron/sriov.pp_(IaC)_']]",['b52cf6a00f56e99e1007e4818b0e060f15677e54'],[1.0],[0.030303030303030304],[0.05882352941176471],[1],[1.0]
[1],"[[376, 234, 66, 98, 225, 65, 543, 595, 473, 459, 611, 631]]","[['puppet-tripleo/manifests/profile/base/neutron/agents/mlnx.pp_(IaC)_', 'puppet-tripleo/manifests/profile/base/barbican.pp_(IaC)_', 'puppet-tripleo/spec/classes/tripleo_profile_base_neutron_spec.rb_(Other)_', 'puppet-tripleo/spec/classes/tripleo_profile_base_neutron_server_spec.rb_(Other)_', 'puppet-tripleo/manifests/profile/base/neutron.pp_(IaC)_', 'puppet-tripleo/spec/classes/tripleo_profile_base_neutron_l3_spec.rb_(Other)_', 'puppet-tripleo/releasenotes/notes/fix-sriov-neutron-base-3e32bd667886c474.yaml_(Other)_', 'puppet-tripleo/releasenotes/notes/calculate-dhcp-agents-per-network-3089c5e7b15f8b7b.yaml_(Other)_', 'puppet-tripleo/releasenotes/notes/split-up-neutron-lbaas-f0c248220ed872cd.yaml_(Other)_', 'puppet-tripleo/releasenotes/notes/neutron-bigswitch-agent-profile-1250bb1518199a67.yaml_(Other)_', 'puppet-tripleo/releasenotes/notes/fix-neutron-cert-perms-4a034bb516be6f9f.yaml_(Other)_', 'puppet-tripleo/releasenotes/notes/add-neutron-tls-8d020c63f14408d0.yaml_(Other)_']]","[['puppet-tripleo/manifests/profile/base/neutron.pp_(IaC)_', 'puppet-tripleo/manifests/profile/base/neutron/agents/bagpipe.pp_(IaC)_', 'puppet-tripleo/manifests/profile/base/neutron/agents/l2gw.pp_(IaC)_', 'puppet-tripleo/manifests/profile/base/neutron/agents/networking_baremetal.pp_(IaC)_', 'puppet-tripleo/manifests/profile/base/neutron/agents/nuage.pp_(IaC)_', 'puppet-tripleo/manifests/profile/base/neutron/agents/ovn.pp_(IaC)_', 'puppet-tripleo/manifests/profile/base/neutron/agents/vpp.pp_(IaC)_', 'puppet-tripleo/manifests/profile/base/neutron/authtoken.pp_(IaC)_', 'puppet-tripleo/manifests/profile/base/neutron/bgpvpn.pp_(IaC)_', 'puppet-tripleo/manifests/profile/base/neutron/dhcp.pp_(IaC)_', 'puppet-tripleo/manifests/profile/base/neutron/dhcp_agent_wrappers.pp_(IaC)_', 'puppet-tripleo/manifests/profile/base/neutron/l2gw.pp_(IaC)_', 'puppet-tripleo/manifests/profile/base/neutron/l3.pp_(IaC)_', 'puppet-tripleo/manifests/profile/base/neutron/l3_agent_wrappers.pp_(IaC)_', 'puppet-tripleo/manifests/profile/base/neutron/linuxbridge.pp_(IaC)_', 'puppet-tripleo/manifests/profile/base/neutron/metadata.pp_(IaC)_', 'puppet-tripleo/manifests/profile/base/neutron/ovn_metadata.pp_(IaC)_', 'puppet-tripleo/manifests/profile/base/neutron/ovn_metadata_agent_wrappers.pp_(IaC)_', 'puppet-tripleo/manifests/profile/base/neutron/ovn_northd.pp_(IaC)_', 'puppet-tripleo/manifests/profile/base/neutron/ovs.pp_(IaC)_', 'puppet-tripleo/manifests/profile/base/neutron/plugins/ml2.pp_(IaC)_', 'puppet-tripleo/manifests/profile/base/neutron/plugins/ml2/bagpipe.pp_(IaC)_', 'puppet-tripleo/manifests/profile/base/neutron/plugins/ml2/networking_ansible.pp_(IaC)_', 'puppet-tripleo/manifests/profile/base/neutron/plugins/ml2/networking_baremetal.pp_(IaC)_', 'puppet-tripleo/manifests/profile/base/neutron/plugins/ml2/nuage.pp_(IaC)_', 'puppet-tripleo/manifests/profile/base/neutron/plugins/ml2/ovn.pp_(IaC)_', 'puppet-tripleo/manifests/profile/base/neutron/plugins/ml2/vpp.pp_(IaC)_', 'puppet-tripleo/manifests/profile/base/neutron/plugins/ml2/vts.pp_(IaC)_', 'puppet-tripleo/manifests/profile/base/neutron/plugins/nsx.pp_(IaC)_', 'puppet-tripleo/manifests/profile/base/neutron/plugins/opencontrail.pp_(IaC)_', 'puppet-tripleo/manifests/profile/base/neutron/server.pp_(IaC)_', 'puppet-tripleo/manifests/profile/base/neutron/sfc.pp_(IaC)_', 'puppet-tripleo/manifests/profile/base/neutron/sriov.pp_(IaC)_']]",['b52cf6a00f56e99e1007e4818b0e060f15677e54'],[0.0],[0.0],[0],[0],[0]
[1],"[[377, 347, 379, 350, 376, 65, 378, 98, 66, 358, 459, 349, 234, 631]]","[['puppet-tripleo/manifests/profile/base/neutron/agents/networking_baremetal.pp_(IaC)_', 'puppet-tripleo/manifests/profile/base/neutron/l3.pp_(IaC)_', 'puppet-tripleo/manifests/profile/base/neutron/agents/l2gw.pp_(IaC)_', 'puppet-tripleo/manifests/profile/base/neutron/linuxbridge.pp_(IaC)_', 'puppet-tripleo/manifests/profile/base/neutron/agents/mlnx.pp_(IaC)_', 'puppet-tripleo/spec/classes/tripleo_profile_base_neutron_l3_spec.rb_(Other)_', 'puppet-tripleo/manifests/profile/base/neutron/agents/bagpipe.pp_(IaC)_', 'puppet-tripleo/spec/classes/tripleo_profile_base_neutron_server_spec.rb_(Other)_', 'puppet-tripleo/spec/classes/tripleo_profile_base_neutron_spec.rb_(Other)_', 'puppet-tripleo/manifests/profile/base/neutron/sriov.pp_(IaC)_', 'puppet-tripleo/releasenotes/notes/neutron-bigswitch-agent-profile-1250bb1518199a67.yaml_(Other)_', 'puppet-tripleo/manifests/profile/base/neutron/metadata.pp_(IaC)_', 'puppet-tripleo/manifests/profile/base/barbican.pp_(IaC)_', 'puppet-tripleo/releasenotes/notes/add-neutron-tls-8d020c63f14408d0.yaml_(Other)_']]","[['puppet-tripleo/manifests/profile/base/neutron.pp_(IaC)_', 'puppet-tripleo/manifests/profile/base/neutron/agents/bagpipe.pp_(IaC)_', 'puppet-tripleo/manifests/profile/base/neutron/agents/l2gw.pp_(IaC)_', 'puppet-tripleo/manifests/profile/base/neutron/agents/networking_baremetal.pp_(IaC)_', 'puppet-tripleo/manifests/profile/base/neutron/agents/nuage.pp_(IaC)_', 'puppet-tripleo/manifests/profile/base/neutron/agents/ovn.pp_(IaC)_', 'puppet-tripleo/manifests/profile/base/neutron/agents/vpp.pp_(IaC)_', 'puppet-tripleo/manifests/profile/base/neutron/authtoken.pp_(IaC)_', 'puppet-tripleo/manifests/profile/base/neutron/bgpvpn.pp_(IaC)_', 'puppet-tripleo/manifests/profile/base/neutron/dhcp.pp_(IaC)_', 'puppet-tripleo/manifests/profile/base/neutron/dhcp_agent_wrappers.pp_(IaC)_', 'puppet-tripleo/manifests/profile/base/neutron/l2gw.pp_(IaC)_', 'puppet-tripleo/manifests/profile/base/neutron/l3.pp_(IaC)_', 'puppet-tripleo/manifests/profile/base/neutron/l3_agent_wrappers.pp_(IaC)_', 'puppet-tripleo/manifests/profile/base/neutron/linuxbridge.pp_(IaC)_', 'puppet-tripleo/manifests/profile/base/neutron/metadata.pp_(IaC)_', 'puppet-tripleo/manifests/profile/base/neutron/ovn_metadata.pp_(IaC)_', 'puppet-tripleo/manifests/profile/base/neutron/ovn_metadata_agent_wrappers.pp_(IaC)_', 'puppet-tripleo/manifests/profile/base/neutron/ovn_northd.pp_(IaC)_', 'puppet-tripleo/manifests/profile/base/neutron/ovs.pp_(IaC)_', 'puppet-tripleo/manifests/profile/base/neutron/plugins/ml2.pp_(IaC)_', 'puppet-tripleo/manifests/profile/base/neutron/plugins/ml2/bagpipe.pp_(IaC)_', 'puppet-tripleo/manifests/profile/base/neutron/plugins/ml2/networking_ansible.pp_(IaC)_', 'puppet-tripleo/manifests/profile/base/neutron/plugins/ml2/networking_baremetal.pp_(IaC)_', 'puppet-tripleo/manifests/profile/base/neutron/plugins/ml2/nuage.pp_(IaC)_', 'puppet-tripleo/manifests/profile/base/neutron/plugins/ml2/ovn.pp_(IaC)_', 'puppet-tripleo/manifests/profile/base/neutron/plugins/ml2/vpp.pp_(IaC)_', 'puppet-tripleo/manifests/profile/base/neutron/plugins/ml2/vts.pp_(IaC)_', 'puppet-tripleo/manifests/profile/base/neutron/plugins/nsx.pp_(IaC)_', 'puppet-tripleo/manifests/profile/base/neutron/plugins/opencontrail.pp_(IaC)_', 'puppet-tripleo/manifests/profile/base/neutron/server.pp_(IaC)_', 'puppet-tripleo/manifests/profile/base/neutron/sfc.pp_(IaC)_', 'puppet-tripleo/manifests/profile/base/neutron/sriov.pp_(IaC)_']]",['b52cf6a00f56e99e1007e4818b0e060f15677e54'],[1.0],[0.030303030303030304],[0.05882352941176471],[1],[1.0]
[1],"[[378, 376, 234, 253, 225, 98, 66, 247, 543, 65, 595, 631]]","[['puppet-tripleo/manifests/profile/base/neutron/agents/bagpipe.pp_(IaC)_', 'puppet-tripleo/manifests/profile/base/neutron/agents/mlnx.pp_(IaC)_', 'puppet-tripleo/manifests/profile/base/barbican.pp_(IaC)_', 'puppet-tripleo/manifests/profile/base/cinder/backup.pp_(IaC)_', 'puppet-tripleo/manifests/profile/base/neutron.pp_(IaC)_', 'puppet-tripleo/spec/classes/tripleo_profile_base_neutron_server_spec.rb_(Other)_', 'puppet-tripleo/spec/classes/tripleo_profile_base_neutron_spec.rb_(Other)_', 'puppet-tripleo/manifests/profile/base/placement.pp_(IaC)_', 'puppet-tripleo/releasenotes/notes/fix-sriov-neutron-base-3e32bd667886c474.yaml_(Other)_', 'puppet-tripleo/spec/classes/tripleo_profile_base_neutron_l3_spec.rb_(Other)_', 'puppet-tripleo/releasenotes/notes/calculate-dhcp-agents-per-network-3089c5e7b15f8b7b.yaml_(Other)_', 'puppet-tripleo/releasenotes/notes/add-neutron-tls-8d020c63f14408d0.yaml_(Other)_']]","[['puppet-tripleo/manifests/profile/base/neutron.pp_(IaC)_', 'puppet-tripleo/manifests/profile/base/neutron/agents/bagpipe.pp_(IaC)_', 'puppet-tripleo/manifests/profile/base/neutron/agents/l2gw.pp_(IaC)_', 'puppet-tripleo/manifests/profile/base/neutron/agents/networking_baremetal.pp_(IaC)_', 'puppet-tripleo/manifests/profile/base/neutron/agents/nuage.pp_(IaC)_', 'puppet-tripleo/manifests/profile/base/neutron/agents/ovn.pp_(IaC)_', 'puppet-tripleo/manifests/profile/base/neutron/agents/vpp.pp_(IaC)_', 'puppet-tripleo/manifests/profile/base/neutron/authtoken.pp_(IaC)_', 'puppet-tripleo/manifests/profile/base/neutron/bgpvpn.pp_(IaC)_', 'puppet-tripleo/manifests/profile/base/neutron/dhcp.pp_(IaC)_', 'puppet-tripleo/manifests/profile/base/neutron/dhcp_agent_wrappers.pp_(IaC)_', 'puppet-tripleo/manifests/profile/base/neutron/l2gw.pp_(IaC)_', 'puppet-tripleo/manifests/profile/base/neutron/l3.pp_(IaC)_', 'puppet-tripleo/manifests/profile/base/neutron/l3_agent_wrappers.pp_(IaC)_', 'puppet-tripleo/manifests/profile/base/neutron/linuxbridge.pp_(IaC)_', 'puppet-tripleo/manifests/profile/base/neutron/metadata.pp_(IaC)_', 'puppet-tripleo/manifests/profile/base/neutron/ovn_metadata.pp_(IaC)_', 'puppet-tripleo/manifests/profile/base/neutron/ovn_metadata_agent_wrappers.pp_(IaC)_', 'puppet-tripleo/manifests/profile/base/neutron/ovn_northd.pp_(IaC)_', 'puppet-tripleo/manifests/profile/base/neutron/ovs.pp_(IaC)_', 'puppet-tripleo/manifests/profile/base/neutron/plugins/ml2.pp_(IaC)_', 'puppet-tripleo/manifests/profile/base/neutron/plugins/ml2/bagpipe.pp_(IaC)_', 'puppet-tripleo/manifests/profile/base/neutron/plugins/ml2/networking_ansible.pp_(IaC)_', 'puppet-tripleo/manifests/profile/base/neutron/plugins/ml2/networking_baremetal.pp_(IaC)_', 'puppet-tripleo/manifests/profile/base/neutron/plugins/ml2/nuage.pp_(IaC)_', 'puppet-tripleo/manifests/profile/base/neutron/plugins/ml2/ovn.pp_(IaC)_', 'puppet-tripleo/manifests/profile/base/neutron/plugins/ml2/vpp.pp_(IaC)_', 'puppet-tripleo/manifests/profile/base/neutron/plugins/ml2/vts.pp_(IaC)_', 'puppet-tripleo/manifests/profile/base/neutron/plugins/nsx.pp_(IaC)_', 'puppet-tripleo/manifests/profile/base/neutron/plugins/opencontrail.pp_(IaC)_', 'puppet-tripleo/manifests/profile/base/neutron/server.pp_(IaC)_', 'puppet-tripleo/manifests/profile/base/neutron/sfc.pp_(IaC)_', 'puppet-tripleo/manifests/profile/base/neutron/sriov.pp_(IaC)_']]",['b52cf6a00f56e99e1007e4818b0e060f15677e54'],[1.0],[0.030303030303030304],[0.05882352941176471],[1],[1.0]
[1],"[[379, 378, 349, 350, 376, 225, 65, 66, 459, 98, 234, 377, 543, 631]]","[['puppet-tripleo/manifests/profile/base/neutron/agents/l2gw.pp_(IaC)_', 'puppet-tripleo/manifests/profile/base/neutron/agents/bagpipe.pp_(IaC)_', 'puppet-tripleo/manifests/profile/base/neutron/metadata.pp_(IaC)_', 'puppet-tripleo/manifests/profile/base/neutron/linuxbridge.pp_(IaC)_', 'puppet-tripleo/manifests/profile/base/neutron/agents/mlnx.pp_(IaC)_', 'puppet-tripleo/manifests/profile/base/neutron.pp_(IaC)_', 'puppet-tripleo/spec/classes/tripleo_profile_base_neutron_l3_spec.rb_(Other)_', 'puppet-tripleo/spec/classes/tripleo_profile_base_neutron_spec.rb_(Other)_', 'puppet-tripleo/releasenotes/notes/neutron-bigswitch-agent-profile-1250bb1518199a67.yaml_(Other)_', 'puppet-tripleo/spec/classes/tripleo_profile_base_neutron_server_spec.rb_(Other)_', 'puppet-tripleo/manifests/profile/base/barbican.pp_(IaC)_', 'puppet-tripleo/manifests/profile/base/neutron/agents/networking_baremetal.pp_(IaC)_', 'puppet-tripleo/releasenotes/notes/fix-sriov-neutron-base-3e32bd667886c474.yaml_(Other)_', 'puppet-tripleo/releasenotes/notes/add-neutron-tls-8d020c63f14408d0.yaml_(Other)_']]","[['puppet-tripleo/manifests/profile/base/neutron.pp_(IaC)_', 'puppet-tripleo/manifests/profile/base/neutron/agents/bagpipe.pp_(IaC)_', 'puppet-tripleo/manifests/profile/base/neutron/agents/l2gw.pp_(IaC)_', 'puppet-tripleo/manifests/profile/base/neutron/agents/networking_baremetal.pp_(IaC)_', 'puppet-tripleo/manifests/profile/base/neutron/agents/nuage.pp_(IaC)_', 'puppet-tripleo/manifests/profile/base/neutron/agents/ovn.pp_(IaC)_', 'puppet-tripleo/manifests/profile/base/neutron/agents/vpp.pp_(IaC)_', 'puppet-tripleo/manifests/profile/base/neutron/authtoken.pp_(IaC)_', 'puppet-tripleo/manifests/profile/base/neutron/bgpvpn.pp_(IaC)_', 'puppet-tripleo/manifests/profile/base/neutron/dhcp.pp_(IaC)_', 'puppet-tripleo/manifests/profile/base/neutron/dhcp_agent_wrappers.pp_(IaC)_', 'puppet-tripleo/manifests/profile/base/neutron/l2gw.pp_(IaC)_', 'puppet-tripleo/manifests/profile/base/neutron/l3.pp_(IaC)_', 'puppet-tripleo/manifests/profile/base/neutron/l3_agent_wrappers.pp_(IaC)_', 'puppet-tripleo/manifests/profile/base/neutron/linuxbridge.pp_(IaC)_', 'puppet-tripleo/manifests/profile/base/neutron/metadata.pp_(IaC)_', 'puppet-tripleo/manifests/profile/base/neutron/ovn_metadata.pp_(IaC)_', 'puppet-tripleo/manifests/profile/base/neutron/ovn_metadata_agent_wrappers.pp_(IaC)_', 'puppet-tripleo/manifests/profile/base/neutron/ovn_northd.pp_(IaC)_', 'puppet-tripleo/manifests/profile/base/neutron/ovs.pp_(IaC)_', 'puppet-tripleo/manifests/profile/base/neutron/plugins/ml2.pp_(IaC)_', 'puppet-tripleo/manifests/profile/base/neutron/plugins/ml2/bagpipe.pp_(IaC)_', 'puppet-tripleo/manifests/profile/base/neutron/plugins/ml2/networking_ansible.pp_(IaC)_', 'puppet-tripleo/manifests/profile/base/neutron/plugins/ml2/networking_baremetal.pp_(IaC)_', 'puppet-tripleo/manifests/profile/base/neutron/plugins/ml2/nuage.pp_(IaC)_', 'puppet-tripleo/manifests/profile/base/neutron/plugins/ml2/ovn.pp_(IaC)_', 'puppet-tripleo/manifests/profile/base/neutron/plugins/ml2/vpp.pp_(IaC)_', 'puppet-tripleo/manifests/profile/base/neutron/plugins/ml2/vts.pp_(IaC)_', 'puppet-tripleo/manifests/profile/base/neutron/plugins/nsx.pp_(IaC)_', 'puppet-tripleo/manifests/profile/base/neutron/plugins/opencontrail.pp_(IaC)_', 'puppet-tripleo/manifests/profile/base/neutron/server.pp_(IaC)_', 'puppet-tripleo/manifests/profile/base/neutron/sfc.pp_(IaC)_', 'puppet-tripleo/manifests/profile/base/neutron/sriov.pp_(IaC)_']]",['b52cf6a00f56e99e1007e4818b0e060f15677e54'],[1.0],[0.030303030303030304],[0.05882352941176471],[1],[1.0]
[1],"[[379, 358, 349, 225, 376, 234, 377, 98, 66, 543, 473, 378, 350, 631, 595, 459]]","[['puppet-tripleo/manifests/profile/base/neutron/agents/l2gw.pp_(IaC)_', 'puppet-tripleo/manifests/profile/base/neutron/sriov.pp_(IaC)_', 'puppet-tripleo/manifests/profile/base/neutron/metadata.pp_(IaC)_', 'puppet-tripleo/manifests/profile/base/neutron.pp_(IaC)_', 'puppet-tripleo/manifests/profile/base/neutron/agents/mlnx.pp_(IaC)_', 'puppet-tripleo/manifests/profile/base/barbican.pp_(IaC)_', 'puppet-tripleo/manifests/profile/base/neutron/agents/networking_baremetal.pp_(IaC)_', 'puppet-tripleo/spec/classes/tripleo_profile_base_neutron_server_spec.rb_(Other)_', 'puppet-tripleo/spec/classes/tripleo_profile_base_neutron_spec.rb_(Other)_', 'puppet-tripleo/releasenotes/notes/fix-sriov-neutron-base-3e32bd667886c474.yaml_(Other)_', 'puppet-tripleo/releasenotes/notes/split-up-neutron-lbaas-f0c248220ed872cd.yaml_(Other)_', 'puppet-tripleo/manifests/profile/base/neutron/agents/bagpipe.pp_(IaC)_', 'puppet-tripleo/manifests/profile/base/neutron/linuxbridge.pp_(IaC)_', 'puppet-tripleo/releasenotes/notes/add-neutron-tls-8d020c63f14408d0.yaml_(Other)_', 'puppet-tripleo/releasenotes/notes/calculate-dhcp-agents-per-network-3089c5e7b15f8b7b.yaml_(Other)_', 'puppet-tripleo/releasenotes/notes/neutron-bigswitch-agent-profile-1250bb1518199a67.yaml_(Other)_']]","[['puppet-tripleo/manifests/profile/base/neutron.pp_(IaC)_', 'puppet-tripleo/manifests/profile/base/neutron/agents/bagpipe.pp_(IaC)_', 'puppet-tripleo/manifests/profile/base/neutron/agents/l2gw.pp_(IaC)_', 'puppet-tripleo/manifests/profile/base/neutron/agents/networking_baremetal.pp_(IaC)_', 'puppet-tripleo/manifests/profile/base/neutron/agents/nuage.pp_(IaC)_', 'puppet-tripleo/manifests/profile/base/neutron/agents/ovn.pp_(IaC)_', 'puppet-tripleo/manifests/profile/base/neutron/agents/vpp.pp_(IaC)_', 'puppet-tripleo/manifests/profile/base/neutron/authtoken.pp_(IaC)_', 'puppet-tripleo/manifests/profile/base/neutron/bgpvpn.pp_(IaC)_', 'puppet-tripleo/manifests/profile/base/neutron/dhcp.pp_(IaC)_', 'puppet-tripleo/manifests/profile/base/neutron/dhcp_agent_wrappers.pp_(IaC)_', 'puppet-tripleo/manifests/profile/base/neutron/l2gw.pp_(IaC)_', 'puppet-tripleo/manifests/profile/base/neutron/l3.pp_(IaC)_', 'puppet-tripleo/manifests/profile/base/neutron/l3_agent_wrappers.pp_(IaC)_', 'puppet-tripleo/manifests/profile/base/neutron/linuxbridge.pp_(IaC)_', 'puppet-tripleo/manifests/profile/base/neutron/metadata.pp_(IaC)_', 'puppet-tripleo/manifests/profile/base/neutron/ovn_metadata.pp_(IaC)_', 'puppet-tripleo/manifests/profile/base/neutron/ovn_metadata_agent_wrappers.pp_(IaC)_', 'puppet-tripleo/manifests/profile/base/neutron/ovn_northd.pp_(IaC)_', 'puppet-tripleo/manifests/profile/base/neutron/ovs.pp_(IaC)_', 'puppet-tripleo/manifests/profile/base/neutron/plugins/ml2.pp_(IaC)_', 'puppet-tripleo/manifests/profile/base/neutron/plugins/ml2/bagpipe.pp_(IaC)_', 'puppet-tripleo/manifests/profile/base/neutron/plugins/ml2/networking_ansible.pp_(IaC)_', 'puppet-tripleo/manifests/profile/base/neutron/plugins/ml2/networking_baremetal.pp_(IaC)_', 'puppet-tripleo/manifests/profile/base/neutron/plugins/ml2/nuage.pp_(IaC)_', 'puppet-tripleo/manifests/profile/base/neutron/plugins/ml2/ovn.pp_(IaC)_', 'puppet-tripleo/manifests/profile/base/neutron/plugins/ml2/vpp.pp_(IaC)_', 'puppet-tripleo/manifests/profile/base/neutron/plugins/ml2/vts.pp_(IaC)_', 'puppet-tripleo/manifests/profile/base/neutron/plugins/nsx.pp_(IaC)_', 'puppet-tripleo/manifests/profile/base/neutron/plugins/opencontrail.pp_(IaC)_', 'puppet-tripleo/manifests/profile/base/neutron/server.pp_(IaC)_', 'puppet-tripleo/manifests/profile/base/neutron/sfc.pp_(IaC)_', 'puppet-tripleo/manifests/profile/base/neutron/sriov.pp_(IaC)_']]",['b52cf6a00f56e99e1007e4818b0e060f15677e54'],[1.0],[0.030303030303030304],[0.05882352941176471],[1],[1.0]
[1],"[[234, 247, 230, 253, 225, 65, 66, 379, 473, 543, 98, 631, 376, 595, 459, 378]]","[['puppet-tripleo/manifests/profile/base/barbican.pp_(IaC)_', 'puppet-tripleo/manifests/profile/base/placement.pp_(IaC)_', 'puppet-tripleo/manifests/profile/base/gnocchi.pp_(IaC)_', 'puppet-tripleo/manifests/profile/base/cinder/backup.pp_(IaC)_', 'puppet-tripleo/manifests/profile/base/neutron.pp_(IaC)_', 'puppet-tripleo/spec/classes/tripleo_profile_base_neutron_l3_spec.rb_(Other)_', 'puppet-tripleo/spec/classes/tripleo_profile_base_neutron_spec.rb_(Other)_', 'puppet-tripleo/manifests/profile/base/neutron/agents/l2gw.pp_(IaC)_', 'puppet-tripleo/releasenotes/notes/split-up-neutron-lbaas-f0c248220ed872cd.yaml_(Other)_', 'puppet-tripleo/releasenotes/notes/fix-sriov-neutron-base-3e32bd667886c474.yaml_(Other)_', 'puppet-tripleo/spec/classes/tripleo_profile_base_neutron_server_spec.rb_(Other)_', 'puppet-tripleo/releasenotes/notes/add-neutron-tls-8d020c63f14408d0.yaml_(Other)_', 'puppet-tripleo/manifests/profile/base/neutron/agents/mlnx.pp_(IaC)_', 'puppet-tripleo/releasenotes/notes/calculate-dhcp-agents-per-network-3089c5e7b15f8b7b.yaml_(Other)_', 'puppet-tripleo/releasenotes/notes/neutron-bigswitch-agent-profile-1250bb1518199a67.yaml_(Other)_', 'puppet-tripleo/manifests/profile/base/neutron/agents/bagpipe.pp_(IaC)_']]","[['puppet-tripleo/manifests/profile/base/neutron.pp_(IaC)_', 'puppet-tripleo/manifests/profile/base/neutron/agents/bagpipe.pp_(IaC)_', 'puppet-tripleo/manifests/profile/base/neutron/agents/l2gw.pp_(IaC)_', 'puppet-tripleo/manifests/profile/base/neutron/agents/networking_baremetal.pp_(IaC)_', 'puppet-tripleo/manifests/profile/base/neutron/agents/nuage.pp_(IaC)_', 'puppet-tripleo/manifests/profile/base/neutron/agents/ovn.pp_(IaC)_', 'puppet-tripleo/manifests/profile/base/neutron/agents/vpp.pp_(IaC)_', 'puppet-tripleo/manifests/profile/base/neutron/authtoken.pp_(IaC)_', 'puppet-tripleo/manifests/profile/base/neutron/bgpvpn.pp_(IaC)_', 'puppet-tripleo/manifests/profile/base/neutron/dhcp.pp_(IaC)_', 'puppet-tripleo/manifests/profile/base/neutron/dhcp_agent_wrappers.pp_(IaC)_', 'puppet-tripleo/manifests/profile/base/neutron/l2gw.pp_(IaC)_', 'puppet-tripleo/manifests/profile/base/neutron/l3.pp_(IaC)_', 'puppet-tripleo/manifests/profile/base/neutron/l3_agent_wrappers.pp_(IaC)_', 'puppet-tripleo/manifests/profile/base/neutron/linuxbridge.pp_(IaC)_', 'puppet-tripleo/manifests/profile/base/neutron/metadata.pp_(IaC)_', 'puppet-tripleo/manifests/profile/base/neutron/ovn_metadata.pp_(IaC)_', 'puppet-tripleo/manifests/profile/base/neutron/ovn_metadata_agent_wrappers.pp_(IaC)_', 'puppet-tripleo/manifests/profile/base/neutron/ovn_northd.pp_(IaC)_', 'puppet-tripleo/manifests/profile/base/neutron/ovs.pp_(IaC)_', 'puppet-tripleo/manifests/profile/base/neutron/plugins/ml2.pp_(IaC)_', 'puppet-tripleo/manifests/profile/base/neutron/plugins/ml2/bagpipe.pp_(IaC)_', 'puppet-tripleo/manifests/profile/base/neutron/plugins/ml2/networking_ansible.pp_(IaC)_', 'puppet-tripleo/manifests/profile/base/neutron/plugins/ml2/networking_baremetal.pp_(IaC)_', 'puppet-tripleo/manifests/profile/base/neutron/plugins/ml2/nuage.pp_(IaC)_', 'puppet-tripleo/manifests/profile/base/neutron/plugins/ml2/ovn.pp_(IaC)_', 'puppet-tripleo/manifests/profile/base/neutron/plugins/ml2/vpp.pp_(IaC)_', 'puppet-tripleo/manifests/profile/base/neutron/plugins/ml2/vts.pp_(IaC)_', 'puppet-tripleo/manifests/profile/base/neutron/plugins/nsx.pp_(IaC)_', 'puppet-tripleo/manifests/profile/base/neutron/plugins/opencontrail.pp_(IaC)_', 'puppet-tripleo/manifests/profile/base/neutron/server.pp_(IaC)_', 'puppet-tripleo/manifests/profile/base/neutron/sfc.pp_(IaC)_', 'puppet-tripleo/manifests/profile/base/neutron/sriov.pp_(IaC)_']]",['b52cf6a00f56e99e1007e4818b0e060f15677e54'],[0.0],[0.0],[0],[0],[0]
[1],"[[349, 234, 376, 379, 350, 225, 98, 66, 65, 611, 347, 378, 358, 543, 377, 459, 595, 631]]","[['puppet-tripleo/manifests/profile/base/neutron/metadata.pp_(IaC)_', 'puppet-tripleo/manifests/profile/base/barbican.pp_(IaC)_', 'puppet-tripleo/manifests/profile/base/neutron/agents/mlnx.pp_(IaC)_', 'puppet-tripleo/manifests/profile/base/neutron/agents/l2gw.pp_(IaC)_', 'puppet-tripleo/manifests/profile/base/neutron/linuxbridge.pp_(IaC)_', 'puppet-tripleo/manifests/profile/base/neutron.pp_(IaC)_', 'puppet-tripleo/spec/classes/tripleo_profile_base_neutron_server_spec.rb_(Other)_', 'puppet-tripleo/spec/classes/tripleo_profile_base_neutron_spec.rb_(Other)_', 'puppet-tripleo/spec/classes/tripleo_profile_base_neutron_l3_spec.rb_(Other)_', 'puppet-tripleo/releasenotes/notes/fix-neutron-cert-perms-4a034bb516be6f9f.yaml_(Other)_', 'puppet-tripleo/manifests/profile/base/neutron/l3.pp_(IaC)_', 'puppet-tripleo/manifests/profile/base/neutron/agents/bagpipe.pp_(IaC)_', 'puppet-tripleo/manifests/profile/base/neutron/sriov.pp_(IaC)_', 'puppet-tripleo/releasenotes/notes/fix-sriov-neutron-base-3e32bd667886c474.yaml_(Other)_', 'puppet-tripleo/manifests/profile/base/neutron/agents/networking_baremetal.pp_(IaC)_', 'puppet-tripleo/releasenotes/notes/neutron-bigswitch-agent-profile-1250bb1518199a67.yaml_(Other)_', 'puppet-tripleo/releasenotes/notes/calculate-dhcp-agents-per-network-3089c5e7b15f8b7b.yaml_(Other)_', 'puppet-tripleo/releasenotes/notes/add-neutron-tls-8d020c63f14408d0.yaml_(Other)_']]","[['puppet-tripleo/manifests/profile/base/neutron.pp_(IaC)_', 'puppet-tripleo/manifests/profile/base/neutron/agents/bagpipe.pp_(IaC)_', 'puppet-tripleo/manifests/profile/base/neutron/agents/l2gw.pp_(IaC)_', 'puppet-tripleo/manifests/profile/base/neutron/agents/networking_baremetal.pp_(IaC)_', 'puppet-tripleo/manifests/profile/base/neutron/agents/nuage.pp_(IaC)_', 'puppet-tripleo/manifests/profile/base/neutron/agents/ovn.pp_(IaC)_', 'puppet-tripleo/manifests/profile/base/neutron/agents/vpp.pp_(IaC)_', 'puppet-tripleo/manifests/profile/base/neutron/authtoken.pp_(IaC)_', 'puppet-tripleo/manifests/profile/base/neutron/bgpvpn.pp_(IaC)_', 'puppet-tripleo/manifests/profile/base/neutron/dhcp.pp_(IaC)_', 'puppet-tripleo/manifests/profile/base/neutron/dhcp_agent_wrappers.pp_(IaC)_', 'puppet-tripleo/manifests/profile/base/neutron/l2gw.pp_(IaC)_', 'puppet-tripleo/manifests/profile/base/neutron/l3.pp_(IaC)_', 'puppet-tripleo/manifests/profile/base/neutron/l3_agent_wrappers.pp_(IaC)_', 'puppet-tripleo/manifests/profile/base/neutron/linuxbridge.pp_(IaC)_', 'puppet-tripleo/manifests/profile/base/neutron/metadata.pp_(IaC)_', 'puppet-tripleo/manifests/profile/base/neutron/ovn_metadata.pp_(IaC)_', 'puppet-tripleo/manifests/profile/base/neutron/ovn_metadata_agent_wrappers.pp_(IaC)_', 'puppet-tripleo/manifests/profile/base/neutron/ovn_northd.pp_(IaC)_', 'puppet-tripleo/manifests/profile/base/neutron/ovs.pp_(IaC)_', 'puppet-tripleo/manifests/profile/base/neutron/plugins/ml2.pp_(IaC)_', 'puppet-tripleo/manifests/profile/base/neutron/plugins/ml2/bagpipe.pp_(IaC)_', 'puppet-tripleo/manifests/profile/base/neutron/plugins/ml2/networking_ansible.pp_(IaC)_', 'puppet-tripleo/manifests/profile/base/neutron/plugins/ml2/networking_baremetal.pp_(IaC)_', 'puppet-tripleo/manifests/profile/base/neutron/plugins/ml2/nuage.pp_(IaC)_', 'puppet-tripleo/manifests/profile/base/neutron/plugins/ml2/ovn.pp_(IaC)_', 'puppet-tripleo/manifests/profile/base/neutron/plugins/ml2/vpp.pp_(IaC)_', 'puppet-tripleo/manifests/profile/base/neutron/plugins/ml2/vts.pp_(IaC)_', 'puppet-tripleo/manifests/profile/base/neutron/plugins/nsx.pp_(IaC)_', 'puppet-tripleo/manifests/profile/base/neutron/plugins/opencontrail.pp_(IaC)_', 'puppet-tripleo/manifests/profile/base/neutron/server.pp_(IaC)_', 'puppet-tripleo/manifests/profile/base/neutron/sfc.pp_(IaC)_', 'puppet-tripleo/manifests/profile/base/neutron/sriov.pp_(IaC)_']]",['b52cf6a00f56e99e1007e4818b0e060f15677e54'],[1.0],[0.030303030303030304],[0.05882352941176471],[1],[1.0]
[1],"[[349, 379, 225, 378, 377, 234, 98, 459, 66, 595, 376, 543, 631, 473]]","[['puppet-tripleo/manifests/profile/base/neutron/metadata.pp_(IaC)_', 'puppet-tripleo/manifests/profile/base/neutron/agents/l2gw.pp_(IaC)_', 'puppet-tripleo/manifests/profile/base/neutron.pp_(IaC)_', 'puppet-tripleo/manifests/profile/base/neutron/agents/bagpipe.pp_(IaC)_', 'puppet-tripleo/manifests/profile/base/neutron/agents/networking_baremetal.pp_(IaC)_', 'puppet-tripleo/manifests/profile/base/barbican.pp_(IaC)_', 'puppet-tripleo/spec/classes/tripleo_profile_base_neutron_server_spec.rb_(Other)_', 'puppet-tripleo/releasenotes/notes/neutron-bigswitch-agent-profile-1250bb1518199a67.yaml_(Other)_', 'puppet-tripleo/spec/classes/tripleo_profile_base_neutron_spec.rb_(Other)_', 'puppet-tripleo/releasenotes/notes/calculate-dhcp-agents-per-network-3089c5e7b15f8b7b.yaml_(Other)_', 'puppet-tripleo/manifests/profile/base/neutron/agents/mlnx.pp_(IaC)_', 'puppet-tripleo/releasenotes/notes/fix-sriov-neutron-base-3e32bd667886c474.yaml_(Other)_', 'puppet-tripleo/releasenotes/notes/add-neutron-tls-8d020c63f14408d0.yaml_(Other)_', 'puppet-tripleo/releasenotes/notes/split-up-neutron-lbaas-f0c248220ed872cd.yaml_(Other)_']]","[['puppet-tripleo/manifests/profile/base/neutron.pp_(IaC)_', 'puppet-tripleo/manifests/profile/base/neutron/agents/bagpipe.pp_(IaC)_', 'puppet-tripleo/manifests/profile/base/neutron/agents/l2gw.pp_(IaC)_', 'puppet-tripleo/manifests/profile/base/neutron/agents/networking_baremetal.pp_(IaC)_', 'puppet-tripleo/manifests/profile/base/neutron/agents/nuage.pp_(IaC)_', 'puppet-tripleo/manifests/profile/base/neutron/agents/ovn.pp_(IaC)_', 'puppet-tripleo/manifests/profile/base/neutron/agents/vpp.pp_(IaC)_', 'puppet-tripleo/manifests/profile/base/neutron/authtoken.pp_(IaC)_', 'puppet-tripleo/manifests/profile/base/neutron/bgpvpn.pp_(IaC)_', 'puppet-tripleo/manifests/profile/base/neutron/dhcp.pp_(IaC)_', 'puppet-tripleo/manifests/profile/base/neutron/dhcp_agent_wrappers.pp_(IaC)_', 'puppet-tripleo/manifests/profile/base/neutron/l2gw.pp_(IaC)_', 'puppet-tripleo/manifests/profile/base/neutron/l3.pp_(IaC)_', 'puppet-tripleo/manifests/profile/base/neutron/l3_agent_wrappers.pp_(IaC)_', 'puppet-tripleo/manifests/profile/base/neutron/linuxbridge.pp_(IaC)_', 'puppet-tripleo/manifests/profile/base/neutron/metadata.pp_(IaC)_', 'puppet-tripleo/manifests/profile/base/neutron/ovn_metadata.pp_(IaC)_', 'puppet-tripleo/manifests/profile/base/neutron/ovn_metadata_agent_wrappers.pp_(IaC)_', 'puppet-tripleo/manifests/profile/base/neutron/ovn_northd.pp_(IaC)_', 'puppet-tripleo/manifests/profile/base/neutron/ovs.pp_(IaC)_', 'puppet-tripleo/manifests/profile/base/neutron/plugins/ml2.pp_(IaC)_', 'puppet-tripleo/manifests/profile/base/neutron/plugins/ml2/bagpipe.pp_(IaC)_', 'puppet-tripleo/manifests/profile/base/neutron/plugins/ml2/networking_ansible.pp_(IaC)_', 'puppet-tripleo/manifests/profile/base/neutron/plugins/ml2/networking_baremetal.pp_(IaC)_', 'puppet-tripleo/manifests/profile/base/neutron/plugins/ml2/nuage.pp_(IaC)_', 'puppet-tripleo/manifests/profile/base/neutron/plugins/ml2/ovn.pp_(IaC)_', 'puppet-tripleo/manifests/profile/base/neutron/plugins/ml2/vpp.pp_(IaC)_', 'puppet-tripleo/manifests/profile/base/neutron/plugins/ml2/vts.pp_(IaC)_', 'puppet-tripleo/manifests/profile/base/neutron/plugins/nsx.pp_(IaC)_', 'puppet-tripleo/manifests/profile/base/neutron/plugins/opencontrail.pp_(IaC)_', 'puppet-tripleo/manifests/profile/base/neutron/server.pp_(IaC)_', 'puppet-tripleo/manifests/profile/base/neutron/sfc.pp_(IaC)_', 'puppet-tripleo/manifests/profile/base/neutron/sriov.pp_(IaC)_']]",['b52cf6a00f56e99e1007e4818b0e060f15677e54'],[1.0],[0.030303030303030304],[0.05882352941176471],[1],[1.0]
[1],"[[234, 379, 376, 350, 358, 225, 247, 349, 377, 79, 65, 66, 98, 87, 459, 378, 631, 543, 595]]","[['puppet-tripleo/manifests/profile/base/barbican.pp_(IaC)_', 'puppet-tripleo/manifests/profile/base/neutron/agents/l2gw.pp_(IaC)_', 'puppet-tripleo/manifests/profile/base/neutron/agents/mlnx.pp_(IaC)_', 'puppet-tripleo/manifests/profile/base/neutron/linuxbridge.pp_(IaC)_', 'puppet-tripleo/manifests/profile/base/neutron/sriov.pp_(IaC)_', 'puppet-tripleo/manifests/profile/base/neutron.pp_(IaC)_', 'puppet-tripleo/manifests/profile/base/placement.pp_(IaC)_', 'puppet-tripleo/manifests/profile/base/neutron/metadata.pp_(IaC)_', 'puppet-tripleo/manifests/profile/base/neutron/agents/networking_baremetal.pp_(IaC)_', 'puppet-tripleo/spec/classes/tripleo_profile_base_neutron_dhcp_spec.rb_(Other)_', 'puppet-tripleo/spec/classes/tripleo_profile_base_neutron_l3_spec.rb_(Other)_', 'puppet-tripleo/spec/classes/tripleo_profile_base_neutron_spec.rb_(Other)_', 'puppet-tripleo/spec/classes/tripleo_profile_base_neutron_server_spec.rb_(Other)_', 'puppet-tripleo/spec/classes/tripleo_profile_base_neutron_ovs_spec.rb_(Other)_', 'puppet-tripleo/releasenotes/notes/neutron-bigswitch-agent-profile-1250bb1518199a67.yaml_(Other)_', 'puppet-tripleo/manifests/profile/base/neutron/agents/bagpipe.pp_(IaC)_', 'puppet-tripleo/releasenotes/notes/add-neutron-tls-8d020c63f14408d0.yaml_(Other)_', 'puppet-tripleo/releasenotes/notes/fix-sriov-neutron-base-3e32bd667886c474.yaml_(Other)_', 'puppet-tripleo/releasenotes/notes/calculate-dhcp-agents-per-network-3089c5e7b15f8b7b.yaml_(Other)_']]","[['puppet-tripleo/manifests/profile/base/neutron.pp_(IaC)_', 'puppet-tripleo/manifests/profile/base/neutron/agents/bagpipe.pp_(IaC)_', 'puppet-tripleo/manifests/profile/base/neutron/agents/l2gw.pp_(IaC)_', 'puppet-tripleo/manifests/profile/base/neutron/agents/networking_baremetal.pp_(IaC)_', 'puppet-tripleo/manifests/profile/base/neutron/agents/nuage.pp_(IaC)_', 'puppet-tripleo/manifests/profile/base/neutron/agents/ovn.pp_(IaC)_', 'puppet-tripleo/manifests/profile/base/neutron/agents/vpp.pp_(IaC)_', 'puppet-tripleo/manifests/profile/base/neutron/authtoken.pp_(IaC)_', 'puppet-tripleo/manifests/profile/base/neutron/bgpvpn.pp_(IaC)_', 'puppet-tripleo/manifests/profile/base/neutron/dhcp.pp_(IaC)_', 'puppet-tripleo/manifests/profile/base/neutron/dhcp_agent_wrappers.pp_(IaC)_', 'puppet-tripleo/manifests/profile/base/neutron/l2gw.pp_(IaC)_', 'puppet-tripleo/manifests/profile/base/neutron/l3.pp_(IaC)_', 'puppet-tripleo/manifests/profile/base/neutron/l3_agent_wrappers.pp_(IaC)_', 'puppet-tripleo/manifests/profile/base/neutron/linuxbridge.pp_(IaC)_', 'puppet-tripleo/manifests/profile/base/neutron/metadata.pp_(IaC)_', 'puppet-tripleo/manifests/profile/base/neutron/ovn_metadata.pp_(IaC)_', 'puppet-tripleo/manifests/profile/base/neutron/ovn_metadata_agent_wrappers.pp_(IaC)_', 'puppet-tripleo/manifests/profile/base/neutron/ovn_northd.pp_(IaC)_', 'puppet-tripleo/manifests/profile/base/neutron/ovs.pp_(IaC)_', 'puppet-tripleo/manifests/profile/base/neutron/plugins/ml2.pp_(IaC)_', 'puppet-tripleo/manifests/profile/base/neutron/plugins/ml2/bagpipe.pp_(IaC)_', 'puppet-tripleo/manifests/profile/base/neutron/plugins/ml2/networking_ansible.pp_(IaC)_', 'puppet-tripleo/manifests/profile/base/neutron/plugins/ml2/networking_baremetal.pp_(IaC)_', 'puppet-tripleo/manifests/profile/base/neutron/plugins/ml2/nuage.pp_(IaC)_', 'puppet-tripleo/manifests/profile/base/neutron/plugins/ml2/ovn.pp_(IaC)_', 'puppet-tripleo/manifests/profile/base/neutron/plugins/ml2/vpp.pp_(IaC)_', 'puppet-tripleo/manifests/profile/base/neutron/plugins/ml2/vts.pp_(IaC)_', 'puppet-tripleo/manifests/profile/base/neutron/plugins/nsx.pp_(IaC)_', 'puppet-tripleo/manifests/profile/base/neutron/plugins/opencontrail.pp_(IaC)_', 'puppet-tripleo/manifests/profile/base/neutron/server.pp_(IaC)_', 'puppet-tripleo/manifests/profile/base/neutron/sfc.pp_(IaC)_', 'puppet-tripleo/manifests/profile/base/neutron/sriov.pp_(IaC)_']]",['b52cf6a00f56e99e1007e4818b0e060f15677e54'],[0.0],[0.0],[0],[0],[0]
[1],"[[376, 349, 379, 378, 377, 98, 79, 16, 65, 66, 644, 459, 595, 631, 611, 543]]","[['puppet-tripleo/manifests/profile/base/neutron/agents/mlnx.pp_(IaC)_', 'puppet-tripleo/manifests/profile/base/neutron/metadata.pp_(IaC)_', 'puppet-tripleo/manifests/profile/base/neutron/agents/l2gw.pp_(IaC)_', 'puppet-tripleo/manifests/profile/base/neutron/agents/bagpipe.pp_(IaC)_', 'puppet-tripleo/manifests/profile/base/neutron/agents/networking_baremetal.pp_(IaC)_', 'puppet-tripleo/spec/classes/tripleo_profile_base_neutron_server_spec.rb_(Other)_', 'puppet-tripleo/spec/classes/tripleo_profile_base_neutron_dhcp_spec.rb_(Other)_', 'puppet-tripleo/spec/classes/tripleo_profile_base_neutron_authtoken_spec.rb_(Other)_', 'puppet-tripleo/spec/classes/tripleo_profile_base_neutron_l3_spec.rb_(Other)_', 'puppet-tripleo/spec/classes/tripleo_profile_base_neutron_spec.rb_(Other)_', 'puppet-tripleo/releasenotes/notes/vpp-ml2-9c1321fa30f3b172.yaml_(Other)_', 'puppet-tripleo/releasenotes/notes/neutron-bigswitch-agent-profile-1250bb1518199a67.yaml_(Other)_', 'puppet-tripleo/releasenotes/notes/calculate-dhcp-agents-per-network-3089c5e7b15f8b7b.yaml_(Other)_', 'puppet-tripleo/releasenotes/notes/add-neutron-tls-8d020c63f14408d0.yaml_(Other)_', 'puppet-tripleo/releasenotes/notes/fix-neutron-cert-perms-4a034bb516be6f9f.yaml_(Other)_', 'puppet-tripleo/releasenotes/notes/fix-sriov-neutron-base-3e32bd667886c474.yaml_(Other)_']]","[['puppet-tripleo/manifests/profile/base/neutron.pp_(IaC)_', 'puppet-tripleo/manifests/profile/base/neutron/agents/bagpipe.pp_(IaC)_', 'puppet-tripleo/manifests/profile/base/neutron/agents/l2gw.pp_(IaC)_', 'puppet-tripleo/manifests/profile/base/neutron/agents/networking_baremetal.pp_(IaC)_', 'puppet-tripleo/manifests/profile/base/neutron/agents/nuage.pp_(IaC)_', 'puppet-tripleo/manifests/profile/base/neutron/agents/ovn.pp_(IaC)_', 'puppet-tripleo/manifests/profile/base/neutron/agents/vpp.pp_(IaC)_', 'puppet-tripleo/manifests/profile/base/neutron/authtoken.pp_(IaC)_', 'puppet-tripleo/manifests/profile/base/neutron/bgpvpn.pp_(IaC)_', 'puppet-tripleo/manifests/profile/base/neutron/dhcp.pp_(IaC)_', 'puppet-tripleo/manifests/profile/base/neutron/dhcp_agent_wrappers.pp_(IaC)_', 'puppet-tripleo/manifests/profile/base/neutron/l2gw.pp_(IaC)_', 'puppet-tripleo/manifests/profile/base/neutron/l3.pp_(IaC)_', 'puppet-tripleo/manifests/profile/base/neutron/l3_agent_wrappers.pp_(IaC)_', 'puppet-tripleo/manifests/profile/base/neutron/linuxbridge.pp_(IaC)_', 'puppet-tripleo/manifests/profile/base/neutron/metadata.pp_(IaC)_', 'puppet-tripleo/manifests/profile/base/neutron/ovn_metadata.pp_(IaC)_', 'puppet-tripleo/manifests/profile/base/neutron/ovn_metadata_agent_wrappers.pp_(IaC)_', 'puppet-tripleo/manifests/profile/base/neutron/ovn_northd.pp_(IaC)_', 'puppet-tripleo/manifests/profile/base/neutron/ovs.pp_(IaC)_', 'puppet-tripleo/manifests/profile/base/neutron/plugins/ml2.pp_(IaC)_', 'puppet-tripleo/manifests/profile/base/neutron/plugins/ml2/bagpipe.pp_(IaC)_', 'puppet-tripleo/manifests/profile/base/neutron/plugins/ml2/networking_ansible.pp_(IaC)_', 'puppet-tripleo/manifests/profile/base/neutron/plugins/ml2/networking_baremetal.pp_(IaC)_', 'puppet-tripleo/manifests/profile/base/neutron/plugins/ml2/nuage.pp_(IaC)_', 'puppet-tripleo/manifests/profile/base/neutron/plugins/ml2/ovn.pp_(IaC)_', 'puppet-tripleo/manifests/profile/base/neutron/plugins/ml2/vpp.pp_(IaC)_', 'puppet-tripleo/manifests/profile/base/neutron/plugins/ml2/vts.pp_(IaC)_', 'puppet-tripleo/manifests/profile/base/neutron/plugins/nsx.pp_(IaC)_', 'puppet-tripleo/manifests/profile/base/neutron/plugins/opencontrail.pp_(IaC)_', 'puppet-tripleo/manifests/profile/base/neutron/server.pp_(IaC)_', 'puppet-tripleo/manifests/profile/base/neutron/sfc.pp_(IaC)_', 'puppet-tripleo/manifests/profile/base/neutron/sriov.pp_(IaC)_']]",['b52cf6a00f56e99e1007e4818b0e060f15677e54'],[0.0],[0.0],[0],[0],[0]
[1],"[[379, 234, 225, 65, 66, 611, 568, 539, 377, 98, 378, 595, 376, 644, 583, 631, 543]]","[['puppet-tripleo/manifests/profile/base/neutron/agents/l2gw.pp_(IaC)_', 'puppet-tripleo/manifests/profile/base/barbican.pp_(IaC)_', 'puppet-tripleo/manifests/profile/base/neutron.pp_(IaC)_', 'puppet-tripleo/spec/classes/tripleo_profile_base_neutron_l3_spec.rb_(Other)_', 'puppet-tripleo/spec/classes/tripleo_profile_base_neutron_spec.rb_(Other)_', 'puppet-tripleo/releasenotes/notes/fix-neutron-cert-perms-4a034bb516be6f9f.yaml_(Other)_', 'puppet-tripleo/releasenotes/notes/swift-dispersion-profile-09dc69980028e751.yaml_(Other)_', 'puppet-tripleo/releasenotes/notes/wrapper-containers-debug-f141d964548eb2ea.yaml_(Other)_', 'puppet-tripleo/manifests/profile/base/neutron/agents/networking_baremetal.pp_(IaC)_', 'puppet-tripleo/spec/classes/tripleo_profile_base_neutron_server_spec.rb_(Other)_', 'puppet-tripleo/manifests/profile/base/neutron/agents/bagpipe.pp_(IaC)_', 'puppet-tripleo/releasenotes/notes/calculate-dhcp-agents-per-network-3089c5e7b15f8b7b.yaml_(Other)_', 'puppet-tripleo/manifests/profile/base/neutron/agents/mlnx.pp_(IaC)_', 'puppet-tripleo/releasenotes/notes/vpp-ml2-9c1321fa30f3b172.yaml_(Other)_', 'puppet-tripleo/releasenotes/notes/add-neutron-agent-wrappers-bf84104f3607264b.yaml_(Other)_', 'puppet-tripleo/releasenotes/notes/add-neutron-tls-8d020c63f14408d0.yaml_(Other)_', 'puppet-tripleo/releasenotes/notes/fix-sriov-neutron-base-3e32bd667886c474.yaml_(Other)_']]","[['puppet-tripleo/manifests/profile/base/neutron.pp_(IaC)_', 'puppet-tripleo/manifests/profile/base/neutron/agents/bagpipe.pp_(IaC)_', 'puppet-tripleo/manifests/profile/base/neutron/agents/l2gw.pp_(IaC)_', 'puppet-tripleo/manifests/profile/base/neutron/agents/networking_baremetal.pp_(IaC)_', 'puppet-tripleo/manifests/profile/base/neutron/agents/nuage.pp_(IaC)_', 'puppet-tripleo/manifests/profile/base/neutron/agents/ovn.pp_(IaC)_', 'puppet-tripleo/manifests/profile/base/neutron/agents/vpp.pp_(IaC)_', 'puppet-tripleo/manifests/profile/base/neutron/authtoken.pp_(IaC)_', 'puppet-tripleo/manifests/profile/base/neutron/bgpvpn.pp_(IaC)_', 'puppet-tripleo/manifests/profile/base/neutron/dhcp.pp_(IaC)_', 'puppet-tripleo/manifests/profile/base/neutron/dhcp_agent_wrappers.pp_(IaC)_', 'puppet-tripleo/manifests/profile/base/neutron/l2gw.pp_(IaC)_', 'puppet-tripleo/manifests/profile/base/neutron/l3.pp_(IaC)_', 'puppet-tripleo/manifests/profile/base/neutron/l3_agent_wrappers.pp_(IaC)_', 'puppet-tripleo/manifests/profile/base/neutron/linuxbridge.pp_(IaC)_', 'puppet-tripleo/manifests/profile/base/neutron/metadata.pp_(IaC)_', 'puppet-tripleo/manifests/profile/base/neutron/ovn_metadata.pp_(IaC)_', 'puppet-tripleo/manifests/profile/base/neutron/ovn_metadata_agent_wrappers.pp_(IaC)_', 'puppet-tripleo/manifests/profile/base/neutron/ovn_northd.pp_(IaC)_', 'puppet-tripleo/manifests/profile/base/neutron/ovs.pp_(IaC)_', 'puppet-tripleo/manifests/profile/base/neutron/plugins/ml2.pp_(IaC)_', 'puppet-tripleo/manifests/profile/base/neutron/plugins/ml2/bagpipe.pp_(IaC)_', 'puppet-tripleo/manifests/profile/base/neutron/plugins/ml2/networking_ansible.pp_(IaC)_', 'puppet-tripleo/manifests/profile/base/neutron/plugins/ml2/networking_baremetal.pp_(IaC)_', 'puppet-tripleo/manifests/profile/base/neutron/plugins/ml2/nuage.pp_(IaC)_', 'puppet-tripleo/manifests/profile/base/neutron/plugins/ml2/ovn.pp_(IaC)_', 'puppet-tripleo/manifests/profile/base/neutron/plugins/ml2/vpp.pp_(IaC)_', 'puppet-tripleo/manifests/profile/base/neutron/plugins/ml2/vts.pp_(IaC)_', 'puppet-tripleo/manifests/profile/base/neutron/plugins/nsx.pp_(IaC)_', 'puppet-tripleo/manifests/profile/base/neutron/plugins/opencontrail.pp_(IaC)_', 'puppet-tripleo/manifests/profile/base/neutron/server.pp_(IaC)_', 'puppet-tripleo/manifests/profile/base/neutron/sfc.pp_(IaC)_', 'puppet-tripleo/manifests/profile/base/neutron/sriov.pp_(IaC)_']]",['b52cf6a00f56e99e1007e4818b0e060f15677e54'],[1.0],[0.030303030303030304],[0.05882352941176471],[1],[1.0]
[1],"[[234, 225, 376, 379, 378, 247, 66, 98, 65, 87, 611, 79, 644, 595, 543, 459, 631]]","[['puppet-tripleo/manifests/profile/base/barbican.pp_(IaC)_', 'puppet-tripleo/manifests/profile/base/neutron.pp_(IaC)_', 'puppet-tripleo/manifests/profile/base/neutron/agents/mlnx.pp_(IaC)_', 'puppet-tripleo/manifests/profile/base/neutron/agents/l2gw.pp_(IaC)_', 'puppet-tripleo/manifests/profile/base/neutron/agents/bagpipe.pp_(IaC)_', 'puppet-tripleo/manifests/profile/base/placement.pp_(IaC)_', 'puppet-tripleo/spec/classes/tripleo_profile_base_neutron_spec.rb_(Other)_', 'puppet-tripleo/spec/classes/tripleo_profile_base_neutron_server_spec.rb_(Other)_', 'puppet-tripleo/spec/classes/tripleo_profile_base_neutron_l3_spec.rb_(Other)_', 'puppet-tripleo/spec/classes/tripleo_profile_base_neutron_ovs_spec.rb_(Other)_', 'puppet-tripleo/releasenotes/notes/fix-neutron-cert-perms-4a034bb516be6f9f.yaml_(Other)_', 'puppet-tripleo/spec/classes/tripleo_profile_base_neutron_dhcp_spec.rb_(Other)_', 'puppet-tripleo/releasenotes/notes/vpp-ml2-9c1321fa30f3b172.yaml_(Other)_', 'puppet-tripleo/releasenotes/notes/calculate-dhcp-agents-per-network-3089c5e7b15f8b7b.yaml_(Other)_', 'puppet-tripleo/releasenotes/notes/fix-sriov-neutron-base-3e32bd667886c474.yaml_(Other)_', 'puppet-tripleo/releasenotes/notes/neutron-bigswitch-agent-profile-1250bb1518199a67.yaml_(Other)_', 'puppet-tripleo/releasenotes/notes/add-neutron-tls-8d020c63f14408d0.yaml_(Other)_']]","[['puppet-tripleo/manifests/profile/base/neutron.pp_(IaC)_', 'puppet-tripleo/manifests/profile/base/neutron/agents/bagpipe.pp_(IaC)_', 'puppet-tripleo/manifests/profile/base/neutron/agents/l2gw.pp_(IaC)_', 'puppet-tripleo/manifests/profile/base/neutron/agents/networking_baremetal.pp_(IaC)_', 'puppet-tripleo/manifests/profile/base/neutron/agents/nuage.pp_(IaC)_', 'puppet-tripleo/manifests/profile/base/neutron/agents/ovn.pp_(IaC)_', 'puppet-tripleo/manifests/profile/base/neutron/agents/vpp.pp_(IaC)_', 'puppet-tripleo/manifests/profile/base/neutron/authtoken.pp_(IaC)_', 'puppet-tripleo/manifests/profile/base/neutron/bgpvpn.pp_(IaC)_', 'puppet-tripleo/manifests/profile/base/neutron/dhcp.pp_(IaC)_', 'puppet-tripleo/manifests/profile/base/neutron/dhcp_agent_wrappers.pp_(IaC)_', 'puppet-tripleo/manifests/profile/base/neutron/l2gw.pp_(IaC)_', 'puppet-tripleo/manifests/profile/base/neutron/l3.pp_(IaC)_', 'puppet-tripleo/manifests/profile/base/neutron/l3_agent_wrappers.pp_(IaC)_', 'puppet-tripleo/manifests/profile/base/neutron/linuxbridge.pp_(IaC)_', 'puppet-tripleo/manifests/profile/base/neutron/metadata.pp_(IaC)_', 'puppet-tripleo/manifests/profile/base/neutron/ovn_metadata.pp_(IaC)_', 'puppet-tripleo/manifests/profile/base/neutron/ovn_metadata_agent_wrappers.pp_(IaC)_', 'puppet-tripleo/manifests/profile/base/neutron/ovn_northd.pp_(IaC)_', 'puppet-tripleo/manifests/profile/base/neutron/ovs.pp_(IaC)_', 'puppet-tripleo/manifests/profile/base/neutron/plugins/ml2.pp_(IaC)_', 'puppet-tripleo/manifests/profile/base/neutron/plugins/ml2/bagpipe.pp_(IaC)_', 'puppet-tripleo/manifests/profile/base/neutron/plugins/ml2/networking_ansible.pp_(IaC)_', 'puppet-tripleo/manifests/profile/base/neutron/plugins/ml2/networking_baremetal.pp_(IaC)_', 'puppet-tripleo/manifests/profile/base/neutron/plugins/ml2/nuage.pp_(IaC)_', 'puppet-tripleo/manifests/profile/base/neutron/plugins/ml2/ovn.pp_(IaC)_', 'puppet-tripleo/manifests/profile/base/neutron/plugins/ml2/vpp.pp_(IaC)_', 'puppet-tripleo/manifests/profile/base/neutron/plugins/ml2/vts.pp_(IaC)_', 'puppet-tripleo/manifests/profile/base/neutron/plugins/nsx.pp_(IaC)_', 'puppet-tripleo/manifests/profile/base/neutron/plugins/opencontrail.pp_(IaC)_', 'puppet-tripleo/manifests/profile/base/neutron/server.pp_(IaC)_', 'puppet-tripleo/manifests/profile/base/neutron/sfc.pp_(IaC)_', 'puppet-tripleo/manifests/profile/base/neutron/sriov.pp_(IaC)_']]",['b52cf6a00f56e99e1007e4818b0e060f15677e54'],[0.0],[0.0],[0],[0],[0]
[1],"[[376, 378, 379, 98, 349, 350, 65, 66, 79, 543, 377, 631]]","[['puppet-tripleo/manifests/profile/base/neutron/agents/mlnx.pp_(IaC)_', 'puppet-tripleo/manifests/profile/base/neutron/agents/bagpipe.pp_(IaC)_', 'puppet-tripleo/manifests/profile/base/neutron/agents/l2gw.pp_(IaC)_', 'puppet-tripleo/spec/classes/tripleo_profile_base_neutron_server_spec.rb_(Other)_', 'puppet-tripleo/manifests/profile/base/neutron/metadata.pp_(IaC)_', 'puppet-tripleo/manifests/profile/base/neutron/linuxbridge.pp_(IaC)_', 'puppet-tripleo/spec/classes/tripleo_profile_base_neutron_l3_spec.rb_(Other)_', 'puppet-tripleo/spec/classes/tripleo_profile_base_neutron_spec.rb_(Other)_', 'puppet-tripleo/spec/classes/tripleo_profile_base_neutron_dhcp_spec.rb_(Other)_', 'puppet-tripleo/releasenotes/notes/fix-sriov-neutron-base-3e32bd667886c474.yaml_(Other)_', 'puppet-tripleo/manifests/profile/base/neutron/agents/networking_baremetal.pp_(IaC)_', 'puppet-tripleo/releasenotes/notes/add-neutron-tls-8d020c63f14408d0.yaml_(Other)_']]","[['puppet-tripleo/manifests/profile/base/neutron.pp_(IaC)_', 'puppet-tripleo/manifests/profile/base/neutron/agents/bagpipe.pp_(IaC)_', 'puppet-tripleo/manifests/profile/base/neutron/agents/l2gw.pp_(IaC)_', 'puppet-tripleo/manifests/profile/base/neutron/agents/networking_baremetal.pp_(IaC)_', 'puppet-tripleo/manifests/profile/base/neutron/agents/nuage.pp_(IaC)_', 'puppet-tripleo/manifests/profile/base/neutron/agents/ovn.pp_(IaC)_', 'puppet-tripleo/manifests/profile/base/neutron/agents/vpp.pp_(IaC)_', 'puppet-tripleo/manifests/profile/base/neutron/authtoken.pp_(IaC)_', 'puppet-tripleo/manifests/profile/base/neutron/bgpvpn.pp_(IaC)_', 'puppet-tripleo/manifests/profile/base/neutron/dhcp.pp_(IaC)_', 'puppet-tripleo/manifests/profile/base/neutron/dhcp_agent_wrappers.pp_(IaC)_', 'puppet-tripleo/manifests/profile/base/neutron/l2gw.pp_(IaC)_', 'puppet-tripleo/manifests/profile/base/neutron/l3.pp_(IaC)_', 'puppet-tripleo/manifests/profile/base/neutron/l3_agent_wrappers.pp_(IaC)_', 'puppet-tripleo/manifests/profile/base/neutron/linuxbridge.pp_(IaC)_', 'puppet-tripleo/manifests/profile/base/neutron/metadata.pp_(IaC)_', 'puppet-tripleo/manifests/profile/base/neutron/ovn_metadata.pp_(IaC)_', 'puppet-tripleo/manifests/profile/base/neutron/ovn_metadata_agent_wrappers.pp_(IaC)_', 'puppet-tripleo/manifests/profile/base/neutron/ovn_northd.pp_(IaC)_', 'puppet-tripleo/manifests/profile/base/neutron/ovs.pp_(IaC)_', 'puppet-tripleo/manifests/profile/base/neutron/plugins/ml2.pp_(IaC)_', 'puppet-tripleo/manifests/profile/base/neutron/plugins/ml2/bagpipe.pp_(IaC)_', 'puppet-tripleo/manifests/profile/base/neutron/plugins/ml2/networking_ansible.pp_(IaC)_', 'puppet-tripleo/manifests/profile/base/neutron/plugins/ml2/networking_baremetal.pp_(IaC)_', 'puppet-tripleo/manifests/profile/base/neutron/plugins/ml2/nuage.pp_(IaC)_', 'puppet-tripleo/manifests/profile/base/neutron/plugins/ml2/ovn.pp_(IaC)_', 'puppet-tripleo/manifests/profile/base/neutron/plugins/ml2/vpp.pp_(IaC)_', 'puppet-tripleo/manifests/profile/base/neutron/plugins/ml2/vts.pp_(IaC)_', 'puppet-tripleo/manifests/profile/base/neutron/plugins/nsx.pp_(IaC)_', 'puppet-tripleo/manifests/profile/base/neutron/plugins/opencontrail.pp_(IaC)_', 'puppet-tripleo/manifests/profile/base/neutron/server.pp_(IaC)_', 'puppet-tripleo/manifests/profile/base/neutron/sfc.pp_(IaC)_', 'puppet-tripleo/manifests/profile/base/neutron/sriov.pp_(IaC)_']]",['b52cf6a00f56e99e1007e4818b0e060f15677e54'],[0.0],[0.0],[0],[0],[0]
[1],"[[225, 234, 79, 98, 65, 66, 87, 376, 247, 378, 595, 459, 473, 543, 644, 611, 631]]","[['puppet-tripleo/manifests/profile/base/neutron.pp_(IaC)_', 'puppet-tripleo/manifests/profile/base/barbican.pp_(IaC)_', 'puppet-tripleo/spec/classes/tripleo_profile_base_neutron_dhcp_spec.rb_(Other)_', 'puppet-tripleo/spec/classes/tripleo_profile_base_neutron_server_spec.rb_(Other)_', 'puppet-tripleo/spec/classes/tripleo_profile_base_neutron_l3_spec.rb_(Other)_', 'puppet-tripleo/spec/classes/tripleo_profile_base_neutron_spec.rb_(Other)_', 'puppet-tripleo/spec/classes/tripleo_profile_base_neutron_ovs_spec.rb_(Other)_', 'puppet-tripleo/manifests/profile/base/neutron/agents/mlnx.pp_(IaC)_', 'puppet-tripleo/manifests/profile/base/placement.pp_(IaC)_', 'puppet-tripleo/manifests/profile/base/neutron/agents/bagpipe.pp_(IaC)_', 'puppet-tripleo/releasenotes/notes/calculate-dhcp-agents-per-network-3089c5e7b15f8b7b.yaml_(Other)_', 'puppet-tripleo/releasenotes/notes/neutron-bigswitch-agent-profile-1250bb1518199a67.yaml_(Other)_', 'puppet-tripleo/releasenotes/notes/split-up-neutron-lbaas-f0c248220ed872cd.yaml_(Other)_', 'puppet-tripleo/releasenotes/notes/fix-sriov-neutron-base-3e32bd667886c474.yaml_(Other)_', 'puppet-tripleo/releasenotes/notes/vpp-ml2-9c1321fa30f3b172.yaml_(Other)_', 'puppet-tripleo/releasenotes/notes/fix-neutron-cert-perms-4a034bb516be6f9f.yaml_(Other)_', 'puppet-tripleo/releasenotes/notes/add-neutron-tls-8d020c63f14408d0.yaml_(Other)_']]","[['puppet-tripleo/manifests/profile/base/neutron.pp_(IaC)_', 'puppet-tripleo/manifests/profile/base/neutron/agents/bagpipe.pp_(IaC)_', 'puppet-tripleo/manifests/profile/base/neutron/agents/l2gw.pp_(IaC)_', 'puppet-tripleo/manifests/profile/base/neutron/agents/networking_baremetal.pp_(IaC)_', 'puppet-tripleo/manifests/profile/base/neutron/agents/nuage.pp_(IaC)_', 'puppet-tripleo/manifests/profile/base/neutron/agents/ovn.pp_(IaC)_', 'puppet-tripleo/manifests/profile/base/neutron/agents/vpp.pp_(IaC)_', 'puppet-tripleo/manifests/profile/base/neutron/authtoken.pp_(IaC)_', 'puppet-tripleo/manifests/profile/base/neutron/bgpvpn.pp_(IaC)_', 'puppet-tripleo/manifests/profile/base/neutron/dhcp.pp_(IaC)_', 'puppet-tripleo/manifests/profile/base/neutron/dhcp_agent_wrappers.pp_(IaC)_', 'puppet-tripleo/manifests/profile/base/neutron/l2gw.pp_(IaC)_', 'puppet-tripleo/manifests/profile/base/neutron/l3.pp_(IaC)_', 'puppet-tripleo/manifests/profile/base/neutron/l3_agent_wrappers.pp_(IaC)_', 'puppet-tripleo/manifests/profile/base/neutron/linuxbridge.pp_(IaC)_', 'puppet-tripleo/manifests/profile/base/neutron/metadata.pp_(IaC)_', 'puppet-tripleo/manifests/profile/base/neutron/ovn_metadata.pp_(IaC)_', 'puppet-tripleo/manifests/profile/base/neutron/ovn_metadata_agent_wrappers.pp_(IaC)_', 'puppet-tripleo/manifests/profile/base/neutron/ovn_northd.pp_(IaC)_', 'puppet-tripleo/manifests/profile/base/neutron/ovs.pp_(IaC)_', 'puppet-tripleo/manifests/profile/base/neutron/plugins/ml2.pp_(IaC)_', 'puppet-tripleo/manifests/profile/base/neutron/plugins/ml2/bagpipe.pp_(IaC)_', 'puppet-tripleo/manifests/profile/base/neutron/plugins/ml2/networking_ansible.pp_(IaC)_', 'puppet-tripleo/manifests/profile/base/neutron/plugins/ml2/networking_baremetal.pp_(IaC)_', 'puppet-tripleo/manifests/profile/base/neutron/plugins/ml2/nuage.pp_(IaC)_', 'puppet-tripleo/manifests/profile/base/neutron/plugins/ml2/ovn.pp_(IaC)_', 'puppet-tripleo/manifests/profile/base/neutron/plugins/ml2/vpp.pp_(IaC)_', 'puppet-tripleo/manifests/profile/base/neutron/plugins/ml2/vts.pp_(IaC)_', 'puppet-tripleo/manifests/profile/base/neutron/plugins/nsx.pp_(IaC)_', 'puppet-tripleo/manifests/profile/base/neutron/plugins/opencontrail.pp_(IaC)_', 'puppet-tripleo/manifests/profile/base/neutron/server.pp_(IaC)_', 'puppet-tripleo/manifests/profile/base/neutron/sfc.pp_(IaC)_', 'puppet-tripleo/manifests/profile/base/neutron/sriov.pp_(IaC)_']]",['b52cf6a00f56e99e1007e4818b0e060f15677e54'],[1.0],[0.030303030303030304],[0.05882352941176471],[1],[1.0]
[1],"[[234, 225, 543, 595, 98, 66, 631, 376, 583, 611]]","[['puppet-tripleo/manifests/profile/base/barbican.pp_(IaC)_', 'puppet-tripleo/manifests/profile/base/neutron.pp_(IaC)_', 'puppet-tripleo/releasenotes/notes/fix-sriov-neutron-base-3e32bd667886c474.yaml_(Other)_', 'puppet-tripleo/releasenotes/notes/calculate-dhcp-agents-per-network-3089c5e7b15f8b7b.yaml_(Other)_', 'puppet-tripleo/spec/classes/tripleo_profile_base_neutron_server_spec.rb_(Other)_', 'puppet-tripleo/spec/classes/tripleo_profile_base_neutron_spec.rb_(Other)_', 'puppet-tripleo/releasenotes/notes/add-neutron-tls-8d020c63f14408d0.yaml_(Other)_', 'puppet-tripleo/manifests/profile/base/neutron/agents/mlnx.pp_(IaC)_', 'puppet-tripleo/releasenotes/notes/add-neutron-agent-wrappers-bf84104f3607264b.yaml_(Other)_', 'puppet-tripleo/releasenotes/notes/fix-neutron-cert-perms-4a034bb516be6f9f.yaml_(Other)_']]","[['puppet-tripleo/manifests/profile/base/neutron.pp_(IaC)_', 'puppet-tripleo/manifests/profile/base/neutron/agents/bagpipe.pp_(IaC)_', 'puppet-tripleo/manifests/profile/base/neutron/agents/l2gw.pp_(IaC)_', 'puppet-tripleo/manifests/profile/base/neutron/agents/networking_baremetal.pp_(IaC)_', 'puppet-tripleo/manifests/profile/base/neutron/agents/nuage.pp_(IaC)_', 'puppet-tripleo/manifests/profile/base/neutron/agents/ovn.pp_(IaC)_', 'puppet-tripleo/manifests/profile/base/neutron/agents/vpp.pp_(IaC)_', 'puppet-tripleo/manifests/profile/base/neutron/authtoken.pp_(IaC)_', 'puppet-tripleo/manifests/profile/base/neutron/bgpvpn.pp_(IaC)_', 'puppet-tripleo/manifests/profile/base/neutron/dhcp.pp_(IaC)_', 'puppet-tripleo/manifests/profile/base/neutron/dhcp_agent_wrappers.pp_(IaC)_', 'puppet-tripleo/manifests/profile/base/neutron/l2gw.pp_(IaC)_', 'puppet-tripleo/manifests/profile/base/neutron/l3.pp_(IaC)_', 'puppet-tripleo/manifests/profile/base/neutron/l3_agent_wrappers.pp_(IaC)_', 'puppet-tripleo/manifests/profile/base/neutron/linuxbridge.pp_(IaC)_', 'puppet-tripleo/manifests/profile/base/neutron/metadata.pp_(IaC)_', 'puppet-tripleo/manifests/profile/base/neutron/ovn_metadata.pp_(IaC)_', 'puppet-tripleo/manifests/profile/base/neutron/ovn_metadata_agent_wrappers.pp_(IaC)_', 'puppet-tripleo/manifests/profile/base/neutron/ovn_northd.pp_(IaC)_', 'puppet-tripleo/manifests/profile/base/neutron/ovs.pp_(IaC)_', 'puppet-tripleo/manifests/profile/base/neutron/plugins/ml2.pp_(IaC)_', 'puppet-tripleo/manifests/profile/base/neutron/plugins/ml2/bagpipe.pp_(IaC)_', 'puppet-tripleo/manifests/profile/base/neutron/plugins/ml2/networking_ansible.pp_(IaC)_', 'puppet-tripleo/manifests/profile/base/neutron/plugins/ml2/networking_baremetal.pp_(IaC)_', 'puppet-tripleo/manifests/profile/base/neutron/plugins/ml2/nuage.pp_(IaC)_', 'puppet-tripleo/manifests/profile/base/neutron/plugins/ml2/ovn.pp_(IaC)_', 'puppet-tripleo/manifests/profile/base/neutron/plugins/ml2/vpp.pp_(IaC)_', 'puppet-tripleo/manifests/profile/base/neutron/plugins/ml2/vts.pp_(IaC)_', 'puppet-tripleo/manifests/profile/base/neutron/plugins/nsx.pp_(IaC)_', 'puppet-tripleo/manifests/profile/base/neutron/plugins/opencontrail.pp_(IaC)_', 'puppet-tripleo/manifests/profile/base/neutron/server.pp_(IaC)_', 'puppet-tripleo/manifests/profile/base/neutron/sfc.pp_(IaC)_', 'puppet-tripleo/manifests/profile/base/neutron/sriov.pp_(IaC)_']]",['b52cf6a00f56e99e1007e4818b0e060f15677e54'],[0.0],[0.0],[0],[0],[0]
[1],"[[377, 379, 350, 378, 349, 66, 234, 595, 376, 98, 611, 543, 631]]","[['puppet-tripleo/manifests/profile/base/neutron/agents/networking_baremetal.pp_(IaC)_', 'puppet-tripleo/manifests/profile/base/neutron/agents/l2gw.pp_(IaC)_', 'puppet-tripleo/manifests/profile/base/neutron/linuxbridge.pp_(IaC)_', 'puppet-tripleo/manifests/profile/base/neutron/agents/bagpipe.pp_(IaC)_', 'puppet-tripleo/manifests/profile/base/neutron/metadata.pp_(IaC)_', 'puppet-tripleo/spec/classes/tripleo_profile_base_neutron_spec.rb_(Other)_', 'puppet-tripleo/manifests/profile/base/barbican.pp_(IaC)_', 'puppet-tripleo/releasenotes/notes/calculate-dhcp-agents-per-network-3089c5e7b15f8b7b.yaml_(Other)_', 'puppet-tripleo/manifests/profile/base/neutron/agents/mlnx.pp_(IaC)_', 'puppet-tripleo/spec/classes/tripleo_profile_base_neutron_server_spec.rb_(Other)_', 'puppet-tripleo/releasenotes/notes/fix-neutron-cert-perms-4a034bb516be6f9f.yaml_(Other)_', 'puppet-tripleo/releasenotes/notes/fix-sriov-neutron-base-3e32bd667886c474.yaml_(Other)_', 'puppet-tripleo/releasenotes/notes/add-neutron-tls-8d020c63f14408d0.yaml_(Other)_']]","[['puppet-tripleo/manifests/profile/base/neutron.pp_(IaC)_', 'puppet-tripleo/manifests/profile/base/neutron/agents/bagpipe.pp_(IaC)_', 'puppet-tripleo/manifests/profile/base/neutron/agents/l2gw.pp_(IaC)_', 'puppet-tripleo/manifests/profile/base/neutron/agents/networking_baremetal.pp_(IaC)_', 'puppet-tripleo/manifests/profile/base/neutron/agents/nuage.pp_(IaC)_', 'puppet-tripleo/manifests/profile/base/neutron/agents/ovn.pp_(IaC)_', 'puppet-tripleo/manifests/profile/base/neutron/agents/vpp.pp_(IaC)_', 'puppet-tripleo/manifests/profile/base/neutron/authtoken.pp_(IaC)_', 'puppet-tripleo/manifests/profile/base/neutron/bgpvpn.pp_(IaC)_', 'puppet-tripleo/manifests/profile/base/neutron/dhcp.pp_(IaC)_', 'puppet-tripleo/manifests/profile/base/neutron/dhcp_agent_wrappers.pp_(IaC)_', 'puppet-tripleo/manifests/profile/base/neutron/l2gw.pp_(IaC)_', 'puppet-tripleo/manifests/profile/base/neutron/l3.pp_(IaC)_', 'puppet-tripleo/manifests/profile/base/neutron/l3_agent_wrappers.pp_(IaC)_', 'puppet-tripleo/manifests/profile/base/neutron/linuxbridge.pp_(IaC)_', 'puppet-tripleo/manifests/profile/base/neutron/metadata.pp_(IaC)_', 'puppet-tripleo/manifests/profile/base/neutron/ovn_metadata.pp_(IaC)_', 'puppet-tripleo/manifests/profile/base/neutron/ovn_metadata_agent_wrappers.pp_(IaC)_', 'puppet-tripleo/manifests/profile/base/neutron/ovn_northd.pp_(IaC)_', 'puppet-tripleo/manifests/profile/base/neutron/ovs.pp_(IaC)_', 'puppet-tripleo/manifests/profile/base/neutron/plugins/ml2.pp_(IaC)_', 'puppet-tripleo/manifests/profile/base/neutron/plugins/ml2/bagpipe.pp_(IaC)_', 'puppet-tripleo/manifests/profile/base/neutron/plugins/ml2/networking_ansible.pp_(IaC)_', 'puppet-tripleo/manifests/profile/base/neutron/plugins/ml2/networking_baremetal.pp_(IaC)_', 'puppet-tripleo/manifests/profile/base/neutron/plugins/ml2/nuage.pp_(IaC)_', 'puppet-tripleo/manifests/profile/base/neutron/plugins/ml2/ovn.pp_(IaC)_', 'puppet-tripleo/manifests/profile/base/neutron/plugins/ml2/vpp.pp_(IaC)_', 'puppet-tripleo/manifests/profile/base/neutron/plugins/ml2/vts.pp_(IaC)_', 'puppet-tripleo/manifests/profile/base/neutron/plugins/nsx.pp_(IaC)_', 'puppet-tripleo/manifests/profile/base/neutron/plugins/opencontrail.pp_(IaC)_', 'puppet-tripleo/manifests/profile/base/neutron/server.pp_(IaC)_', 'puppet-tripleo/manifests/profile/base/neutron/sfc.pp_(IaC)_', 'puppet-tripleo/manifests/profile/base/neutron/sriov.pp_(IaC)_']]",['b52cf6a00f56e99e1007e4818b0e060f15677e54'],[1.0],[0.030303030303030304],[0.05882352941176471],[1],[1.0]
[1],"[[376, 225, 379, 377, 234, 98, 65, 79, 66, 378, 543, 631]]","[['puppet-tripleo/manifests/profile/base/neutron/agents/mlnx.pp_(IaC)_', 'puppet-tripleo/manifests/profile/base/neutron.pp_(IaC)_', 'puppet-tripleo/manifests/profile/base/neutron/agents/l2gw.pp_(IaC)_', 'puppet-tripleo/manifests/profile/base/neutron/agents/networking_baremetal.pp_(IaC)_', 'puppet-tripleo/manifests/profile/base/barbican.pp_(IaC)_', 'puppet-tripleo/spec/classes/tripleo_profile_base_neutron_server_spec.rb_(Other)_', 'puppet-tripleo/spec/classes/tripleo_profile_base_neutron_l3_spec.rb_(Other)_', 'puppet-tripleo/spec/classes/tripleo_profile_base_neutron_dhcp_spec.rb_(Other)_', 'puppet-tripleo/spec/classes/tripleo_profile_base_neutron_spec.rb_(Other)_', 'puppet-tripleo/manifests/profile/base/neutron/agents/bagpipe.pp_(IaC)_', 'puppet-tripleo/releasenotes/notes/fix-sriov-neutron-base-3e32bd667886c474.yaml_(Other)_', 'puppet-tripleo/releasenotes/notes/add-neutron-tls-8d020c63f14408d0.yaml_(Other)_']]","[['puppet-tripleo/manifests/profile/base/neutron.pp_(IaC)_', 'puppet-tripleo/manifests/profile/base/neutron/agents/bagpipe.pp_(IaC)_', 'puppet-tripleo/manifests/profile/base/neutron/agents/l2gw.pp_(IaC)_', 'puppet-tripleo/manifests/profile/base/neutron/agents/networking_baremetal.pp_(IaC)_', 'puppet-tripleo/manifests/profile/base/neutron/agents/nuage.pp_(IaC)_', 'puppet-tripleo/manifests/profile/base/neutron/agents/ovn.pp_(IaC)_', 'puppet-tripleo/manifests/profile/base/neutron/agents/vpp.pp_(IaC)_', 'puppet-tripleo/manifests/profile/base/neutron/authtoken.pp_(IaC)_', 'puppet-tripleo/manifests/profile/base/neutron/bgpvpn.pp_(IaC)_', 'puppet-tripleo/manifests/profile/base/neutron/dhcp.pp_(IaC)_', 'puppet-tripleo/manifests/profile/base/neutron/dhcp_agent_wrappers.pp_(IaC)_', 'puppet-tripleo/manifests/profile/base/neutron/l2gw.pp_(IaC)_', 'puppet-tripleo/manifests/profile/base/neutron/l3.pp_(IaC)_', 'puppet-tripleo/manifests/profile/base/neutron/l3_agent_wrappers.pp_(IaC)_', 'puppet-tripleo/manifests/profile/base/neutron/linuxbridge.pp_(IaC)_', 'puppet-tripleo/manifests/profile/base/neutron/metadata.pp_(IaC)_', 'puppet-tripleo/manifests/profile/base/neutron/ovn_metadata.pp_(IaC)_', 'puppet-tripleo/manifests/profile/base/neutron/ovn_metadata_agent_wrappers.pp_(IaC)_', 'puppet-tripleo/manifests/profile/base/neutron/ovn_northd.pp_(IaC)_', 'puppet-tripleo/manifests/profile/base/neutron/ovs.pp_(IaC)_', 'puppet-tripleo/manifests/profile/base/neutron/plugins/ml2.pp_(IaC)_', 'puppet-tripleo/manifests/profile/base/neutron/plugins/ml2/bagpipe.pp_(IaC)_', 'puppet-tripleo/manifests/profile/base/neutron/plugins/ml2/networking_ansible.pp_(IaC)_', 'puppet-tripleo/manifests/profile/base/neutron/plugins/ml2/networking_baremetal.pp_(IaC)_', 'puppet-tripleo/manifests/profile/base/neutron/plugins/ml2/nuage.pp_(IaC)_', 'puppet-tripleo/manifests/profile/base/neutron/plugins/ml2/ovn.pp_(IaC)_', 'puppet-tripleo/manifests/profile/base/neutron/plugins/ml2/vpp.pp_(IaC)_', 'puppet-tripleo/manifests/profile/base/neutron/plugins/ml2/vts.pp_(IaC)_', 'puppet-tripleo/manifests/profile/base/neutron/plugins/nsx.pp_(IaC)_', 'puppet-tripleo/manifests/profile/base/neutron/plugins/opencontrail.pp_(IaC)_', 'puppet-tripleo/manifests/profile/base/neutron/server.pp_(IaC)_', 'puppet-tripleo/manifests/profile/base/neutron/sfc.pp_(IaC)_', 'puppet-tripleo/manifests/profile/base/neutron/sriov.pp_(IaC)_']]",['b52cf6a00f56e99e1007e4818b0e060f15677e54'],[0.0],[0.0],[0],[0],[0]
