NB_recommended_files,Best_solution,Recommended_files,Co_modified_files,Commits_hash,PRECISION,RECALL,FSCORE,SUCCESS_RATE,MRR
[1],"[[680, 93, 226, 219, 698, 347, 178, 187, 293, 501, 145, 590, 170, 668]]","[['iiab/roles/vnstat/tasks/main.yml_(IaC)_', 'iiab/roles/nextcloud/tasks/main.yml_(IaC)_', 'iiab/roles/awstats/tasks/main.yml_(IaC)_', 'iiab/roles/phpmyadmin/tasks/main.yml_(IaC)_', 'iiab/roles/mediawiki/tasks/main.yml_(IaC)_', 'iiab/roles/sugarizer/tasks/main.yml_(IaC)_', 'iiab/roles/wordpress/tasks/main.yml_(IaC)_', 'iiab/roles/sshd/tasks/main.yml_(IaC)_', 'iiab/roles/0-DEPRECATED-ROLES/elgg/tasks/main.yml_(IaC)_', 'iiab/roles/jupyterhub/tasks/main.yml_(IaC)_', 'iiab/roles/kiwix/tasks/main.yml_(IaC)_', 'iiab/roles/bluetooth/tasks/main.yml_(IaC)_', 'iiab/roles/minetest/tasks/main.yml_(IaC)_', 'iiab/roles/transmission/tasks/main.yml_(IaC)_']]","[['iiab/roles/awstats/tasks/main.yml_(IaC)_', 'iiab/roles/calibre-web/tasks/main.yml_(IaC)_', 'iiab/roles/calibre/tasks/enable-or-disable.yml_(IaC)_', 'iiab/roles/calibre/tasks/main.yml_(IaC)_', 'iiab/roles/captiveportal/tasks/main.yml_(IaC)_', 'iiab/roles/gitea/tasks/enable-or-disable.yml_(IaC)_', 'iiab/roles/gitea/tasks/main.yml_(IaC)_', 'iiab/roles/internetarchive/tasks/enable-or-disable.yml_(IaC)_', 'iiab/roles/internetarchive/tasks/main.yml_(IaC)_', 'iiab/roles/kalite/tasks/enable-or-disable.yml_(IaC)_', 'iiab/roles/kalite/tasks/main.yml_(IaC)_', 'iiab/roles/kiwix/tasks/main.yml_(IaC)_', 'iiab/roles/kolibri/tasks/main.yml_(IaC)_', 'iiab/roles/mediawiki/tasks/main.yml_(IaC)_', 'iiab/roles/minetest/tasks/main.yml_(IaC)_', 'iiab/roles/mongodb/tasks/enable-or-disable.yml_(IaC)_', 'iiab/roles/mongodb/tasks/main.yml_(IaC)_', 'iiab/roles/monit/tasks/main.yml_(IaC)_', 'iiab/roles/mosquitto/tasks/main.yml_(IaC)_', 'iiab/roles/munin/tasks/enable-or-disable.yml_(IaC)_', 'iiab/roles/munin/tasks/main.yml_(IaC)_', 'iiab/roles/nextcloud/tasks/main.yml_(IaC)_', 'iiab/roles/nodejs/tasks/main.yml_(IaC)_', 'iiab/roles/nodered/tasks/main.yml_(IaC)_', 'iiab/roles/osm-vector-maps/tasks/main.yml_(IaC)_', 'iiab/roles/pbx/tasks/main.yml_(IaC)_', 'iiab/roles/phpmyadmin/tasks/main.yml_(IaC)_', 'iiab/roles/postgresql/tasks/enable-or-disable.yml_(IaC)_', 'iiab/roles/postgresql/tasks/main.yml_(IaC)_', 'iiab/roles/transmission/tasks/main.yml_(IaC)_', 'iiab/roles/vnstat/tasks/main.yml_(IaC)_', 'iiab/roles/wordpress/tasks/main.yml_(IaC)_']]",['8749e66a0b1af141d9af2e4248c7c3838f94eeeb'],[1.0],[0.03125],[0.06060606060606061],[1],[1.0]
[1],"[[293, 187, 170, 501, 680, 590, 347, 497, 469, 226, 93, 698]]","[['iiab/roles/0-DEPRECATED-ROLES/elgg/tasks/main.yml_(IaC)_', 'iiab/roles/sshd/tasks/main.yml_(IaC)_', 'iiab/roles/minetest/tasks/main.yml_(IaC)_', 'iiab/roles/jupyterhub/tasks/main.yml_(IaC)_', 'iiab/roles/vnstat/tasks/main.yml_(IaC)_', 'iiab/roles/bluetooth/tasks/main.yml_(IaC)_', 'iiab/roles/sugarizer/tasks/main.yml_(IaC)_', 'iiab/roles/yarn/tasks/main.yml_(IaC)_', 'iiab/roles/pbx/tasks/main.yml_(IaC)_', 'iiab/roles/awstats/tasks/main.yml_(IaC)_', 'iiab/roles/nextcloud/tasks/main.yml_(IaC)_', 'iiab/roles/mediawiki/tasks/main.yml_(IaC)_']]","[['iiab/roles/awstats/tasks/main.yml_(IaC)_', 'iiab/roles/calibre-web/tasks/main.yml_(IaC)_', 'iiab/roles/calibre/tasks/enable-or-disable.yml_(IaC)_', 'iiab/roles/calibre/tasks/main.yml_(IaC)_', 'iiab/roles/captiveportal/tasks/main.yml_(IaC)_', 'iiab/roles/gitea/tasks/enable-or-disable.yml_(IaC)_', 'iiab/roles/gitea/tasks/main.yml_(IaC)_', 'iiab/roles/internetarchive/tasks/enable-or-disable.yml_(IaC)_', 'iiab/roles/internetarchive/tasks/main.yml_(IaC)_', 'iiab/roles/kalite/tasks/enable-or-disable.yml_(IaC)_', 'iiab/roles/kalite/tasks/main.yml_(IaC)_', 'iiab/roles/kiwix/tasks/main.yml_(IaC)_', 'iiab/roles/kolibri/tasks/main.yml_(IaC)_', 'iiab/roles/mediawiki/tasks/main.yml_(IaC)_', 'iiab/roles/minetest/tasks/main.yml_(IaC)_', 'iiab/roles/mongodb/tasks/enable-or-disable.yml_(IaC)_', 'iiab/roles/mongodb/tasks/main.yml_(IaC)_', 'iiab/roles/monit/tasks/main.yml_(IaC)_', 'iiab/roles/mosquitto/tasks/main.yml_(IaC)_', 'iiab/roles/munin/tasks/enable-or-disable.yml_(IaC)_', 'iiab/roles/munin/tasks/main.yml_(IaC)_', 'iiab/roles/nextcloud/tasks/main.yml_(IaC)_', 'iiab/roles/nodejs/tasks/main.yml_(IaC)_', 'iiab/roles/nodered/tasks/main.yml_(IaC)_', 'iiab/roles/osm-vector-maps/tasks/main.yml_(IaC)_', 'iiab/roles/pbx/tasks/main.yml_(IaC)_', 'iiab/roles/phpmyadmin/tasks/main.yml_(IaC)_', 'iiab/roles/postgresql/tasks/enable-or-disable.yml_(IaC)_', 'iiab/roles/postgresql/tasks/main.yml_(IaC)_', 'iiab/roles/transmission/tasks/main.yml_(IaC)_', 'iiab/roles/vnstat/tasks/main.yml_(IaC)_', 'iiab/roles/wordpress/tasks/main.yml_(IaC)_']]",['8749e66a0b1af141d9af2e4248c7c3838f94eeeb'],[0.0],[0.0],[0],[0],[0]
[1],"[[698, 497, 170, 501, 145, 226, 590, 469, 320, 93, 293, 347, 187]]","[['iiab/roles/mediawiki/tasks/main.yml_(IaC)_', 'iiab/roles/yarn/tasks/main.yml_(IaC)_', 'iiab/roles/minetest/tasks/main.yml_(IaC)_', 'iiab/roles/jupyterhub/tasks/main.yml_(IaC)_', 'iiab/roles/kiwix/tasks/main.yml_(IaC)_', 'iiab/roles/awstats/tasks/main.yml_(IaC)_', 'iiab/roles/bluetooth/tasks/main.yml_(IaC)_', 'iiab/roles/pbx/tasks/main.yml_(IaC)_', 'iiab/roles/0-DEPRECATED-ROLES/httpd/tasks/main.yml_(IaC)_', 'iiab/roles/nextcloud/tasks/main.yml_(IaC)_', 'iiab/roles/0-DEPRECATED-ROLES/elgg/tasks/main.yml_(IaC)_', 'iiab/roles/sugarizer/tasks/main.yml_(IaC)_', 'iiab/roles/sshd/tasks/main.yml_(IaC)_']]","[['iiab/roles/awstats/tasks/main.yml_(IaC)_', 'iiab/roles/calibre-web/tasks/main.yml_(IaC)_', 'iiab/roles/calibre/tasks/enable-or-disable.yml_(IaC)_', 'iiab/roles/calibre/tasks/main.yml_(IaC)_', 'iiab/roles/captiveportal/tasks/main.yml_(IaC)_', 'iiab/roles/gitea/tasks/enable-or-disable.yml_(IaC)_', 'iiab/roles/gitea/tasks/main.yml_(IaC)_', 'iiab/roles/internetarchive/tasks/enable-or-disable.yml_(IaC)_', 'iiab/roles/internetarchive/tasks/main.yml_(IaC)_', 'iiab/roles/kalite/tasks/enable-or-disable.yml_(IaC)_', 'iiab/roles/kalite/tasks/main.yml_(IaC)_', 'iiab/roles/kiwix/tasks/main.yml_(IaC)_', 'iiab/roles/kolibri/tasks/main.yml_(IaC)_', 'iiab/roles/mediawiki/tasks/main.yml_(IaC)_', 'iiab/roles/minetest/tasks/main.yml_(IaC)_', 'iiab/roles/mongodb/tasks/enable-or-disable.yml_(IaC)_', 'iiab/roles/mongodb/tasks/main.yml_(IaC)_', 'iiab/roles/monit/tasks/main.yml_(IaC)_', 'iiab/roles/mosquitto/tasks/main.yml_(IaC)_', 'iiab/roles/munin/tasks/enable-or-disable.yml_(IaC)_', 'iiab/roles/munin/tasks/main.yml_(IaC)_', 'iiab/roles/nextcloud/tasks/main.yml_(IaC)_', 'iiab/roles/nodejs/tasks/main.yml_(IaC)_', 'iiab/roles/nodered/tasks/main.yml_(IaC)_', 'iiab/roles/osm-vector-maps/tasks/main.yml_(IaC)_', 'iiab/roles/pbx/tasks/main.yml_(IaC)_', 'iiab/roles/phpmyadmin/tasks/main.yml_(IaC)_', 'iiab/roles/postgresql/tasks/enable-or-disable.yml_(IaC)_', 'iiab/roles/postgresql/tasks/main.yml_(IaC)_', 'iiab/roles/transmission/tasks/main.yml_(IaC)_', 'iiab/roles/vnstat/tasks/main.yml_(IaC)_', 'iiab/roles/wordpress/tasks/main.yml_(IaC)_']]",['8749e66a0b1af141d9af2e4248c7c3838f94eeeb'],[1.0],[0.03125],[0.06060606060606061],[1],[1.0]
[1],"[[145, 293, 368, 187, 680, 698, 170, 320, 347, 93]]","[['iiab/roles/kiwix/tasks/main.yml_(IaC)_', 'iiab/roles/0-DEPRECATED-ROLES/elgg/tasks/main.yml_(IaC)_', 'iiab/roles/network/tasks/main.yml_(IaC)_', 'iiab/roles/sshd/tasks/main.yml_(IaC)_', 'iiab/roles/vnstat/tasks/main.yml_(IaC)_', 'iiab/roles/mediawiki/tasks/main.yml_(IaC)_', 'iiab/roles/minetest/tasks/main.yml_(IaC)_', 'iiab/roles/0-DEPRECATED-ROLES/httpd/tasks/main.yml_(IaC)_', 'iiab/roles/sugarizer/tasks/main.yml_(IaC)_', 'iiab/roles/nextcloud/tasks/main.yml_(IaC)_']]","[['iiab/roles/awstats/tasks/main.yml_(IaC)_', 'iiab/roles/calibre-web/tasks/main.yml_(IaC)_', 'iiab/roles/calibre/tasks/enable-or-disable.yml_(IaC)_', 'iiab/roles/calibre/tasks/main.yml_(IaC)_', 'iiab/roles/captiveportal/tasks/main.yml_(IaC)_', 'iiab/roles/gitea/tasks/enable-or-disable.yml_(IaC)_', 'iiab/roles/gitea/tasks/main.yml_(IaC)_', 'iiab/roles/internetarchive/tasks/enable-or-disable.yml_(IaC)_', 'iiab/roles/internetarchive/tasks/main.yml_(IaC)_', 'iiab/roles/kalite/tasks/enable-or-disable.yml_(IaC)_', 'iiab/roles/kalite/tasks/main.yml_(IaC)_', 'iiab/roles/kiwix/tasks/main.yml_(IaC)_', 'iiab/roles/kolibri/tasks/main.yml_(IaC)_', 'iiab/roles/mediawiki/tasks/main.yml_(IaC)_', 'iiab/roles/minetest/tasks/main.yml_(IaC)_', 'iiab/roles/mongodb/tasks/enable-or-disable.yml_(IaC)_', 'iiab/roles/mongodb/tasks/main.yml_(IaC)_', 'iiab/roles/monit/tasks/main.yml_(IaC)_', 'iiab/roles/mosquitto/tasks/main.yml_(IaC)_', 'iiab/roles/munin/tasks/enable-or-disable.yml_(IaC)_', 'iiab/roles/munin/tasks/main.yml_(IaC)_', 'iiab/roles/nextcloud/tasks/main.yml_(IaC)_', 'iiab/roles/nodejs/tasks/main.yml_(IaC)_', 'iiab/roles/nodered/tasks/main.yml_(IaC)_', 'iiab/roles/osm-vector-maps/tasks/main.yml_(IaC)_', 'iiab/roles/pbx/tasks/main.yml_(IaC)_', 'iiab/roles/phpmyadmin/tasks/main.yml_(IaC)_', 'iiab/roles/postgresql/tasks/enable-or-disable.yml_(IaC)_', 'iiab/roles/postgresql/tasks/main.yml_(IaC)_', 'iiab/roles/transmission/tasks/main.yml_(IaC)_', 'iiab/roles/vnstat/tasks/main.yml_(IaC)_', 'iiab/roles/wordpress/tasks/main.yml_(IaC)_']]",['8749e66a0b1af141d9af2e4248c7c3838f94eeeb'],[1.0],[0.03125],[0.06060606060606061],[1],[1.0]
[1],"[[501, 576, 347, 170, 145, 698, 187, 293, 569, 590, 45, 93]]","[['iiab/roles/jupyterhub/tasks/main.yml_(IaC)_', 'iiab/roles/nginx/tasks/main.yml_(IaC)_', 'iiab/roles/sugarizer/tasks/main.yml_(IaC)_', 'iiab/roles/minetest/tasks/main.yml_(IaC)_', 'iiab/roles/kiwix/tasks/main.yml_(IaC)_', 'iiab/roles/mediawiki/tasks/main.yml_(IaC)_', 'iiab/roles/sshd/tasks/main.yml_(IaC)_', 'iiab/roles/0-DEPRECATED-ROLES/elgg/tasks/main.yml_(IaC)_', 'iiab/roles/samba/tasks/main.yml_(IaC)_', 'iiab/roles/bluetooth/tasks/main.yml_(IaC)_', 'iiab/roles/mosquitto/tasks/main.yml_(IaC)_', 'iiab/roles/nextcloud/tasks/main.yml_(IaC)_']]","[['iiab/roles/awstats/tasks/main.yml_(IaC)_', 'iiab/roles/calibre-web/tasks/main.yml_(IaC)_', 'iiab/roles/calibre/tasks/enable-or-disable.yml_(IaC)_', 'iiab/roles/calibre/tasks/main.yml_(IaC)_', 'iiab/roles/captiveportal/tasks/main.yml_(IaC)_', 'iiab/roles/gitea/tasks/enable-or-disable.yml_(IaC)_', 'iiab/roles/gitea/tasks/main.yml_(IaC)_', 'iiab/roles/internetarchive/tasks/enable-or-disable.yml_(IaC)_', 'iiab/roles/internetarchive/tasks/main.yml_(IaC)_', 'iiab/roles/kalite/tasks/enable-or-disable.yml_(IaC)_', 'iiab/roles/kalite/tasks/main.yml_(IaC)_', 'iiab/roles/kiwix/tasks/main.yml_(IaC)_', 'iiab/roles/kolibri/tasks/main.yml_(IaC)_', 'iiab/roles/mediawiki/tasks/main.yml_(IaC)_', 'iiab/roles/minetest/tasks/main.yml_(IaC)_', 'iiab/roles/mongodb/tasks/enable-or-disable.yml_(IaC)_', 'iiab/roles/mongodb/tasks/main.yml_(IaC)_', 'iiab/roles/monit/tasks/main.yml_(IaC)_', 'iiab/roles/mosquitto/tasks/main.yml_(IaC)_', 'iiab/roles/munin/tasks/enable-or-disable.yml_(IaC)_', 'iiab/roles/munin/tasks/main.yml_(IaC)_', 'iiab/roles/nextcloud/tasks/main.yml_(IaC)_', 'iiab/roles/nodejs/tasks/main.yml_(IaC)_', 'iiab/roles/nodered/tasks/main.yml_(IaC)_', 'iiab/roles/osm-vector-maps/tasks/main.yml_(IaC)_', 'iiab/roles/pbx/tasks/main.yml_(IaC)_', 'iiab/roles/phpmyadmin/tasks/main.yml_(IaC)_', 'iiab/roles/postgresql/tasks/enable-or-disable.yml_(IaC)_', 'iiab/roles/postgresql/tasks/main.yml_(IaC)_', 'iiab/roles/transmission/tasks/main.yml_(IaC)_', 'iiab/roles/vnstat/tasks/main.yml_(IaC)_', 'iiab/roles/wordpress/tasks/main.yml_(IaC)_']]",['8749e66a0b1af141d9af2e4248c7c3838f94eeeb'],[0.0],[0.0],[0],[0],[0]
[1],"[[590, 497, 501, 145, 226, 170, 469, 93, 293, 187]]","[['iiab/roles/bluetooth/tasks/main.yml_(IaC)_', 'iiab/roles/yarn/tasks/main.yml_(IaC)_', 'iiab/roles/jupyterhub/tasks/main.yml_(IaC)_', 'iiab/roles/kiwix/tasks/main.yml_(IaC)_', 'iiab/roles/awstats/tasks/main.yml_(IaC)_', 'iiab/roles/minetest/tasks/main.yml_(IaC)_', 'iiab/roles/pbx/tasks/main.yml_(IaC)_', 'iiab/roles/nextcloud/tasks/main.yml_(IaC)_', 'iiab/roles/0-DEPRECATED-ROLES/elgg/tasks/main.yml_(IaC)_', 'iiab/roles/sshd/tasks/main.yml_(IaC)_']]","[['iiab/roles/awstats/tasks/main.yml_(IaC)_', 'iiab/roles/calibre-web/tasks/main.yml_(IaC)_', 'iiab/roles/calibre/tasks/enable-or-disable.yml_(IaC)_', 'iiab/roles/calibre/tasks/main.yml_(IaC)_', 'iiab/roles/captiveportal/tasks/main.yml_(IaC)_', 'iiab/roles/gitea/tasks/enable-or-disable.yml_(IaC)_', 'iiab/roles/gitea/tasks/main.yml_(IaC)_', 'iiab/roles/internetarchive/tasks/enable-or-disable.yml_(IaC)_', 'iiab/roles/internetarchive/tasks/main.yml_(IaC)_', 'iiab/roles/kalite/tasks/enable-or-disable.yml_(IaC)_', 'iiab/roles/kalite/tasks/main.yml_(IaC)_', 'iiab/roles/kiwix/tasks/main.yml_(IaC)_', 'iiab/roles/kolibri/tasks/main.yml_(IaC)_', 'iiab/roles/mediawiki/tasks/main.yml_(IaC)_', 'iiab/roles/minetest/tasks/main.yml_(IaC)_', 'iiab/roles/mongodb/tasks/enable-or-disable.yml_(IaC)_', 'iiab/roles/mongodb/tasks/main.yml_(IaC)_', 'iiab/roles/monit/tasks/main.yml_(IaC)_', 'iiab/roles/mosquitto/tasks/main.yml_(IaC)_', 'iiab/roles/munin/tasks/enable-or-disable.yml_(IaC)_', 'iiab/roles/munin/tasks/main.yml_(IaC)_', 'iiab/roles/nextcloud/tasks/main.yml_(IaC)_', 'iiab/roles/nodejs/tasks/main.yml_(IaC)_', 'iiab/roles/nodered/tasks/main.yml_(IaC)_', 'iiab/roles/osm-vector-maps/tasks/main.yml_(IaC)_', 'iiab/roles/pbx/tasks/main.yml_(IaC)_', 'iiab/roles/phpmyadmin/tasks/main.yml_(IaC)_', 'iiab/roles/postgresql/tasks/enable-or-disable.yml_(IaC)_', 'iiab/roles/postgresql/tasks/main.yml_(IaC)_', 'iiab/roles/transmission/tasks/main.yml_(IaC)_', 'iiab/roles/vnstat/tasks/main.yml_(IaC)_', 'iiab/roles/wordpress/tasks/main.yml_(IaC)_']]",['8749e66a0b1af141d9af2e4248c7c3838f94eeeb'],[0.0],[0.0],[0],[0],[0]
[1],"[[668, 590, 569, 469, 717, 293, 347, 501, 576, 680, 187, 698]]","[['iiab/roles/transmission/tasks/main.yml_(IaC)_', 'iiab/roles/bluetooth/tasks/main.yml_(IaC)_', 'iiab/roles/samba/tasks/main.yml_(IaC)_', 'iiab/roles/pbx/tasks/main.yml_(IaC)_', 'iiab/roles/azuracast/tasks/main.yml_(IaC)_', 'iiab/roles/0-DEPRECATED-ROLES/elgg/tasks/main.yml_(IaC)_', 'iiab/roles/sugarizer/tasks/main.yml_(IaC)_', 'iiab/roles/jupyterhub/tasks/main.yml_(IaC)_', 'iiab/roles/nginx/tasks/main.yml_(IaC)_', 'iiab/roles/vnstat/tasks/main.yml_(IaC)_', 'iiab/roles/sshd/tasks/main.yml_(IaC)_', 'iiab/roles/mediawiki/tasks/main.yml_(IaC)_']]","[['iiab/roles/awstats/tasks/main.yml_(IaC)_', 'iiab/roles/calibre-web/tasks/main.yml_(IaC)_', 'iiab/roles/calibre/tasks/enable-or-disable.yml_(IaC)_', 'iiab/roles/calibre/tasks/main.yml_(IaC)_', 'iiab/roles/captiveportal/tasks/main.yml_(IaC)_', 'iiab/roles/gitea/tasks/enable-or-disable.yml_(IaC)_', 'iiab/roles/gitea/tasks/main.yml_(IaC)_', 'iiab/roles/internetarchive/tasks/enable-or-disable.yml_(IaC)_', 'iiab/roles/internetarchive/tasks/main.yml_(IaC)_', 'iiab/roles/kalite/tasks/enable-or-disable.yml_(IaC)_', 'iiab/roles/kalite/tasks/main.yml_(IaC)_', 'iiab/roles/kiwix/tasks/main.yml_(IaC)_', 'iiab/roles/kolibri/tasks/main.yml_(IaC)_', 'iiab/roles/mediawiki/tasks/main.yml_(IaC)_', 'iiab/roles/minetest/tasks/main.yml_(IaC)_', 'iiab/roles/mongodb/tasks/enable-or-disable.yml_(IaC)_', 'iiab/roles/mongodb/tasks/main.yml_(IaC)_', 'iiab/roles/monit/tasks/main.yml_(IaC)_', 'iiab/roles/mosquitto/tasks/main.yml_(IaC)_', 'iiab/roles/munin/tasks/enable-or-disable.yml_(IaC)_', 'iiab/roles/munin/tasks/main.yml_(IaC)_', 'iiab/roles/nextcloud/tasks/main.yml_(IaC)_', 'iiab/roles/nodejs/tasks/main.yml_(IaC)_', 'iiab/roles/nodered/tasks/main.yml_(IaC)_', 'iiab/roles/osm-vector-maps/tasks/main.yml_(IaC)_', 'iiab/roles/pbx/tasks/main.yml_(IaC)_', 'iiab/roles/phpmyadmin/tasks/main.yml_(IaC)_', 'iiab/roles/postgresql/tasks/enable-or-disable.yml_(IaC)_', 'iiab/roles/postgresql/tasks/main.yml_(IaC)_', 'iiab/roles/transmission/tasks/main.yml_(IaC)_', 'iiab/roles/vnstat/tasks/main.yml_(IaC)_', 'iiab/roles/wordpress/tasks/main.yml_(IaC)_']]",['8749e66a0b1af141d9af2e4248c7c3838f94eeeb'],[1.0],[0.03125],[0.06060606060606061],[1],[1.0]
[1],"[[145, 469, 698, 117, 489, 347, 517, 320, 680, 93, 576, 497, 590, 170, 187, 569, 501, 293]]","[['iiab/roles/kiwix/tasks/main.yml_(IaC)_', 'iiab/roles/pbx/tasks/main.yml_(IaC)_', 'iiab/roles/mediawiki/tasks/main.yml_(IaC)_', 'iiab/roles/captiveportal/tasks/main.yml_(IaC)_', 'iiab/roles/munin/tasks/main.yml_(IaC)_', 'iiab/roles/sugarizer/tasks/main.yml_(IaC)_', 'iiab/roles/kalite/tasks/main.yml_(IaC)_', 'iiab/roles/0-DEPRECATED-ROLES/httpd/tasks/main.yml_(IaC)_', 'iiab/roles/vnstat/tasks/main.yml_(IaC)_', 'iiab/roles/nextcloud/tasks/main.yml_(IaC)_', 'iiab/roles/nginx/tasks/main.yml_(IaC)_', 'iiab/roles/yarn/tasks/main.yml_(IaC)_', 'iiab/roles/bluetooth/tasks/main.yml_(IaC)_', 'iiab/roles/minetest/tasks/main.yml_(IaC)_', 'iiab/roles/sshd/tasks/main.yml_(IaC)_', 'iiab/roles/samba/tasks/main.yml_(IaC)_', 'iiab/roles/jupyterhub/tasks/main.yml_(IaC)_', 'iiab/roles/0-DEPRECATED-ROLES/elgg/tasks/main.yml_(IaC)_']]","[['iiab/roles/awstats/tasks/main.yml_(IaC)_', 'iiab/roles/calibre-web/tasks/main.yml_(IaC)_', 'iiab/roles/calibre/tasks/enable-or-disable.yml_(IaC)_', 'iiab/roles/calibre/tasks/main.yml_(IaC)_', 'iiab/roles/captiveportal/tasks/main.yml_(IaC)_', 'iiab/roles/gitea/tasks/enable-or-disable.yml_(IaC)_', 'iiab/roles/gitea/tasks/main.yml_(IaC)_', 'iiab/roles/internetarchive/tasks/enable-or-disable.yml_(IaC)_', 'iiab/roles/internetarchive/tasks/main.yml_(IaC)_', 'iiab/roles/kalite/tasks/enable-or-disable.yml_(IaC)_', 'iiab/roles/kalite/tasks/main.yml_(IaC)_', 'iiab/roles/kiwix/tasks/main.yml_(IaC)_', 'iiab/roles/kolibri/tasks/main.yml_(IaC)_', 'iiab/roles/mediawiki/tasks/main.yml_(IaC)_', 'iiab/roles/minetest/tasks/main.yml_(IaC)_', 'iiab/roles/mongodb/tasks/enable-or-disable.yml_(IaC)_', 'iiab/roles/mongodb/tasks/main.yml_(IaC)_', 'iiab/roles/monit/tasks/main.yml_(IaC)_', 'iiab/roles/mosquitto/tasks/main.yml_(IaC)_', 'iiab/roles/munin/tasks/enable-or-disable.yml_(IaC)_', 'iiab/roles/munin/tasks/main.yml_(IaC)_', 'iiab/roles/nextcloud/tasks/main.yml_(IaC)_', 'iiab/roles/nodejs/tasks/main.yml_(IaC)_', 'iiab/roles/nodered/tasks/main.yml_(IaC)_', 'iiab/roles/osm-vector-maps/tasks/main.yml_(IaC)_', 'iiab/roles/pbx/tasks/main.yml_(IaC)_', 'iiab/roles/phpmyadmin/tasks/main.yml_(IaC)_', 'iiab/roles/postgresql/tasks/enable-or-disable.yml_(IaC)_', 'iiab/roles/postgresql/tasks/main.yml_(IaC)_', 'iiab/roles/transmission/tasks/main.yml_(IaC)_', 'iiab/roles/vnstat/tasks/main.yml_(IaC)_', 'iiab/roles/wordpress/tasks/main.yml_(IaC)_']]",['8749e66a0b1af141d9af2e4248c7c3838f94eeeb'],[1.0],[0.03125],[0.06060606060606061],[1],[1.0]
[1],"[[347, 320, 187, 170, 698, 93, 293, 368, 145, 45]]","[['iiab/roles/sugarizer/tasks/main.yml_(IaC)_', 'iiab/roles/0-DEPRECATED-ROLES/httpd/tasks/main.yml_(IaC)_', 'iiab/roles/sshd/tasks/main.yml_(IaC)_', 'iiab/roles/minetest/tasks/main.yml_(IaC)_', 'iiab/roles/mediawiki/tasks/main.yml_(IaC)_', 'iiab/roles/nextcloud/tasks/main.yml_(IaC)_', 'iiab/roles/0-DEPRECATED-ROLES/elgg/tasks/main.yml_(IaC)_', 'iiab/roles/network/tasks/main.yml_(IaC)_', 'iiab/roles/kiwix/tasks/main.yml_(IaC)_', 'iiab/roles/mosquitto/tasks/main.yml_(IaC)_']]","[['iiab/roles/awstats/tasks/main.yml_(IaC)_', 'iiab/roles/calibre-web/tasks/main.yml_(IaC)_', 'iiab/roles/calibre/tasks/enable-or-disable.yml_(IaC)_', 'iiab/roles/calibre/tasks/main.yml_(IaC)_', 'iiab/roles/captiveportal/tasks/main.yml_(IaC)_', 'iiab/roles/gitea/tasks/enable-or-disable.yml_(IaC)_', 'iiab/roles/gitea/tasks/main.yml_(IaC)_', 'iiab/roles/internetarchive/tasks/enable-or-disable.yml_(IaC)_', 'iiab/roles/internetarchive/tasks/main.yml_(IaC)_', 'iiab/roles/kalite/tasks/enable-or-disable.yml_(IaC)_', 'iiab/roles/kalite/tasks/main.yml_(IaC)_', 'iiab/roles/kiwix/tasks/main.yml_(IaC)_', 'iiab/roles/kolibri/tasks/main.yml_(IaC)_', 'iiab/roles/mediawiki/tasks/main.yml_(IaC)_', 'iiab/roles/minetest/tasks/main.yml_(IaC)_', 'iiab/roles/mongodb/tasks/enable-or-disable.yml_(IaC)_', 'iiab/roles/mongodb/tasks/main.yml_(IaC)_', 'iiab/roles/monit/tasks/main.yml_(IaC)_', 'iiab/roles/mosquitto/tasks/main.yml_(IaC)_', 'iiab/roles/munin/tasks/enable-or-disable.yml_(IaC)_', 'iiab/roles/munin/tasks/main.yml_(IaC)_', 'iiab/roles/nextcloud/tasks/main.yml_(IaC)_', 'iiab/roles/nodejs/tasks/main.yml_(IaC)_', 'iiab/roles/nodered/tasks/main.yml_(IaC)_', 'iiab/roles/osm-vector-maps/tasks/main.yml_(IaC)_', 'iiab/roles/pbx/tasks/main.yml_(IaC)_', 'iiab/roles/phpmyadmin/tasks/main.yml_(IaC)_', 'iiab/roles/postgresql/tasks/enable-or-disable.yml_(IaC)_', 'iiab/roles/postgresql/tasks/main.yml_(IaC)_', 'iiab/roles/transmission/tasks/main.yml_(IaC)_', 'iiab/roles/vnstat/tasks/main.yml_(IaC)_', 'iiab/roles/wordpress/tasks/main.yml_(IaC)_']]",['8749e66a0b1af141d9af2e4248c7c3838f94eeeb'],[0.0],[0.0],[0],[0],[0]
[1],"[[187, 170, 347, 569, 590, 93, 293, 145, 320, 497, 501, 576, 469, 45, 117]]","[['iiab/roles/sshd/tasks/main.yml_(IaC)_', 'iiab/roles/minetest/tasks/main.yml_(IaC)_', 'iiab/roles/sugarizer/tasks/main.yml_(IaC)_', 'iiab/roles/samba/tasks/main.yml_(IaC)_', 'iiab/roles/bluetooth/tasks/main.yml_(IaC)_', 'iiab/roles/nextcloud/tasks/main.yml_(IaC)_', 'iiab/roles/0-DEPRECATED-ROLES/elgg/tasks/main.yml_(IaC)_', 'iiab/roles/kiwix/tasks/main.yml_(IaC)_', 'iiab/roles/0-DEPRECATED-ROLES/httpd/tasks/main.yml_(IaC)_', 'iiab/roles/yarn/tasks/main.yml_(IaC)_', 'iiab/roles/jupyterhub/tasks/main.yml_(IaC)_', 'iiab/roles/nginx/tasks/main.yml_(IaC)_', 'iiab/roles/pbx/tasks/main.yml_(IaC)_', 'iiab/roles/mosquitto/tasks/main.yml_(IaC)_', 'iiab/roles/captiveportal/tasks/main.yml_(IaC)_']]","[['iiab/roles/awstats/tasks/main.yml_(IaC)_', 'iiab/roles/calibre-web/tasks/main.yml_(IaC)_', 'iiab/roles/calibre/tasks/enable-or-disable.yml_(IaC)_', 'iiab/roles/calibre/tasks/main.yml_(IaC)_', 'iiab/roles/captiveportal/tasks/main.yml_(IaC)_', 'iiab/roles/gitea/tasks/enable-or-disable.yml_(IaC)_', 'iiab/roles/gitea/tasks/main.yml_(IaC)_', 'iiab/roles/internetarchive/tasks/enable-or-disable.yml_(IaC)_', 'iiab/roles/internetarchive/tasks/main.yml_(IaC)_', 'iiab/roles/kalite/tasks/enable-or-disable.yml_(IaC)_', 'iiab/roles/kalite/tasks/main.yml_(IaC)_', 'iiab/roles/kiwix/tasks/main.yml_(IaC)_', 'iiab/roles/kolibri/tasks/main.yml_(IaC)_', 'iiab/roles/mediawiki/tasks/main.yml_(IaC)_', 'iiab/roles/minetest/tasks/main.yml_(IaC)_', 'iiab/roles/mongodb/tasks/enable-or-disable.yml_(IaC)_', 'iiab/roles/mongodb/tasks/main.yml_(IaC)_', 'iiab/roles/monit/tasks/main.yml_(IaC)_', 'iiab/roles/mosquitto/tasks/main.yml_(IaC)_', 'iiab/roles/munin/tasks/enable-or-disable.yml_(IaC)_', 'iiab/roles/munin/tasks/main.yml_(IaC)_', 'iiab/roles/nextcloud/tasks/main.yml_(IaC)_', 'iiab/roles/nodejs/tasks/main.yml_(IaC)_', 'iiab/roles/nodered/tasks/main.yml_(IaC)_', 'iiab/roles/osm-vector-maps/tasks/main.yml_(IaC)_', 'iiab/roles/pbx/tasks/main.yml_(IaC)_', 'iiab/roles/phpmyadmin/tasks/main.yml_(IaC)_', 'iiab/roles/postgresql/tasks/enable-or-disable.yml_(IaC)_', 'iiab/roles/postgresql/tasks/main.yml_(IaC)_', 'iiab/roles/transmission/tasks/main.yml_(IaC)_', 'iiab/roles/vnstat/tasks/main.yml_(IaC)_', 'iiab/roles/wordpress/tasks/main.yml_(IaC)_']]",['8749e66a0b1af141d9af2e4248c7c3838f94eeeb'],[0.0],[0.0],[0],[0],[0]
[1],"[[698, 590, 178, 497, 501, 347, 293, 569, 320, 187, 469, 170, 680, 93, 145, 226, 576, 368]]","[['iiab/roles/mediawiki/tasks/main.yml_(IaC)_', 'iiab/roles/bluetooth/tasks/main.yml_(IaC)_', 'iiab/roles/wordpress/tasks/main.yml_(IaC)_', 'iiab/roles/yarn/tasks/main.yml_(IaC)_', 'iiab/roles/jupyterhub/tasks/main.yml_(IaC)_', 'iiab/roles/sugarizer/tasks/main.yml_(IaC)_', 'iiab/roles/0-DEPRECATED-ROLES/elgg/tasks/main.yml_(IaC)_', 'iiab/roles/samba/tasks/main.yml_(IaC)_', 'iiab/roles/0-DEPRECATED-ROLES/httpd/tasks/main.yml_(IaC)_', 'iiab/roles/sshd/tasks/main.yml_(IaC)_', 'iiab/roles/pbx/tasks/main.yml_(IaC)_', 'iiab/roles/minetest/tasks/main.yml_(IaC)_', 'iiab/roles/vnstat/tasks/main.yml_(IaC)_', 'iiab/roles/nextcloud/tasks/main.yml_(IaC)_', 'iiab/roles/kiwix/tasks/main.yml_(IaC)_', 'iiab/roles/awstats/tasks/main.yml_(IaC)_', 'iiab/roles/nginx/tasks/main.yml_(IaC)_', 'iiab/roles/network/tasks/main.yml_(IaC)_']]","[['iiab/roles/awstats/tasks/main.yml_(IaC)_', 'iiab/roles/calibre-web/tasks/main.yml_(IaC)_', 'iiab/roles/calibre/tasks/enable-or-disable.yml_(IaC)_', 'iiab/roles/calibre/tasks/main.yml_(IaC)_', 'iiab/roles/captiveportal/tasks/main.yml_(IaC)_', 'iiab/roles/gitea/tasks/enable-or-disable.yml_(IaC)_', 'iiab/roles/gitea/tasks/main.yml_(IaC)_', 'iiab/roles/internetarchive/tasks/enable-or-disable.yml_(IaC)_', 'iiab/roles/internetarchive/tasks/main.yml_(IaC)_', 'iiab/roles/kalite/tasks/enable-or-disable.yml_(IaC)_', 'iiab/roles/kalite/tasks/main.yml_(IaC)_', 'iiab/roles/kiwix/tasks/main.yml_(IaC)_', 'iiab/roles/kolibri/tasks/main.yml_(IaC)_', 'iiab/roles/mediawiki/tasks/main.yml_(IaC)_', 'iiab/roles/minetest/tasks/main.yml_(IaC)_', 'iiab/roles/mongodb/tasks/enable-or-disable.yml_(IaC)_', 'iiab/roles/mongodb/tasks/main.yml_(IaC)_', 'iiab/roles/monit/tasks/main.yml_(IaC)_', 'iiab/roles/mosquitto/tasks/main.yml_(IaC)_', 'iiab/roles/munin/tasks/enable-or-disable.yml_(IaC)_', 'iiab/roles/munin/tasks/main.yml_(IaC)_', 'iiab/roles/nextcloud/tasks/main.yml_(IaC)_', 'iiab/roles/nodejs/tasks/main.yml_(IaC)_', 'iiab/roles/nodered/tasks/main.yml_(IaC)_', 'iiab/roles/osm-vector-maps/tasks/main.yml_(IaC)_', 'iiab/roles/pbx/tasks/main.yml_(IaC)_', 'iiab/roles/phpmyadmin/tasks/main.yml_(IaC)_', 'iiab/roles/postgresql/tasks/enable-or-disable.yml_(IaC)_', 'iiab/roles/postgresql/tasks/main.yml_(IaC)_', 'iiab/roles/transmission/tasks/main.yml_(IaC)_', 'iiab/roles/vnstat/tasks/main.yml_(IaC)_', 'iiab/roles/wordpress/tasks/main.yml_(IaC)_']]",['8749e66a0b1af141d9af2e4248c7c3838f94eeeb'],[1.0],[0.03125],[0.06060606060606061],[1],[1.0]
[1],"[[368, 347, 590, 344, 45, 469, 501, 293, 320, 93]]","[['iiab/roles/network/tasks/main.yml_(IaC)_', 'iiab/roles/sugarizer/tasks/main.yml_(IaC)_', 'iiab/roles/bluetooth/tasks/main.yml_(IaC)_', 'iiab/roles/sugarizer/tasks/main2.yml_(IaC)_', 'iiab/roles/mosquitto/tasks/main.yml_(IaC)_', 'iiab/roles/pbx/tasks/main.yml_(IaC)_', 'iiab/roles/jupyterhub/tasks/main.yml_(IaC)_', 'iiab/roles/0-DEPRECATED-ROLES/elgg/tasks/main.yml_(IaC)_', 'iiab/roles/0-DEPRECATED-ROLES/httpd/tasks/main.yml_(IaC)_', 'iiab/roles/nextcloud/tasks/main.yml_(IaC)_']]","[['iiab/roles/awstats/tasks/main.yml_(IaC)_', 'iiab/roles/calibre-web/tasks/main.yml_(IaC)_', 'iiab/roles/calibre/tasks/enable-or-disable.yml_(IaC)_', 'iiab/roles/calibre/tasks/main.yml_(IaC)_', 'iiab/roles/captiveportal/tasks/main.yml_(IaC)_', 'iiab/roles/gitea/tasks/enable-or-disable.yml_(IaC)_', 'iiab/roles/gitea/tasks/main.yml_(IaC)_', 'iiab/roles/internetarchive/tasks/enable-or-disable.yml_(IaC)_', 'iiab/roles/internetarchive/tasks/main.yml_(IaC)_', 'iiab/roles/kalite/tasks/enable-or-disable.yml_(IaC)_', 'iiab/roles/kalite/tasks/main.yml_(IaC)_', 'iiab/roles/kiwix/tasks/main.yml_(IaC)_', 'iiab/roles/kolibri/tasks/main.yml_(IaC)_', 'iiab/roles/mediawiki/tasks/main.yml_(IaC)_', 'iiab/roles/minetest/tasks/main.yml_(IaC)_', 'iiab/roles/mongodb/tasks/enable-or-disable.yml_(IaC)_', 'iiab/roles/mongodb/tasks/main.yml_(IaC)_', 'iiab/roles/monit/tasks/main.yml_(IaC)_', 'iiab/roles/mosquitto/tasks/main.yml_(IaC)_', 'iiab/roles/munin/tasks/enable-or-disable.yml_(IaC)_', 'iiab/roles/munin/tasks/main.yml_(IaC)_', 'iiab/roles/nextcloud/tasks/main.yml_(IaC)_', 'iiab/roles/nodejs/tasks/main.yml_(IaC)_', 'iiab/roles/nodered/tasks/main.yml_(IaC)_', 'iiab/roles/osm-vector-maps/tasks/main.yml_(IaC)_', 'iiab/roles/pbx/tasks/main.yml_(IaC)_', 'iiab/roles/phpmyadmin/tasks/main.yml_(IaC)_', 'iiab/roles/postgresql/tasks/enable-or-disable.yml_(IaC)_', 'iiab/roles/postgresql/tasks/main.yml_(IaC)_', 'iiab/roles/transmission/tasks/main.yml_(IaC)_', 'iiab/roles/vnstat/tasks/main.yml_(IaC)_', 'iiab/roles/wordpress/tasks/main.yml_(IaC)_']]",['8749e66a0b1af141d9af2e4248c7c3838f94eeeb'],[0.0],[0.0],[0],[0],[0]
[1],"[[187, 320, 226, 293, 368, 93, 469, 501, 347, 680, 170, 698]]","[['iiab/roles/sshd/tasks/main.yml_(IaC)_', 'iiab/roles/0-DEPRECATED-ROLES/httpd/tasks/main.yml_(IaC)_', 'iiab/roles/awstats/tasks/main.yml_(IaC)_', 'iiab/roles/0-DEPRECATED-ROLES/elgg/tasks/main.yml_(IaC)_', 'iiab/roles/network/tasks/main.yml_(IaC)_', 'iiab/roles/nextcloud/tasks/main.yml_(IaC)_', 'iiab/roles/pbx/tasks/main.yml_(IaC)_', 'iiab/roles/jupyterhub/tasks/main.yml_(IaC)_', 'iiab/roles/sugarizer/tasks/main.yml_(IaC)_', 'iiab/roles/vnstat/tasks/main.yml_(IaC)_', 'iiab/roles/minetest/tasks/main.yml_(IaC)_', 'iiab/roles/mediawiki/tasks/main.yml_(IaC)_']]","[['iiab/roles/awstats/tasks/main.yml_(IaC)_', 'iiab/roles/calibre-web/tasks/main.yml_(IaC)_', 'iiab/roles/calibre/tasks/enable-or-disable.yml_(IaC)_', 'iiab/roles/calibre/tasks/main.yml_(IaC)_', 'iiab/roles/captiveportal/tasks/main.yml_(IaC)_', 'iiab/roles/gitea/tasks/enable-or-disable.yml_(IaC)_', 'iiab/roles/gitea/tasks/main.yml_(IaC)_', 'iiab/roles/internetarchive/tasks/enable-or-disable.yml_(IaC)_', 'iiab/roles/internetarchive/tasks/main.yml_(IaC)_', 'iiab/roles/kalite/tasks/enable-or-disable.yml_(IaC)_', 'iiab/roles/kalite/tasks/main.yml_(IaC)_', 'iiab/roles/kiwix/tasks/main.yml_(IaC)_', 'iiab/roles/kolibri/tasks/main.yml_(IaC)_', 'iiab/roles/mediawiki/tasks/main.yml_(IaC)_', 'iiab/roles/minetest/tasks/main.yml_(IaC)_', 'iiab/roles/mongodb/tasks/enable-or-disable.yml_(IaC)_', 'iiab/roles/mongodb/tasks/main.yml_(IaC)_', 'iiab/roles/monit/tasks/main.yml_(IaC)_', 'iiab/roles/mosquitto/tasks/main.yml_(IaC)_', 'iiab/roles/munin/tasks/enable-or-disable.yml_(IaC)_', 'iiab/roles/munin/tasks/main.yml_(IaC)_', 'iiab/roles/nextcloud/tasks/main.yml_(IaC)_', 'iiab/roles/nodejs/tasks/main.yml_(IaC)_', 'iiab/roles/nodered/tasks/main.yml_(IaC)_', 'iiab/roles/osm-vector-maps/tasks/main.yml_(IaC)_', 'iiab/roles/pbx/tasks/main.yml_(IaC)_', 'iiab/roles/phpmyadmin/tasks/main.yml_(IaC)_', 'iiab/roles/postgresql/tasks/enable-or-disable.yml_(IaC)_', 'iiab/roles/postgresql/tasks/main.yml_(IaC)_', 'iiab/roles/transmission/tasks/main.yml_(IaC)_', 'iiab/roles/vnstat/tasks/main.yml_(IaC)_', 'iiab/roles/wordpress/tasks/main.yml_(IaC)_']]",['8749e66a0b1af141d9af2e4248c7c3838f94eeeb'],[0.0],[0.0],[0],[0],[0]
[1],"[[145, 469, 347, 93, 125, 178, 158, 187, 170, 698, 497, 293, 501, 226, 117]]","[['iiab/roles/kiwix/tasks/main.yml_(IaC)_', 'iiab/roles/pbx/tasks/main.yml_(IaC)_', 'iiab/roles/sugarizer/tasks/main.yml_(IaC)_', 'iiab/roles/nextcloud/tasks/main.yml_(IaC)_', 'iiab/roles/nodejs/tasks/main.yml_(IaC)_', 'iiab/roles/wordpress/tasks/main.yml_(IaC)_', 'iiab/roles/nodered/tasks/main.yml_(IaC)_', 'iiab/roles/sshd/tasks/main.yml_(IaC)_', 'iiab/roles/minetest/tasks/main.yml_(IaC)_', 'iiab/roles/mediawiki/tasks/main.yml_(IaC)_', 'iiab/roles/yarn/tasks/main.yml_(IaC)_', 'iiab/roles/0-DEPRECATED-ROLES/elgg/tasks/main.yml_(IaC)_', 'iiab/roles/jupyterhub/tasks/main.yml_(IaC)_', 'iiab/roles/awstats/tasks/main.yml_(IaC)_', 'iiab/roles/captiveportal/tasks/main.yml_(IaC)_']]","[['iiab/roles/awstats/tasks/main.yml_(IaC)_', 'iiab/roles/calibre-web/tasks/main.yml_(IaC)_', 'iiab/roles/calibre/tasks/enable-or-disable.yml_(IaC)_', 'iiab/roles/calibre/tasks/main.yml_(IaC)_', 'iiab/roles/captiveportal/tasks/main.yml_(IaC)_', 'iiab/roles/gitea/tasks/enable-or-disable.yml_(IaC)_', 'iiab/roles/gitea/tasks/main.yml_(IaC)_', 'iiab/roles/internetarchive/tasks/enable-or-disable.yml_(IaC)_', 'iiab/roles/internetarchive/tasks/main.yml_(IaC)_', 'iiab/roles/kalite/tasks/enable-or-disable.yml_(IaC)_', 'iiab/roles/kalite/tasks/main.yml_(IaC)_', 'iiab/roles/kiwix/tasks/main.yml_(IaC)_', 'iiab/roles/kolibri/tasks/main.yml_(IaC)_', 'iiab/roles/mediawiki/tasks/main.yml_(IaC)_', 'iiab/roles/minetest/tasks/main.yml_(IaC)_', 'iiab/roles/mongodb/tasks/enable-or-disable.yml_(IaC)_', 'iiab/roles/mongodb/tasks/main.yml_(IaC)_', 'iiab/roles/monit/tasks/main.yml_(IaC)_', 'iiab/roles/mosquitto/tasks/main.yml_(IaC)_', 'iiab/roles/munin/tasks/enable-or-disable.yml_(IaC)_', 'iiab/roles/munin/tasks/main.yml_(IaC)_', 'iiab/roles/nextcloud/tasks/main.yml_(IaC)_', 'iiab/roles/nodejs/tasks/main.yml_(IaC)_', 'iiab/roles/nodered/tasks/main.yml_(IaC)_', 'iiab/roles/osm-vector-maps/tasks/main.yml_(IaC)_', 'iiab/roles/pbx/tasks/main.yml_(IaC)_', 'iiab/roles/phpmyadmin/tasks/main.yml_(IaC)_', 'iiab/roles/postgresql/tasks/enable-or-disable.yml_(IaC)_', 'iiab/roles/postgresql/tasks/main.yml_(IaC)_', 'iiab/roles/transmission/tasks/main.yml_(IaC)_', 'iiab/roles/vnstat/tasks/main.yml_(IaC)_', 'iiab/roles/wordpress/tasks/main.yml_(IaC)_']]",['8749e66a0b1af141d9af2e4248c7c3838f94eeeb'],[1.0],[0.03125],[0.06060606060606061],[1],[1.0]
[1],"[[170, 320, 347, 501, 698, 226, 93, 187, 293, 45, 590]]","[['iiab/roles/minetest/tasks/main.yml_(IaC)_', 'iiab/roles/0-DEPRECATED-ROLES/httpd/tasks/main.yml_(IaC)_', 'iiab/roles/sugarizer/tasks/main.yml_(IaC)_', 'iiab/roles/jupyterhub/tasks/main.yml_(IaC)_', 'iiab/roles/mediawiki/tasks/main.yml_(IaC)_', 'iiab/roles/awstats/tasks/main.yml_(IaC)_', 'iiab/roles/nextcloud/tasks/main.yml_(IaC)_', 'iiab/roles/sshd/tasks/main.yml_(IaC)_', 'iiab/roles/0-DEPRECATED-ROLES/elgg/tasks/main.yml_(IaC)_', 'iiab/roles/mosquitto/tasks/main.yml_(IaC)_', 'iiab/roles/bluetooth/tasks/main.yml_(IaC)_']]","[['iiab/roles/awstats/tasks/main.yml_(IaC)_', 'iiab/roles/calibre-web/tasks/main.yml_(IaC)_', 'iiab/roles/calibre/tasks/enable-or-disable.yml_(IaC)_', 'iiab/roles/calibre/tasks/main.yml_(IaC)_', 'iiab/roles/captiveportal/tasks/main.yml_(IaC)_', 'iiab/roles/gitea/tasks/enable-or-disable.yml_(IaC)_', 'iiab/roles/gitea/tasks/main.yml_(IaC)_', 'iiab/roles/internetarchive/tasks/enable-or-disable.yml_(IaC)_', 'iiab/roles/internetarchive/tasks/main.yml_(IaC)_', 'iiab/roles/kalite/tasks/enable-or-disable.yml_(IaC)_', 'iiab/roles/kalite/tasks/main.yml_(IaC)_', 'iiab/roles/kiwix/tasks/main.yml_(IaC)_', 'iiab/roles/kolibri/tasks/main.yml_(IaC)_', 'iiab/roles/mediawiki/tasks/main.yml_(IaC)_', 'iiab/roles/minetest/tasks/main.yml_(IaC)_', 'iiab/roles/mongodb/tasks/enable-or-disable.yml_(IaC)_', 'iiab/roles/mongodb/tasks/main.yml_(IaC)_', 'iiab/roles/monit/tasks/main.yml_(IaC)_', 'iiab/roles/mosquitto/tasks/main.yml_(IaC)_', 'iiab/roles/munin/tasks/enable-or-disable.yml_(IaC)_', 'iiab/roles/munin/tasks/main.yml_(IaC)_', 'iiab/roles/nextcloud/tasks/main.yml_(IaC)_', 'iiab/roles/nodejs/tasks/main.yml_(IaC)_', 'iiab/roles/nodered/tasks/main.yml_(IaC)_', 'iiab/roles/osm-vector-maps/tasks/main.yml_(IaC)_', 'iiab/roles/pbx/tasks/main.yml_(IaC)_', 'iiab/roles/phpmyadmin/tasks/main.yml_(IaC)_', 'iiab/roles/postgresql/tasks/enable-or-disable.yml_(IaC)_', 'iiab/roles/postgresql/tasks/main.yml_(IaC)_', 'iiab/roles/transmission/tasks/main.yml_(IaC)_', 'iiab/roles/vnstat/tasks/main.yml_(IaC)_', 'iiab/roles/wordpress/tasks/main.yml_(IaC)_']]",['8749e66a0b1af141d9af2e4248c7c3838f94eeeb'],[1.0],[0.03125],[0.06060606060606061],[1],[1.0]
[1],"[[590, 187, 698, 469, 517, 680, 497, 569, 501, 93]]","[['iiab/roles/bluetooth/tasks/main.yml_(IaC)_', 'iiab/roles/sshd/tasks/main.yml_(IaC)_', 'iiab/roles/mediawiki/tasks/main.yml_(IaC)_', 'iiab/roles/pbx/tasks/main.yml_(IaC)_', 'iiab/roles/kalite/tasks/main.yml_(IaC)_', 'iiab/roles/vnstat/tasks/main.yml_(IaC)_', 'iiab/roles/yarn/tasks/main.yml_(IaC)_', 'iiab/roles/samba/tasks/main.yml_(IaC)_', 'iiab/roles/jupyterhub/tasks/main.yml_(IaC)_', 'iiab/roles/nextcloud/tasks/main.yml_(IaC)_']]","[['iiab/roles/awstats/tasks/main.yml_(IaC)_', 'iiab/roles/calibre-web/tasks/main.yml_(IaC)_', 'iiab/roles/calibre/tasks/enable-or-disable.yml_(IaC)_', 'iiab/roles/calibre/tasks/main.yml_(IaC)_', 'iiab/roles/captiveportal/tasks/main.yml_(IaC)_', 'iiab/roles/gitea/tasks/enable-or-disable.yml_(IaC)_', 'iiab/roles/gitea/tasks/main.yml_(IaC)_', 'iiab/roles/internetarchive/tasks/enable-or-disable.yml_(IaC)_', 'iiab/roles/internetarchive/tasks/main.yml_(IaC)_', 'iiab/roles/kalite/tasks/enable-or-disable.yml_(IaC)_', 'iiab/roles/kalite/tasks/main.yml_(IaC)_', 'iiab/roles/kiwix/tasks/main.yml_(IaC)_', 'iiab/roles/kolibri/tasks/main.yml_(IaC)_', 'iiab/roles/mediawiki/tasks/main.yml_(IaC)_', 'iiab/roles/minetest/tasks/main.yml_(IaC)_', 'iiab/roles/mongodb/tasks/enable-or-disable.yml_(IaC)_', 'iiab/roles/mongodb/tasks/main.yml_(IaC)_', 'iiab/roles/monit/tasks/main.yml_(IaC)_', 'iiab/roles/mosquitto/tasks/main.yml_(IaC)_', 'iiab/roles/munin/tasks/enable-or-disable.yml_(IaC)_', 'iiab/roles/munin/tasks/main.yml_(IaC)_', 'iiab/roles/nextcloud/tasks/main.yml_(IaC)_', 'iiab/roles/nodejs/tasks/main.yml_(IaC)_', 'iiab/roles/nodered/tasks/main.yml_(IaC)_', 'iiab/roles/osm-vector-maps/tasks/main.yml_(IaC)_', 'iiab/roles/pbx/tasks/main.yml_(IaC)_', 'iiab/roles/phpmyadmin/tasks/main.yml_(IaC)_', 'iiab/roles/postgresql/tasks/enable-or-disable.yml_(IaC)_', 'iiab/roles/postgresql/tasks/main.yml_(IaC)_', 'iiab/roles/transmission/tasks/main.yml_(IaC)_', 'iiab/roles/vnstat/tasks/main.yml_(IaC)_', 'iiab/roles/wordpress/tasks/main.yml_(IaC)_']]",['8749e66a0b1af141d9af2e4248c7c3838f94eeeb'],[0.0],[0.0],[0],[0],[0]
[1],"[[680, 293, 469, 170, 698, 93, 569, 590, 576, 543, 501, 497, 347, 517, 368, 320, 489, 45, 145, 187]]","[['iiab/roles/vnstat/tasks/main.yml_(IaC)_', 'iiab/roles/0-DEPRECATED-ROLES/elgg/tasks/main.yml_(IaC)_', 'iiab/roles/pbx/tasks/main.yml_(IaC)_', 'iiab/roles/minetest/tasks/main.yml_(IaC)_', 'iiab/roles/mediawiki/tasks/main.yml_(IaC)_', 'iiab/roles/nextcloud/tasks/main.yml_(IaC)_', 'iiab/roles/samba/tasks/main.yml_(IaC)_', 'iiab/roles/bluetooth/tasks/main.yml_(IaC)_', 'iiab/roles/nginx/tasks/main.yml_(IaC)_', 'iiab/roles/openvpn/tasks/main.yml_(IaC)_', 'iiab/roles/jupyterhub/tasks/main.yml_(IaC)_', 'iiab/roles/yarn/tasks/main.yml_(IaC)_', 'iiab/roles/sugarizer/tasks/main.yml_(IaC)_', 'iiab/roles/kalite/tasks/main.yml_(IaC)_', 'iiab/roles/network/tasks/main.yml_(IaC)_', 'iiab/roles/0-DEPRECATED-ROLES/httpd/tasks/main.yml_(IaC)_', 'iiab/roles/munin/tasks/main.yml_(IaC)_', 'iiab/roles/mosquitto/tasks/main.yml_(IaC)_', 'iiab/roles/kiwix/tasks/main.yml_(IaC)_', 'iiab/roles/sshd/tasks/main.yml_(IaC)_']]","[['iiab/roles/awstats/tasks/main.yml_(IaC)_', 'iiab/roles/calibre-web/tasks/main.yml_(IaC)_', 'iiab/roles/calibre/tasks/enable-or-disable.yml_(IaC)_', 'iiab/roles/calibre/tasks/main.yml_(IaC)_', 'iiab/roles/captiveportal/tasks/main.yml_(IaC)_', 'iiab/roles/gitea/tasks/enable-or-disable.yml_(IaC)_', 'iiab/roles/gitea/tasks/main.yml_(IaC)_', 'iiab/roles/internetarchive/tasks/enable-or-disable.yml_(IaC)_', 'iiab/roles/internetarchive/tasks/main.yml_(IaC)_', 'iiab/roles/kalite/tasks/enable-or-disable.yml_(IaC)_', 'iiab/roles/kalite/tasks/main.yml_(IaC)_', 'iiab/roles/kiwix/tasks/main.yml_(IaC)_', 'iiab/roles/kolibri/tasks/main.yml_(IaC)_', 'iiab/roles/mediawiki/tasks/main.yml_(IaC)_', 'iiab/roles/minetest/tasks/main.yml_(IaC)_', 'iiab/roles/mongodb/tasks/enable-or-disable.yml_(IaC)_', 'iiab/roles/mongodb/tasks/main.yml_(IaC)_', 'iiab/roles/monit/tasks/main.yml_(IaC)_', 'iiab/roles/mosquitto/tasks/main.yml_(IaC)_', 'iiab/roles/munin/tasks/enable-or-disable.yml_(IaC)_', 'iiab/roles/munin/tasks/main.yml_(IaC)_', 'iiab/roles/nextcloud/tasks/main.yml_(IaC)_', 'iiab/roles/nodejs/tasks/main.yml_(IaC)_', 'iiab/roles/nodered/tasks/main.yml_(IaC)_', 'iiab/roles/osm-vector-maps/tasks/main.yml_(IaC)_', 'iiab/roles/pbx/tasks/main.yml_(IaC)_', 'iiab/roles/phpmyadmin/tasks/main.yml_(IaC)_', 'iiab/roles/postgresql/tasks/enable-or-disable.yml_(IaC)_', 'iiab/roles/postgresql/tasks/main.yml_(IaC)_', 'iiab/roles/transmission/tasks/main.yml_(IaC)_', 'iiab/roles/vnstat/tasks/main.yml_(IaC)_', 'iiab/roles/wordpress/tasks/main.yml_(IaC)_']]",['8749e66a0b1af141d9af2e4248c7c3838f94eeeb'],[1.0],[0.03125],[0.06060606060606061],[1],[1.0]
[1],"[[226, 347, 50, 45, 219, 178, 501, 590, 293, 320, 187, 93, 145, 117, 170]]","[['iiab/roles/awstats/tasks/main.yml_(IaC)_', 'iiab/roles/sugarizer/tasks/main.yml_(IaC)_', 'iiab/roles/www_base/tasks/main.yml_(IaC)_', 'iiab/roles/mosquitto/tasks/main.yml_(IaC)_', 'iiab/roles/phpmyadmin/tasks/main.yml_(IaC)_', 'iiab/roles/wordpress/tasks/main.yml_(IaC)_', 'iiab/roles/jupyterhub/tasks/main.yml_(IaC)_', 'iiab/roles/bluetooth/tasks/main.yml_(IaC)_', 'iiab/roles/0-DEPRECATED-ROLES/elgg/tasks/main.yml_(IaC)_', 'iiab/roles/0-DEPRECATED-ROLES/httpd/tasks/main.yml_(IaC)_', 'iiab/roles/sshd/tasks/main.yml_(IaC)_', 'iiab/roles/nextcloud/tasks/main.yml_(IaC)_', 'iiab/roles/kiwix/tasks/main.yml_(IaC)_', 'iiab/roles/captiveportal/tasks/main.yml_(IaC)_', 'iiab/roles/minetest/tasks/main.yml_(IaC)_']]","[['iiab/roles/awstats/tasks/main.yml_(IaC)_', 'iiab/roles/calibre-web/tasks/main.yml_(IaC)_', 'iiab/roles/calibre/tasks/enable-or-disable.yml_(IaC)_', 'iiab/roles/calibre/tasks/main.yml_(IaC)_', 'iiab/roles/captiveportal/tasks/main.yml_(IaC)_', 'iiab/roles/gitea/tasks/enable-or-disable.yml_(IaC)_', 'iiab/roles/gitea/tasks/main.yml_(IaC)_', 'iiab/roles/internetarchive/tasks/enable-or-disable.yml_(IaC)_', 'iiab/roles/internetarchive/tasks/main.yml_(IaC)_', 'iiab/roles/kalite/tasks/enable-or-disable.yml_(IaC)_', 'iiab/roles/kalite/tasks/main.yml_(IaC)_', 'iiab/roles/kiwix/tasks/main.yml_(IaC)_', 'iiab/roles/kolibri/tasks/main.yml_(IaC)_', 'iiab/roles/mediawiki/tasks/main.yml_(IaC)_', 'iiab/roles/minetest/tasks/main.yml_(IaC)_', 'iiab/roles/mongodb/tasks/enable-or-disable.yml_(IaC)_', 'iiab/roles/mongodb/tasks/main.yml_(IaC)_', 'iiab/roles/monit/tasks/main.yml_(IaC)_', 'iiab/roles/mosquitto/tasks/main.yml_(IaC)_', 'iiab/roles/munin/tasks/enable-or-disable.yml_(IaC)_', 'iiab/roles/munin/tasks/main.yml_(IaC)_', 'iiab/roles/nextcloud/tasks/main.yml_(IaC)_', 'iiab/roles/nodejs/tasks/main.yml_(IaC)_', 'iiab/roles/nodered/tasks/main.yml_(IaC)_', 'iiab/roles/osm-vector-maps/tasks/main.yml_(IaC)_', 'iiab/roles/pbx/tasks/main.yml_(IaC)_', 'iiab/roles/phpmyadmin/tasks/main.yml_(IaC)_', 'iiab/roles/postgresql/tasks/enable-or-disable.yml_(IaC)_', 'iiab/roles/postgresql/tasks/main.yml_(IaC)_', 'iiab/roles/transmission/tasks/main.yml_(IaC)_', 'iiab/roles/vnstat/tasks/main.yml_(IaC)_', 'iiab/roles/wordpress/tasks/main.yml_(IaC)_']]",['8749e66a0b1af141d9af2e4248c7c3838f94eeeb'],[1.0],[0.03125],[0.06060606060606061],[1],[1.0]
[1],"[[698, 680, 170, 335, 501, 590, 125, 469, 45, 368, 344, 347, 293, 187, 117, 145, 320, 93]]","[['iiab/roles/mediawiki/tasks/main.yml_(IaC)_', 'iiab/roles/vnstat/tasks/main.yml_(IaC)_', 'iiab/roles/minetest/tasks/main.yml_(IaC)_', 'iiab/roles/0-DEPRECATED-ROLES/rachel/tasks/main.yml_(IaC)_', 'iiab/roles/jupyterhub/tasks/main.yml_(IaC)_', 'iiab/roles/bluetooth/tasks/main.yml_(IaC)_', 'iiab/roles/nodejs/tasks/main.yml_(IaC)_', 'iiab/roles/pbx/tasks/main.yml_(IaC)_', 'iiab/roles/mosquitto/tasks/main.yml_(IaC)_', 'iiab/roles/network/tasks/main.yml_(IaC)_', 'iiab/roles/sugarizer/tasks/main2.yml_(IaC)_', 'iiab/roles/sugarizer/tasks/main.yml_(IaC)_', 'iiab/roles/0-DEPRECATED-ROLES/elgg/tasks/main.yml_(IaC)_', 'iiab/roles/sshd/tasks/main.yml_(IaC)_', 'iiab/roles/captiveportal/tasks/main.yml_(IaC)_', 'iiab/roles/kiwix/tasks/main.yml_(IaC)_', 'iiab/roles/0-DEPRECATED-ROLES/httpd/tasks/main.yml_(IaC)_', 'iiab/roles/nextcloud/tasks/main.yml_(IaC)_']]","[['iiab/roles/awstats/tasks/main.yml_(IaC)_', 'iiab/roles/calibre-web/tasks/main.yml_(IaC)_', 'iiab/roles/calibre/tasks/enable-or-disable.yml_(IaC)_', 'iiab/roles/calibre/tasks/main.yml_(IaC)_', 'iiab/roles/captiveportal/tasks/main.yml_(IaC)_', 'iiab/roles/gitea/tasks/enable-or-disable.yml_(IaC)_', 'iiab/roles/gitea/tasks/main.yml_(IaC)_', 'iiab/roles/internetarchive/tasks/enable-or-disable.yml_(IaC)_', 'iiab/roles/internetarchive/tasks/main.yml_(IaC)_', 'iiab/roles/kalite/tasks/enable-or-disable.yml_(IaC)_', 'iiab/roles/kalite/tasks/main.yml_(IaC)_', 'iiab/roles/kiwix/tasks/main.yml_(IaC)_', 'iiab/roles/kolibri/tasks/main.yml_(IaC)_', 'iiab/roles/mediawiki/tasks/main.yml_(IaC)_', 'iiab/roles/minetest/tasks/main.yml_(IaC)_', 'iiab/roles/mongodb/tasks/enable-or-disable.yml_(IaC)_', 'iiab/roles/mongodb/tasks/main.yml_(IaC)_', 'iiab/roles/monit/tasks/main.yml_(IaC)_', 'iiab/roles/mosquitto/tasks/main.yml_(IaC)_', 'iiab/roles/munin/tasks/enable-or-disable.yml_(IaC)_', 'iiab/roles/munin/tasks/main.yml_(IaC)_', 'iiab/roles/nextcloud/tasks/main.yml_(IaC)_', 'iiab/roles/nodejs/tasks/main.yml_(IaC)_', 'iiab/roles/nodered/tasks/main.yml_(IaC)_', 'iiab/roles/osm-vector-maps/tasks/main.yml_(IaC)_', 'iiab/roles/pbx/tasks/main.yml_(IaC)_', 'iiab/roles/phpmyadmin/tasks/main.yml_(IaC)_', 'iiab/roles/postgresql/tasks/enable-or-disable.yml_(IaC)_', 'iiab/roles/postgresql/tasks/main.yml_(IaC)_', 'iiab/roles/transmission/tasks/main.yml_(IaC)_', 'iiab/roles/vnstat/tasks/main.yml_(IaC)_', 'iiab/roles/wordpress/tasks/main.yml_(IaC)_']]",['8749e66a0b1af141d9af2e4248c7c3838f94eeeb'],[1.0],[0.03125],[0.06060606060606061],[1],[1.0]
[1],"[[93, 469, 320, 590, 293, 680, 668, 347, 698, 368, 501, 344, 187, 170, 145, 717]]","[['iiab/roles/nextcloud/tasks/main.yml_(IaC)_', 'iiab/roles/pbx/tasks/main.yml_(IaC)_', 'iiab/roles/0-DEPRECATED-ROLES/httpd/tasks/main.yml_(IaC)_', 'iiab/roles/bluetooth/tasks/main.yml_(IaC)_', 'iiab/roles/0-DEPRECATED-ROLES/elgg/tasks/main.yml_(IaC)_', 'iiab/roles/vnstat/tasks/main.yml_(IaC)_', 'iiab/roles/transmission/tasks/main.yml_(IaC)_', 'iiab/roles/sugarizer/tasks/main.yml_(IaC)_', 'iiab/roles/mediawiki/tasks/main.yml_(IaC)_', 'iiab/roles/network/tasks/main.yml_(IaC)_', 'iiab/roles/jupyterhub/tasks/main.yml_(IaC)_', 'iiab/roles/sugarizer/tasks/main2.yml_(IaC)_', 'iiab/roles/sshd/tasks/main.yml_(IaC)_', 'iiab/roles/minetest/tasks/main.yml_(IaC)_', 'iiab/roles/kiwix/tasks/main.yml_(IaC)_', 'iiab/roles/azuracast/tasks/main.yml_(IaC)_']]","[['iiab/roles/awstats/tasks/main.yml_(IaC)_', 'iiab/roles/calibre-web/tasks/main.yml_(IaC)_', 'iiab/roles/calibre/tasks/enable-or-disable.yml_(IaC)_', 'iiab/roles/calibre/tasks/main.yml_(IaC)_', 'iiab/roles/captiveportal/tasks/main.yml_(IaC)_', 'iiab/roles/gitea/tasks/enable-or-disable.yml_(IaC)_', 'iiab/roles/gitea/tasks/main.yml_(IaC)_', 'iiab/roles/internetarchive/tasks/enable-or-disable.yml_(IaC)_', 'iiab/roles/internetarchive/tasks/main.yml_(IaC)_', 'iiab/roles/kalite/tasks/enable-or-disable.yml_(IaC)_', 'iiab/roles/kalite/tasks/main.yml_(IaC)_', 'iiab/roles/kiwix/tasks/main.yml_(IaC)_', 'iiab/roles/kolibri/tasks/main.yml_(IaC)_', 'iiab/roles/mediawiki/tasks/main.yml_(IaC)_', 'iiab/roles/minetest/tasks/main.yml_(IaC)_', 'iiab/roles/mongodb/tasks/enable-or-disable.yml_(IaC)_', 'iiab/roles/mongodb/tasks/main.yml_(IaC)_', 'iiab/roles/monit/tasks/main.yml_(IaC)_', 'iiab/roles/mosquitto/tasks/main.yml_(IaC)_', 'iiab/roles/munin/tasks/enable-or-disable.yml_(IaC)_', 'iiab/roles/munin/tasks/main.yml_(IaC)_', 'iiab/roles/nextcloud/tasks/main.yml_(IaC)_', 'iiab/roles/nodejs/tasks/main.yml_(IaC)_', 'iiab/roles/nodered/tasks/main.yml_(IaC)_', 'iiab/roles/osm-vector-maps/tasks/main.yml_(IaC)_', 'iiab/roles/pbx/tasks/main.yml_(IaC)_', 'iiab/roles/phpmyadmin/tasks/main.yml_(IaC)_', 'iiab/roles/postgresql/tasks/enable-or-disable.yml_(IaC)_', 'iiab/roles/postgresql/tasks/main.yml_(IaC)_', 'iiab/roles/transmission/tasks/main.yml_(IaC)_', 'iiab/roles/vnstat/tasks/main.yml_(IaC)_', 'iiab/roles/wordpress/tasks/main.yml_(IaC)_']]",['8749e66a0b1af141d9af2e4248c7c3838f94eeeb'],[1.0],[0.03125],[0.06060606060606061],[1],[1.0]
[1],"[[680, 501, 497, 368, 698, 576, 320, 347, 469, 170, 590, 569, 517, 668, 45, 226, 543, 293, 187, 93]]","[['iiab/roles/vnstat/tasks/main.yml_(IaC)_', 'iiab/roles/jupyterhub/tasks/main.yml_(IaC)_', 'iiab/roles/yarn/tasks/main.yml_(IaC)_', 'iiab/roles/network/tasks/main.yml_(IaC)_', 'iiab/roles/mediawiki/tasks/main.yml_(IaC)_', 'iiab/roles/nginx/tasks/main.yml_(IaC)_', 'iiab/roles/0-DEPRECATED-ROLES/httpd/tasks/main.yml_(IaC)_', 'iiab/roles/sugarizer/tasks/main.yml_(IaC)_', 'iiab/roles/pbx/tasks/main.yml_(IaC)_', 'iiab/roles/minetest/tasks/main.yml_(IaC)_', 'iiab/roles/bluetooth/tasks/main.yml_(IaC)_', 'iiab/roles/samba/tasks/main.yml_(IaC)_', 'iiab/roles/kalite/tasks/main.yml_(IaC)_', 'iiab/roles/transmission/tasks/main.yml_(IaC)_', 'iiab/roles/mosquitto/tasks/main.yml_(IaC)_', 'iiab/roles/awstats/tasks/main.yml_(IaC)_', 'iiab/roles/openvpn/tasks/main.yml_(IaC)_', 'iiab/roles/0-DEPRECATED-ROLES/elgg/tasks/main.yml_(IaC)_', 'iiab/roles/sshd/tasks/main.yml_(IaC)_', 'iiab/roles/nextcloud/tasks/main.yml_(IaC)_']]","[['iiab/roles/awstats/tasks/main.yml_(IaC)_', 'iiab/roles/calibre-web/tasks/main.yml_(IaC)_', 'iiab/roles/calibre/tasks/enable-or-disable.yml_(IaC)_', 'iiab/roles/calibre/tasks/main.yml_(IaC)_', 'iiab/roles/captiveportal/tasks/main.yml_(IaC)_', 'iiab/roles/gitea/tasks/enable-or-disable.yml_(IaC)_', 'iiab/roles/gitea/tasks/main.yml_(IaC)_', 'iiab/roles/internetarchive/tasks/enable-or-disable.yml_(IaC)_', 'iiab/roles/internetarchive/tasks/main.yml_(IaC)_', 'iiab/roles/kalite/tasks/enable-or-disable.yml_(IaC)_', 'iiab/roles/kalite/tasks/main.yml_(IaC)_', 'iiab/roles/kiwix/tasks/main.yml_(IaC)_', 'iiab/roles/kolibri/tasks/main.yml_(IaC)_', 'iiab/roles/mediawiki/tasks/main.yml_(IaC)_', 'iiab/roles/minetest/tasks/main.yml_(IaC)_', 'iiab/roles/mongodb/tasks/enable-or-disable.yml_(IaC)_', 'iiab/roles/mongodb/tasks/main.yml_(IaC)_', 'iiab/roles/monit/tasks/main.yml_(IaC)_', 'iiab/roles/mosquitto/tasks/main.yml_(IaC)_', 'iiab/roles/munin/tasks/enable-or-disable.yml_(IaC)_', 'iiab/roles/munin/tasks/main.yml_(IaC)_', 'iiab/roles/nextcloud/tasks/main.yml_(IaC)_', 'iiab/roles/nodejs/tasks/main.yml_(IaC)_', 'iiab/roles/nodered/tasks/main.yml_(IaC)_', 'iiab/roles/osm-vector-maps/tasks/main.yml_(IaC)_', 'iiab/roles/pbx/tasks/main.yml_(IaC)_', 'iiab/roles/phpmyadmin/tasks/main.yml_(IaC)_', 'iiab/roles/postgresql/tasks/enable-or-disable.yml_(IaC)_', 'iiab/roles/postgresql/tasks/main.yml_(IaC)_', 'iiab/roles/transmission/tasks/main.yml_(IaC)_', 'iiab/roles/vnstat/tasks/main.yml_(IaC)_', 'iiab/roles/wordpress/tasks/main.yml_(IaC)_']]",['8749e66a0b1af141d9af2e4248c7c3838f94eeeb'],[1.0],[0.03125],[0.06060606060606061],[1],[1.0]
[1],"[[293, 590, 187, 698, 344, 347, 569, 501, 320, 368, 226]]","[['iiab/roles/0-DEPRECATED-ROLES/elgg/tasks/main.yml_(IaC)_', 'iiab/roles/bluetooth/tasks/main.yml_(IaC)_', 'iiab/roles/sshd/tasks/main.yml_(IaC)_', 'iiab/roles/mediawiki/tasks/main.yml_(IaC)_', 'iiab/roles/sugarizer/tasks/main2.yml_(IaC)_', 'iiab/roles/sugarizer/tasks/main.yml_(IaC)_', 'iiab/roles/samba/tasks/main.yml_(IaC)_', 'iiab/roles/jupyterhub/tasks/main.yml_(IaC)_', 'iiab/roles/0-DEPRECATED-ROLES/httpd/tasks/main.yml_(IaC)_', 'iiab/roles/network/tasks/main.yml_(IaC)_', 'iiab/roles/awstats/tasks/main.yml_(IaC)_']]","[['iiab/roles/awstats/tasks/main.yml_(IaC)_', 'iiab/roles/calibre-web/tasks/main.yml_(IaC)_', 'iiab/roles/calibre/tasks/enable-or-disable.yml_(IaC)_', 'iiab/roles/calibre/tasks/main.yml_(IaC)_', 'iiab/roles/captiveportal/tasks/main.yml_(IaC)_', 'iiab/roles/gitea/tasks/enable-or-disable.yml_(IaC)_', 'iiab/roles/gitea/tasks/main.yml_(IaC)_', 'iiab/roles/internetarchive/tasks/enable-or-disable.yml_(IaC)_', 'iiab/roles/internetarchive/tasks/main.yml_(IaC)_', 'iiab/roles/kalite/tasks/enable-or-disable.yml_(IaC)_', 'iiab/roles/kalite/tasks/main.yml_(IaC)_', 'iiab/roles/kiwix/tasks/main.yml_(IaC)_', 'iiab/roles/kolibri/tasks/main.yml_(IaC)_', 'iiab/roles/mediawiki/tasks/main.yml_(IaC)_', 'iiab/roles/minetest/tasks/main.yml_(IaC)_', 'iiab/roles/mongodb/tasks/enable-or-disable.yml_(IaC)_', 'iiab/roles/mongodb/tasks/main.yml_(IaC)_', 'iiab/roles/monit/tasks/main.yml_(IaC)_', 'iiab/roles/mosquitto/tasks/main.yml_(IaC)_', 'iiab/roles/munin/tasks/enable-or-disable.yml_(IaC)_', 'iiab/roles/munin/tasks/main.yml_(IaC)_', 'iiab/roles/nextcloud/tasks/main.yml_(IaC)_', 'iiab/roles/nodejs/tasks/main.yml_(IaC)_', 'iiab/roles/nodered/tasks/main.yml_(IaC)_', 'iiab/roles/osm-vector-maps/tasks/main.yml_(IaC)_', 'iiab/roles/pbx/tasks/main.yml_(IaC)_', 'iiab/roles/phpmyadmin/tasks/main.yml_(IaC)_', 'iiab/roles/postgresql/tasks/enable-or-disable.yml_(IaC)_', 'iiab/roles/postgresql/tasks/main.yml_(IaC)_', 'iiab/roles/transmission/tasks/main.yml_(IaC)_', 'iiab/roles/vnstat/tasks/main.yml_(IaC)_', 'iiab/roles/wordpress/tasks/main.yml_(IaC)_']]",['8749e66a0b1af141d9af2e4248c7c3838f94eeeb'],[0.0],[0.0],[0],[0],[0]
[1],"[[293, 698, 187, 680, 501, 45, 320, 347, 226, 93]]","[['iiab/roles/0-DEPRECATED-ROLES/elgg/tasks/main.yml_(IaC)_', 'iiab/roles/mediawiki/tasks/main.yml_(IaC)_', 'iiab/roles/sshd/tasks/main.yml_(IaC)_', 'iiab/roles/vnstat/tasks/main.yml_(IaC)_', 'iiab/roles/jupyterhub/tasks/main.yml_(IaC)_', 'iiab/roles/mosquitto/tasks/main.yml_(IaC)_', 'iiab/roles/0-DEPRECATED-ROLES/httpd/tasks/main.yml_(IaC)_', 'iiab/roles/sugarizer/tasks/main.yml_(IaC)_', 'iiab/roles/awstats/tasks/main.yml_(IaC)_', 'iiab/roles/nextcloud/tasks/main.yml_(IaC)_']]","[['iiab/roles/awstats/tasks/main.yml_(IaC)_', 'iiab/roles/calibre-web/tasks/main.yml_(IaC)_', 'iiab/roles/calibre/tasks/enable-or-disable.yml_(IaC)_', 'iiab/roles/calibre/tasks/main.yml_(IaC)_', 'iiab/roles/captiveportal/tasks/main.yml_(IaC)_', 'iiab/roles/gitea/tasks/enable-or-disable.yml_(IaC)_', 'iiab/roles/gitea/tasks/main.yml_(IaC)_', 'iiab/roles/internetarchive/tasks/enable-or-disable.yml_(IaC)_', 'iiab/roles/internetarchive/tasks/main.yml_(IaC)_', 'iiab/roles/kalite/tasks/enable-or-disable.yml_(IaC)_', 'iiab/roles/kalite/tasks/main.yml_(IaC)_', 'iiab/roles/kiwix/tasks/main.yml_(IaC)_', 'iiab/roles/kolibri/tasks/main.yml_(IaC)_', 'iiab/roles/mediawiki/tasks/main.yml_(IaC)_', 'iiab/roles/minetest/tasks/main.yml_(IaC)_', 'iiab/roles/mongodb/tasks/enable-or-disable.yml_(IaC)_', 'iiab/roles/mongodb/tasks/main.yml_(IaC)_', 'iiab/roles/monit/tasks/main.yml_(IaC)_', 'iiab/roles/mosquitto/tasks/main.yml_(IaC)_', 'iiab/roles/munin/tasks/enable-or-disable.yml_(IaC)_', 'iiab/roles/munin/tasks/main.yml_(IaC)_', 'iiab/roles/nextcloud/tasks/main.yml_(IaC)_', 'iiab/roles/nodejs/tasks/main.yml_(IaC)_', 'iiab/roles/nodered/tasks/main.yml_(IaC)_', 'iiab/roles/osm-vector-maps/tasks/main.yml_(IaC)_', 'iiab/roles/pbx/tasks/main.yml_(IaC)_', 'iiab/roles/phpmyadmin/tasks/main.yml_(IaC)_', 'iiab/roles/postgresql/tasks/enable-or-disable.yml_(IaC)_', 'iiab/roles/postgresql/tasks/main.yml_(IaC)_', 'iiab/roles/transmission/tasks/main.yml_(IaC)_', 'iiab/roles/vnstat/tasks/main.yml_(IaC)_', 'iiab/roles/wordpress/tasks/main.yml_(IaC)_']]",['8749e66a0b1af141d9af2e4248c7c3838f94eeeb'],[0.0],[0.0],[0],[0],[0]
[1],"[[293, 226, 497, 187, 590, 469, 698, 489, 501, 347, 517, 170, 320, 145, 680, 93]]","[['iiab/roles/0-DEPRECATED-ROLES/elgg/tasks/main.yml_(IaC)_', 'iiab/roles/awstats/tasks/main.yml_(IaC)_', 'iiab/roles/yarn/tasks/main.yml_(IaC)_', 'iiab/roles/sshd/tasks/main.yml_(IaC)_', 'iiab/roles/bluetooth/tasks/main.yml_(IaC)_', 'iiab/roles/pbx/tasks/main.yml_(IaC)_', 'iiab/roles/mediawiki/tasks/main.yml_(IaC)_', 'iiab/roles/munin/tasks/main.yml_(IaC)_', 'iiab/roles/jupyterhub/tasks/main.yml_(IaC)_', 'iiab/roles/sugarizer/tasks/main.yml_(IaC)_', 'iiab/roles/kalite/tasks/main.yml_(IaC)_', 'iiab/roles/minetest/tasks/main.yml_(IaC)_', 'iiab/roles/0-DEPRECATED-ROLES/httpd/tasks/main.yml_(IaC)_', 'iiab/roles/kiwix/tasks/main.yml_(IaC)_', 'iiab/roles/vnstat/tasks/main.yml_(IaC)_', 'iiab/roles/nextcloud/tasks/main.yml_(IaC)_']]","[['iiab/roles/awstats/tasks/main.yml_(IaC)_', 'iiab/roles/calibre-web/tasks/main.yml_(IaC)_', 'iiab/roles/calibre/tasks/enable-or-disable.yml_(IaC)_', 'iiab/roles/calibre/tasks/main.yml_(IaC)_', 'iiab/roles/captiveportal/tasks/main.yml_(IaC)_', 'iiab/roles/gitea/tasks/enable-or-disable.yml_(IaC)_', 'iiab/roles/gitea/tasks/main.yml_(IaC)_', 'iiab/roles/internetarchive/tasks/enable-or-disable.yml_(IaC)_', 'iiab/roles/internetarchive/tasks/main.yml_(IaC)_', 'iiab/roles/kalite/tasks/enable-or-disable.yml_(IaC)_', 'iiab/roles/kalite/tasks/main.yml_(IaC)_', 'iiab/roles/kiwix/tasks/main.yml_(IaC)_', 'iiab/roles/kolibri/tasks/main.yml_(IaC)_', 'iiab/roles/mediawiki/tasks/main.yml_(IaC)_', 'iiab/roles/minetest/tasks/main.yml_(IaC)_', 'iiab/roles/mongodb/tasks/enable-or-disable.yml_(IaC)_', 'iiab/roles/mongodb/tasks/main.yml_(IaC)_', 'iiab/roles/monit/tasks/main.yml_(IaC)_', 'iiab/roles/mosquitto/tasks/main.yml_(IaC)_', 'iiab/roles/munin/tasks/enable-or-disable.yml_(IaC)_', 'iiab/roles/munin/tasks/main.yml_(IaC)_', 'iiab/roles/nextcloud/tasks/main.yml_(IaC)_', 'iiab/roles/nodejs/tasks/main.yml_(IaC)_', 'iiab/roles/nodered/tasks/main.yml_(IaC)_', 'iiab/roles/osm-vector-maps/tasks/main.yml_(IaC)_', 'iiab/roles/pbx/tasks/main.yml_(IaC)_', 'iiab/roles/phpmyadmin/tasks/main.yml_(IaC)_', 'iiab/roles/postgresql/tasks/enable-or-disable.yml_(IaC)_', 'iiab/roles/postgresql/tasks/main.yml_(IaC)_', 'iiab/roles/transmission/tasks/main.yml_(IaC)_', 'iiab/roles/vnstat/tasks/main.yml_(IaC)_', 'iiab/roles/wordpress/tasks/main.yml_(IaC)_']]",['8749e66a0b1af141d9af2e4248c7c3838f94eeeb'],[0.0],[0.0],[0],[0],[0]
[1],"[[320, 145, 187, 347, 590, 93, 170, 293, 698, 45, 680]]","[['iiab/roles/0-DEPRECATED-ROLES/httpd/tasks/main.yml_(IaC)_', 'iiab/roles/kiwix/tasks/main.yml_(IaC)_', 'iiab/roles/sshd/tasks/main.yml_(IaC)_', 'iiab/roles/sugarizer/tasks/main.yml_(IaC)_', 'iiab/roles/bluetooth/tasks/main.yml_(IaC)_', 'iiab/roles/nextcloud/tasks/main.yml_(IaC)_', 'iiab/roles/minetest/tasks/main.yml_(IaC)_', 'iiab/roles/0-DEPRECATED-ROLES/elgg/tasks/main.yml_(IaC)_', 'iiab/roles/mediawiki/tasks/main.yml_(IaC)_', 'iiab/roles/mosquitto/tasks/main.yml_(IaC)_', 'iiab/roles/vnstat/tasks/main.yml_(IaC)_']]","[['iiab/roles/awstats/tasks/main.yml_(IaC)_', 'iiab/roles/calibre-web/tasks/main.yml_(IaC)_', 'iiab/roles/calibre/tasks/enable-or-disable.yml_(IaC)_', 'iiab/roles/calibre/tasks/main.yml_(IaC)_', 'iiab/roles/captiveportal/tasks/main.yml_(IaC)_', 'iiab/roles/gitea/tasks/enable-or-disable.yml_(IaC)_', 'iiab/roles/gitea/tasks/main.yml_(IaC)_', 'iiab/roles/internetarchive/tasks/enable-or-disable.yml_(IaC)_', 'iiab/roles/internetarchive/tasks/main.yml_(IaC)_', 'iiab/roles/kalite/tasks/enable-or-disable.yml_(IaC)_', 'iiab/roles/kalite/tasks/main.yml_(IaC)_', 'iiab/roles/kiwix/tasks/main.yml_(IaC)_', 'iiab/roles/kolibri/tasks/main.yml_(IaC)_', 'iiab/roles/mediawiki/tasks/main.yml_(IaC)_', 'iiab/roles/minetest/tasks/main.yml_(IaC)_', 'iiab/roles/mongodb/tasks/enable-or-disable.yml_(IaC)_', 'iiab/roles/mongodb/tasks/main.yml_(IaC)_', 'iiab/roles/monit/tasks/main.yml_(IaC)_', 'iiab/roles/mosquitto/tasks/main.yml_(IaC)_', 'iiab/roles/munin/tasks/enable-or-disable.yml_(IaC)_', 'iiab/roles/munin/tasks/main.yml_(IaC)_', 'iiab/roles/nextcloud/tasks/main.yml_(IaC)_', 'iiab/roles/nodejs/tasks/main.yml_(IaC)_', 'iiab/roles/nodered/tasks/main.yml_(IaC)_', 'iiab/roles/osm-vector-maps/tasks/main.yml_(IaC)_', 'iiab/roles/pbx/tasks/main.yml_(IaC)_', 'iiab/roles/phpmyadmin/tasks/main.yml_(IaC)_', 'iiab/roles/postgresql/tasks/enable-or-disable.yml_(IaC)_', 'iiab/roles/postgresql/tasks/main.yml_(IaC)_', 'iiab/roles/transmission/tasks/main.yml_(IaC)_', 'iiab/roles/vnstat/tasks/main.yml_(IaC)_', 'iiab/roles/wordpress/tasks/main.yml_(IaC)_']]",['8749e66a0b1af141d9af2e4248c7c3838f94eeeb'],[0.0],[0.0],[0],[0],[0]
[1],"[[293, 668, 497, 680, 469, 569, 590, 368, 45, 187, 576, 170, 698, 145, 320, 347, 501, 517, 93]]","[['iiab/roles/0-DEPRECATED-ROLES/elgg/tasks/main.yml_(IaC)_', 'iiab/roles/transmission/tasks/main.yml_(IaC)_', 'iiab/roles/yarn/tasks/main.yml_(IaC)_', 'iiab/roles/vnstat/tasks/main.yml_(IaC)_', 'iiab/roles/pbx/tasks/main.yml_(IaC)_', 'iiab/roles/samba/tasks/main.yml_(IaC)_', 'iiab/roles/bluetooth/tasks/main.yml_(IaC)_', 'iiab/roles/network/tasks/main.yml_(IaC)_', 'iiab/roles/mosquitto/tasks/main.yml_(IaC)_', 'iiab/roles/sshd/tasks/main.yml_(IaC)_', 'iiab/roles/nginx/tasks/main.yml_(IaC)_', 'iiab/roles/minetest/tasks/main.yml_(IaC)_', 'iiab/roles/mediawiki/tasks/main.yml_(IaC)_', 'iiab/roles/kiwix/tasks/main.yml_(IaC)_', 'iiab/roles/0-DEPRECATED-ROLES/httpd/tasks/main.yml_(IaC)_', 'iiab/roles/sugarizer/tasks/main.yml_(IaC)_', 'iiab/roles/jupyterhub/tasks/main.yml_(IaC)_', 'iiab/roles/kalite/tasks/main.yml_(IaC)_', 'iiab/roles/nextcloud/tasks/main.yml_(IaC)_']]","[['iiab/roles/awstats/tasks/main.yml_(IaC)_', 'iiab/roles/calibre-web/tasks/main.yml_(IaC)_', 'iiab/roles/calibre/tasks/enable-or-disable.yml_(IaC)_', 'iiab/roles/calibre/tasks/main.yml_(IaC)_', 'iiab/roles/captiveportal/tasks/main.yml_(IaC)_', 'iiab/roles/gitea/tasks/enable-or-disable.yml_(IaC)_', 'iiab/roles/gitea/tasks/main.yml_(IaC)_', 'iiab/roles/internetarchive/tasks/enable-or-disable.yml_(IaC)_', 'iiab/roles/internetarchive/tasks/main.yml_(IaC)_', 'iiab/roles/kalite/tasks/enable-or-disable.yml_(IaC)_', 'iiab/roles/kalite/tasks/main.yml_(IaC)_', 'iiab/roles/kiwix/tasks/main.yml_(IaC)_', 'iiab/roles/kolibri/tasks/main.yml_(IaC)_', 'iiab/roles/mediawiki/tasks/main.yml_(IaC)_', 'iiab/roles/minetest/tasks/main.yml_(IaC)_', 'iiab/roles/mongodb/tasks/enable-or-disable.yml_(IaC)_', 'iiab/roles/mongodb/tasks/main.yml_(IaC)_', 'iiab/roles/monit/tasks/main.yml_(IaC)_', 'iiab/roles/mosquitto/tasks/main.yml_(IaC)_', 'iiab/roles/munin/tasks/enable-or-disable.yml_(IaC)_', 'iiab/roles/munin/tasks/main.yml_(IaC)_', 'iiab/roles/nextcloud/tasks/main.yml_(IaC)_', 'iiab/roles/nodejs/tasks/main.yml_(IaC)_', 'iiab/roles/nodered/tasks/main.yml_(IaC)_', 'iiab/roles/osm-vector-maps/tasks/main.yml_(IaC)_', 'iiab/roles/pbx/tasks/main.yml_(IaC)_', 'iiab/roles/phpmyadmin/tasks/main.yml_(IaC)_', 'iiab/roles/postgresql/tasks/enable-or-disable.yml_(IaC)_', 'iiab/roles/postgresql/tasks/main.yml_(IaC)_', 'iiab/roles/transmission/tasks/main.yml_(IaC)_', 'iiab/roles/vnstat/tasks/main.yml_(IaC)_', 'iiab/roles/wordpress/tasks/main.yml_(IaC)_']]",['8749e66a0b1af141d9af2e4248c7c3838f94eeeb'],[0.0],[0.0],[0],[0],[0]
[1],"[[497, 368, 489, 170, 517, 320, 93, 569, 226, 293, 145, 45, 590, 469, 187, 347, 501, 50]]","[['iiab/roles/yarn/tasks/main.yml_(IaC)_', 'iiab/roles/network/tasks/main.yml_(IaC)_', 'iiab/roles/munin/tasks/main.yml_(IaC)_', 'iiab/roles/minetest/tasks/main.yml_(IaC)_', 'iiab/roles/kalite/tasks/main.yml_(IaC)_', 'iiab/roles/0-DEPRECATED-ROLES/httpd/tasks/main.yml_(IaC)_', 'iiab/roles/nextcloud/tasks/main.yml_(IaC)_', 'iiab/roles/samba/tasks/main.yml_(IaC)_', 'iiab/roles/awstats/tasks/main.yml_(IaC)_', 'iiab/roles/0-DEPRECATED-ROLES/elgg/tasks/main.yml_(IaC)_', 'iiab/roles/kiwix/tasks/main.yml_(IaC)_', 'iiab/roles/mosquitto/tasks/main.yml_(IaC)_', 'iiab/roles/bluetooth/tasks/main.yml_(IaC)_', 'iiab/roles/pbx/tasks/main.yml_(IaC)_', 'iiab/roles/sshd/tasks/main.yml_(IaC)_', 'iiab/roles/sugarizer/tasks/main.yml_(IaC)_', 'iiab/roles/jupyterhub/tasks/main.yml_(IaC)_', 'iiab/roles/www_base/tasks/main.yml_(IaC)_']]","[['iiab/roles/awstats/tasks/main.yml_(IaC)_', 'iiab/roles/calibre-web/tasks/main.yml_(IaC)_', 'iiab/roles/calibre/tasks/enable-or-disable.yml_(IaC)_', 'iiab/roles/calibre/tasks/main.yml_(IaC)_', 'iiab/roles/captiveportal/tasks/main.yml_(IaC)_', 'iiab/roles/gitea/tasks/enable-or-disable.yml_(IaC)_', 'iiab/roles/gitea/tasks/main.yml_(IaC)_', 'iiab/roles/internetarchive/tasks/enable-or-disable.yml_(IaC)_', 'iiab/roles/internetarchive/tasks/main.yml_(IaC)_', 'iiab/roles/kalite/tasks/enable-or-disable.yml_(IaC)_', 'iiab/roles/kalite/tasks/main.yml_(IaC)_', 'iiab/roles/kiwix/tasks/main.yml_(IaC)_', 'iiab/roles/kolibri/tasks/main.yml_(IaC)_', 'iiab/roles/mediawiki/tasks/main.yml_(IaC)_', 'iiab/roles/minetest/tasks/main.yml_(IaC)_', 'iiab/roles/mongodb/tasks/enable-or-disable.yml_(IaC)_', 'iiab/roles/mongodb/tasks/main.yml_(IaC)_', 'iiab/roles/monit/tasks/main.yml_(IaC)_', 'iiab/roles/mosquitto/tasks/main.yml_(IaC)_', 'iiab/roles/munin/tasks/enable-or-disable.yml_(IaC)_', 'iiab/roles/munin/tasks/main.yml_(IaC)_', 'iiab/roles/nextcloud/tasks/main.yml_(IaC)_', 'iiab/roles/nodejs/tasks/main.yml_(IaC)_', 'iiab/roles/nodered/tasks/main.yml_(IaC)_', 'iiab/roles/osm-vector-maps/tasks/main.yml_(IaC)_', 'iiab/roles/pbx/tasks/main.yml_(IaC)_', 'iiab/roles/phpmyadmin/tasks/main.yml_(IaC)_', 'iiab/roles/postgresql/tasks/enable-or-disable.yml_(IaC)_', 'iiab/roles/postgresql/tasks/main.yml_(IaC)_', 'iiab/roles/transmission/tasks/main.yml_(IaC)_', 'iiab/roles/vnstat/tasks/main.yml_(IaC)_', 'iiab/roles/wordpress/tasks/main.yml_(IaC)_']]",['8749e66a0b1af141d9af2e4248c7c3838f94eeeb'],[0.0],[0.0],[0],[0],[0]
[1],"[[293, 226, 320, 569, 347, 497, 576, 45, 698, 469, 590, 344, 187, 170, 368, 501, 93]]","[['iiab/roles/0-DEPRECATED-ROLES/elgg/tasks/main.yml_(IaC)_', 'iiab/roles/awstats/tasks/main.yml_(IaC)_', 'iiab/roles/0-DEPRECATED-ROLES/httpd/tasks/main.yml_(IaC)_', 'iiab/roles/samba/tasks/main.yml_(IaC)_', 'iiab/roles/sugarizer/tasks/main.yml_(IaC)_', 'iiab/roles/yarn/tasks/main.yml_(IaC)_', 'iiab/roles/nginx/tasks/main.yml_(IaC)_', 'iiab/roles/mosquitto/tasks/main.yml_(IaC)_', 'iiab/roles/mediawiki/tasks/main.yml_(IaC)_', 'iiab/roles/pbx/tasks/main.yml_(IaC)_', 'iiab/roles/bluetooth/tasks/main.yml_(IaC)_', 'iiab/roles/sugarizer/tasks/main2.yml_(IaC)_', 'iiab/roles/sshd/tasks/main.yml_(IaC)_', 'iiab/roles/minetest/tasks/main.yml_(IaC)_', 'iiab/roles/network/tasks/main.yml_(IaC)_', 'iiab/roles/jupyterhub/tasks/main.yml_(IaC)_', 'iiab/roles/nextcloud/tasks/main.yml_(IaC)_']]","[['iiab/roles/awstats/tasks/main.yml_(IaC)_', 'iiab/roles/calibre-web/tasks/main.yml_(IaC)_', 'iiab/roles/calibre/tasks/enable-or-disable.yml_(IaC)_', 'iiab/roles/calibre/tasks/main.yml_(IaC)_', 'iiab/roles/captiveportal/tasks/main.yml_(IaC)_', 'iiab/roles/gitea/tasks/enable-or-disable.yml_(IaC)_', 'iiab/roles/gitea/tasks/main.yml_(IaC)_', 'iiab/roles/internetarchive/tasks/enable-or-disable.yml_(IaC)_', 'iiab/roles/internetarchive/tasks/main.yml_(IaC)_', 'iiab/roles/kalite/tasks/enable-or-disable.yml_(IaC)_', 'iiab/roles/kalite/tasks/main.yml_(IaC)_', 'iiab/roles/kiwix/tasks/main.yml_(IaC)_', 'iiab/roles/kolibri/tasks/main.yml_(IaC)_', 'iiab/roles/mediawiki/tasks/main.yml_(IaC)_', 'iiab/roles/minetest/tasks/main.yml_(IaC)_', 'iiab/roles/mongodb/tasks/enable-or-disable.yml_(IaC)_', 'iiab/roles/mongodb/tasks/main.yml_(IaC)_', 'iiab/roles/monit/tasks/main.yml_(IaC)_', 'iiab/roles/mosquitto/tasks/main.yml_(IaC)_', 'iiab/roles/munin/tasks/enable-or-disable.yml_(IaC)_', 'iiab/roles/munin/tasks/main.yml_(IaC)_', 'iiab/roles/nextcloud/tasks/main.yml_(IaC)_', 'iiab/roles/nodejs/tasks/main.yml_(IaC)_', 'iiab/roles/nodered/tasks/main.yml_(IaC)_', 'iiab/roles/osm-vector-maps/tasks/main.yml_(IaC)_', 'iiab/roles/pbx/tasks/main.yml_(IaC)_', 'iiab/roles/phpmyadmin/tasks/main.yml_(IaC)_', 'iiab/roles/postgresql/tasks/enable-or-disable.yml_(IaC)_', 'iiab/roles/postgresql/tasks/main.yml_(IaC)_', 'iiab/roles/transmission/tasks/main.yml_(IaC)_', 'iiab/roles/vnstat/tasks/main.yml_(IaC)_', 'iiab/roles/wordpress/tasks/main.yml_(IaC)_']]",['8749e66a0b1af141d9af2e4248c7c3838f94eeeb'],[0.0],[0.0],[0],[0],[0]
[1],"[[698, 347, 668, 187, 680, 93, 497, 501, 469, 170, 293, 145, 45, 320, 368, 590]]","[['iiab/roles/mediawiki/tasks/main.yml_(IaC)_', 'iiab/roles/sugarizer/tasks/main.yml_(IaC)_', 'iiab/roles/transmission/tasks/main.yml_(IaC)_', 'iiab/roles/sshd/tasks/main.yml_(IaC)_', 'iiab/roles/vnstat/tasks/main.yml_(IaC)_', 'iiab/roles/nextcloud/tasks/main.yml_(IaC)_', 'iiab/roles/yarn/tasks/main.yml_(IaC)_', 'iiab/roles/jupyterhub/tasks/main.yml_(IaC)_', 'iiab/roles/pbx/tasks/main.yml_(IaC)_', 'iiab/roles/minetest/tasks/main.yml_(IaC)_', 'iiab/roles/0-DEPRECATED-ROLES/elgg/tasks/main.yml_(IaC)_', 'iiab/roles/kiwix/tasks/main.yml_(IaC)_', 'iiab/roles/mosquitto/tasks/main.yml_(IaC)_', 'iiab/roles/0-DEPRECATED-ROLES/httpd/tasks/main.yml_(IaC)_', 'iiab/roles/network/tasks/main.yml_(IaC)_', 'iiab/roles/bluetooth/tasks/main.yml_(IaC)_']]","[['iiab/roles/awstats/tasks/main.yml_(IaC)_', 'iiab/roles/calibre-web/tasks/main.yml_(IaC)_', 'iiab/roles/calibre/tasks/enable-or-disable.yml_(IaC)_', 'iiab/roles/calibre/tasks/main.yml_(IaC)_', 'iiab/roles/captiveportal/tasks/main.yml_(IaC)_', 'iiab/roles/gitea/tasks/enable-or-disable.yml_(IaC)_', 'iiab/roles/gitea/tasks/main.yml_(IaC)_', 'iiab/roles/internetarchive/tasks/enable-or-disable.yml_(IaC)_', 'iiab/roles/internetarchive/tasks/main.yml_(IaC)_', 'iiab/roles/kalite/tasks/enable-or-disable.yml_(IaC)_', 'iiab/roles/kalite/tasks/main.yml_(IaC)_', 'iiab/roles/kiwix/tasks/main.yml_(IaC)_', 'iiab/roles/kolibri/tasks/main.yml_(IaC)_', 'iiab/roles/mediawiki/tasks/main.yml_(IaC)_', 'iiab/roles/minetest/tasks/main.yml_(IaC)_', 'iiab/roles/mongodb/tasks/enable-or-disable.yml_(IaC)_', 'iiab/roles/mongodb/tasks/main.yml_(IaC)_', 'iiab/roles/monit/tasks/main.yml_(IaC)_', 'iiab/roles/mosquitto/tasks/main.yml_(IaC)_', 'iiab/roles/munin/tasks/enable-or-disable.yml_(IaC)_', 'iiab/roles/munin/tasks/main.yml_(IaC)_', 'iiab/roles/nextcloud/tasks/main.yml_(IaC)_', 'iiab/roles/nodejs/tasks/main.yml_(IaC)_', 'iiab/roles/nodered/tasks/main.yml_(IaC)_', 'iiab/roles/osm-vector-maps/tasks/main.yml_(IaC)_', 'iiab/roles/pbx/tasks/main.yml_(IaC)_', 'iiab/roles/phpmyadmin/tasks/main.yml_(IaC)_', 'iiab/roles/postgresql/tasks/enable-or-disable.yml_(IaC)_', 'iiab/roles/postgresql/tasks/main.yml_(IaC)_', 'iiab/roles/transmission/tasks/main.yml_(IaC)_', 'iiab/roles/vnstat/tasks/main.yml_(IaC)_', 'iiab/roles/wordpress/tasks/main.yml_(IaC)_']]",['8749e66a0b1af141d9af2e4248c7c3838f94eeeb'],[1.0],[0.03125],[0.06060606060606061],[1],[1.0]
[1],"[[226, 501, 145, 178, 469, 347, 590, 320, 93, 170, 45, 497, 293, 187]]","[['iiab/roles/awstats/tasks/main.yml_(IaC)_', 'iiab/roles/jupyterhub/tasks/main.yml_(IaC)_', 'iiab/roles/kiwix/tasks/main.yml_(IaC)_', 'iiab/roles/wordpress/tasks/main.yml_(IaC)_', 'iiab/roles/pbx/tasks/main.yml_(IaC)_', 'iiab/roles/sugarizer/tasks/main.yml_(IaC)_', 'iiab/roles/bluetooth/tasks/main.yml_(IaC)_', 'iiab/roles/0-DEPRECATED-ROLES/httpd/tasks/main.yml_(IaC)_', 'iiab/roles/nextcloud/tasks/main.yml_(IaC)_', 'iiab/roles/minetest/tasks/main.yml_(IaC)_', 'iiab/roles/mosquitto/tasks/main.yml_(IaC)_', 'iiab/roles/yarn/tasks/main.yml_(IaC)_', 'iiab/roles/0-DEPRECATED-ROLES/elgg/tasks/main.yml_(IaC)_', 'iiab/roles/sshd/tasks/main.yml_(IaC)_']]","[['iiab/roles/awstats/tasks/main.yml_(IaC)_', 'iiab/roles/calibre-web/tasks/main.yml_(IaC)_', 'iiab/roles/calibre/tasks/enable-or-disable.yml_(IaC)_', 'iiab/roles/calibre/tasks/main.yml_(IaC)_', 'iiab/roles/captiveportal/tasks/main.yml_(IaC)_', 'iiab/roles/gitea/tasks/enable-or-disable.yml_(IaC)_', 'iiab/roles/gitea/tasks/main.yml_(IaC)_', 'iiab/roles/internetarchive/tasks/enable-or-disable.yml_(IaC)_', 'iiab/roles/internetarchive/tasks/main.yml_(IaC)_', 'iiab/roles/kalite/tasks/enable-or-disable.yml_(IaC)_', 'iiab/roles/kalite/tasks/main.yml_(IaC)_', 'iiab/roles/kiwix/tasks/main.yml_(IaC)_', 'iiab/roles/kolibri/tasks/main.yml_(IaC)_', 'iiab/roles/mediawiki/tasks/main.yml_(IaC)_', 'iiab/roles/minetest/tasks/main.yml_(IaC)_', 'iiab/roles/mongodb/tasks/enable-or-disable.yml_(IaC)_', 'iiab/roles/mongodb/tasks/main.yml_(IaC)_', 'iiab/roles/monit/tasks/main.yml_(IaC)_', 'iiab/roles/mosquitto/tasks/main.yml_(IaC)_', 'iiab/roles/munin/tasks/enable-or-disable.yml_(IaC)_', 'iiab/roles/munin/tasks/main.yml_(IaC)_', 'iiab/roles/nextcloud/tasks/main.yml_(IaC)_', 'iiab/roles/nodejs/tasks/main.yml_(IaC)_', 'iiab/roles/nodered/tasks/main.yml_(IaC)_', 'iiab/roles/osm-vector-maps/tasks/main.yml_(IaC)_', 'iiab/roles/pbx/tasks/main.yml_(IaC)_', 'iiab/roles/phpmyadmin/tasks/main.yml_(IaC)_', 'iiab/roles/postgresql/tasks/enable-or-disable.yml_(IaC)_', 'iiab/roles/postgresql/tasks/main.yml_(IaC)_', 'iiab/roles/transmission/tasks/main.yml_(IaC)_', 'iiab/roles/vnstat/tasks/main.yml_(IaC)_', 'iiab/roles/wordpress/tasks/main.yml_(IaC)_']]",['8749e66a0b1af141d9af2e4248c7c3838f94eeeb'],[1.0],[0.03125],[0.06060606060606061],[1],[1.0]
[1],"[[469, 170, 368, 187, 680, 698, 668, 590, 145, 320, 347, 501, 226, 93, 293, 497, 344]]","[['iiab/roles/pbx/tasks/main.yml_(IaC)_', 'iiab/roles/minetest/tasks/main.yml_(IaC)_', 'iiab/roles/network/tasks/main.yml_(IaC)_', 'iiab/roles/sshd/tasks/main.yml_(IaC)_', 'iiab/roles/vnstat/tasks/main.yml_(IaC)_', 'iiab/roles/mediawiki/tasks/main.yml_(IaC)_', 'iiab/roles/transmission/tasks/main.yml_(IaC)_', 'iiab/roles/bluetooth/tasks/main.yml_(IaC)_', 'iiab/roles/kiwix/tasks/main.yml_(IaC)_', 'iiab/roles/0-DEPRECATED-ROLES/httpd/tasks/main.yml_(IaC)_', 'iiab/roles/sugarizer/tasks/main.yml_(IaC)_', 'iiab/roles/jupyterhub/tasks/main.yml_(IaC)_', 'iiab/roles/awstats/tasks/main.yml_(IaC)_', 'iiab/roles/nextcloud/tasks/main.yml_(IaC)_', 'iiab/roles/0-DEPRECATED-ROLES/elgg/tasks/main.yml_(IaC)_', 'iiab/roles/yarn/tasks/main.yml_(IaC)_', 'iiab/roles/sugarizer/tasks/main2.yml_(IaC)_']]","[['iiab/roles/awstats/tasks/main.yml_(IaC)_', 'iiab/roles/calibre-web/tasks/main.yml_(IaC)_', 'iiab/roles/calibre/tasks/enable-or-disable.yml_(IaC)_', 'iiab/roles/calibre/tasks/main.yml_(IaC)_', 'iiab/roles/captiveportal/tasks/main.yml_(IaC)_', 'iiab/roles/gitea/tasks/enable-or-disable.yml_(IaC)_', 'iiab/roles/gitea/tasks/main.yml_(IaC)_', 'iiab/roles/internetarchive/tasks/enable-or-disable.yml_(IaC)_', 'iiab/roles/internetarchive/tasks/main.yml_(IaC)_', 'iiab/roles/kalite/tasks/enable-or-disable.yml_(IaC)_', 'iiab/roles/kalite/tasks/main.yml_(IaC)_', 'iiab/roles/kiwix/tasks/main.yml_(IaC)_', 'iiab/roles/kolibri/tasks/main.yml_(IaC)_', 'iiab/roles/mediawiki/tasks/main.yml_(IaC)_', 'iiab/roles/minetest/tasks/main.yml_(IaC)_', 'iiab/roles/mongodb/tasks/enable-or-disable.yml_(IaC)_', 'iiab/roles/mongodb/tasks/main.yml_(IaC)_', 'iiab/roles/monit/tasks/main.yml_(IaC)_', 'iiab/roles/mosquitto/tasks/main.yml_(IaC)_', 'iiab/roles/munin/tasks/enable-or-disable.yml_(IaC)_', 'iiab/roles/munin/tasks/main.yml_(IaC)_', 'iiab/roles/nextcloud/tasks/main.yml_(IaC)_', 'iiab/roles/nodejs/tasks/main.yml_(IaC)_', 'iiab/roles/nodered/tasks/main.yml_(IaC)_', 'iiab/roles/osm-vector-maps/tasks/main.yml_(IaC)_', 'iiab/roles/pbx/tasks/main.yml_(IaC)_', 'iiab/roles/phpmyadmin/tasks/main.yml_(IaC)_', 'iiab/roles/postgresql/tasks/enable-or-disable.yml_(IaC)_', 'iiab/roles/postgresql/tasks/main.yml_(IaC)_', 'iiab/roles/transmission/tasks/main.yml_(IaC)_', 'iiab/roles/vnstat/tasks/main.yml_(IaC)_', 'iiab/roles/wordpress/tasks/main.yml_(IaC)_']]",['8749e66a0b1af141d9af2e4248c7c3838f94eeeb'],[1.0],[0.03125],[0.06060606060606061],[1],[1.0]
