NB_recommended_files,Best_solution,Recommended_files,Co_modified_files,Commits_hash,PRECISION,RECALL,FSCORE,SUCCESS_RATE,MRR
[3],"[[128, 130, 133, 136, 106, 107, 141, 47, 53, 62]]","[['puppet-icinga2/manifests/feature/command.pp_(IaC)_', 'puppet-icinga2/manifests/feature/livestatus.pp_(IaC)_', 'puppet-icinga2/manifests/feature/idopgsql.pp_(IaC)_', 'puppet-icinga2/manifests/feature/api.pp_(IaC)_', 'puppet-icinga2/manifests/config/fragment.pp_(IaC)_', 'puppet-icinga2/manifests/tls/client.pp_(IaC)_', 'puppet-icinga2/manifests/feature/syslog.pp_(IaC)_', 'puppet-icinga2/spec/classes/debuglog_spec.rb_(Other)_', 'puppet-icinga2/spec/functions/icinga2_ticket_id_spec.rb_(Other)_', 'puppet-icinga2/examples/init_idomysql_ssl.pp_(IaC)_']]","[['puppet-icinga2/manifests/config/fragment.pp_(IaC)_', 'puppet-icinga2/manifests/feature/api.pp_(IaC)_', 'puppet-icinga2/manifests/feature/checker.pp_(IaC)_', 'puppet-icinga2/manifests/feature/command.pp_(IaC)_', 'puppet-icinga2/manifests/feature/compatlog.pp_(IaC)_', 'puppet-icinga2/manifests/feature/elasticsearch.pp_(IaC)_', 'puppet-icinga2/manifests/feature/gelf.pp_(IaC)_', 'puppet-icinga2/manifests/feature/graphite.pp_(IaC)_', 'puppet-icinga2/manifests/feature/icingadb.pp_(IaC)_', 'puppet-icinga2/manifests/feature/idomysql.pp_(IaC)_', 'puppet-icinga2/manifests/feature/idopgsql.pp_(IaC)_', 'puppet-icinga2/manifests/feature/influxdb.pp_(IaC)_', 'puppet-icinga2/manifests/feature/influxdb2.pp_(IaC)_', 'puppet-icinga2/manifests/feature/livestatus.pp_(IaC)_', 'puppet-icinga2/manifests/feature/mainlog.pp_(IaC)_', 'puppet-icinga2/manifests/feature/notification.pp_(IaC)_', 'puppet-icinga2/manifests/feature/opentsdb.pp_(IaC)_', 'puppet-icinga2/manifests/feature/perfdata.pp_(IaC)_', 'puppet-icinga2/manifests/feature/statusdata.pp_(IaC)_', 'puppet-icinga2/manifests/feature/syslog.pp_(IaC)_', 'puppet-icinga2/manifests/feature/windowseventlog.pp_(IaC)_', 'puppet-icinga2/manifests/globals.pp_(IaC)_', 'puppet-icinga2/manifests/init.pp_(IaC)_', 'puppet-icinga2/manifests/object.pp_(IaC)_', 'puppet-icinga2/manifests/object/apiuser.pp_(IaC)_', 'puppet-icinga2/manifests/object/checkcommand.pp_(IaC)_', 'puppet-icinga2/manifests/object/checkresultreader.pp_(IaC)_', 'puppet-icinga2/manifests/object/dependency.pp_(IaC)_', 'puppet-icinga2/manifests/object/endpoint.pp_(IaC)_', 'puppet-icinga2/manifests/object/eventcommand.pp_(IaC)_', 'puppet-icinga2/manifests/object/host.pp_(IaC)_', 'puppet-icinga2/manifests/object/hostgroup.pp_(IaC)_', 'puppet-icinga2/manifests/object/icingaapplication.pp_(IaC)_', 'puppet-icinga2/manifests/object/notification.pp_(IaC)_', 'puppet-icinga2/manifests/object/notificationcommand.pp_(IaC)_', 'puppet-icinga2/manifests/object/scheduleddowntime.pp_(IaC)_', 'puppet-icinga2/manifests/object/service.pp_(IaC)_', 'puppet-icinga2/manifests/object/servicegroup.pp_(IaC)_', 'puppet-icinga2/manifests/object/timeperiod.pp_(IaC)_', 'puppet-icinga2/manifests/object/user.pp_(IaC)_', 'puppet-icinga2/manifests/object/usergroup.pp_(IaC)_', 'puppet-icinga2/manifests/object/zone.pp_(IaC)_', 'puppet-icinga2/manifests/pki/ca.pp_(IaC)_']]",['1a9648985cb25ea20f754c19db08385461238e9d'],[1.0],[0.06976744186046512],[0.13043478260869565],[1],[1.0]
[3],"[[135, 105, 106, 137, 139, 141, 110, 47, 117, 56, 125, 94]]","[['puppet-icinga2/manifests/feature/compatlog.pp_(IaC)_', 'puppet-icinga2/manifests/init.pp_(IaC)_', 'puppet-icinga2/manifests/config/fragment.pp_(IaC)_', 'puppet-icinga2/manifests/feature/mainlog.pp_(IaC)_', 'puppet-icinga2/manifests/feature/influxdb.pp_(IaC)_', 'puppet-icinga2/manifests/feature/syslog.pp_(IaC)_', 'puppet-icinga2/manifests/object/user.pp_(IaC)_', 'puppet-icinga2/spec/classes/debuglog_spec.rb_(Other)_', 'puppet-icinga2/manifests/object/servicegroup.pp_(IaC)_', 'puppet-icinga2/examples/init_elasticsearch.pp_(IaC)_', 'puppet-icinga2/manifests/object/checkcommand.pp_(IaC)_', 'puppet-icinga2/templates/object.conf.epp_(Other)_']]","[['puppet-icinga2/manifests/config/fragment.pp_(IaC)_', 'puppet-icinga2/manifests/feature/api.pp_(IaC)_', 'puppet-icinga2/manifests/feature/checker.pp_(IaC)_', 'puppet-icinga2/manifests/feature/command.pp_(IaC)_', 'puppet-icinga2/manifests/feature/compatlog.pp_(IaC)_', 'puppet-icinga2/manifests/feature/elasticsearch.pp_(IaC)_', 'puppet-icinga2/manifests/feature/gelf.pp_(IaC)_', 'puppet-icinga2/manifests/feature/graphite.pp_(IaC)_', 'puppet-icinga2/manifests/feature/icingadb.pp_(IaC)_', 'puppet-icinga2/manifests/feature/idomysql.pp_(IaC)_', 'puppet-icinga2/manifests/feature/idopgsql.pp_(IaC)_', 'puppet-icinga2/manifests/feature/influxdb.pp_(IaC)_', 'puppet-icinga2/manifests/feature/influxdb2.pp_(IaC)_', 'puppet-icinga2/manifests/feature/livestatus.pp_(IaC)_', 'puppet-icinga2/manifests/feature/mainlog.pp_(IaC)_', 'puppet-icinga2/manifests/feature/notification.pp_(IaC)_', 'puppet-icinga2/manifests/feature/opentsdb.pp_(IaC)_', 'puppet-icinga2/manifests/feature/perfdata.pp_(IaC)_', 'puppet-icinga2/manifests/feature/statusdata.pp_(IaC)_', 'puppet-icinga2/manifests/feature/syslog.pp_(IaC)_', 'puppet-icinga2/manifests/feature/windowseventlog.pp_(IaC)_', 'puppet-icinga2/manifests/globals.pp_(IaC)_', 'puppet-icinga2/manifests/init.pp_(IaC)_', 'puppet-icinga2/manifests/object.pp_(IaC)_', 'puppet-icinga2/manifests/object/apiuser.pp_(IaC)_', 'puppet-icinga2/manifests/object/checkcommand.pp_(IaC)_', 'puppet-icinga2/manifests/object/checkresultreader.pp_(IaC)_', 'puppet-icinga2/manifests/object/dependency.pp_(IaC)_', 'puppet-icinga2/manifests/object/endpoint.pp_(IaC)_', 'puppet-icinga2/manifests/object/eventcommand.pp_(IaC)_', 'puppet-icinga2/manifests/object/host.pp_(IaC)_', 'puppet-icinga2/manifests/object/hostgroup.pp_(IaC)_', 'puppet-icinga2/manifests/object/icingaapplication.pp_(IaC)_', 'puppet-icinga2/manifests/object/notification.pp_(IaC)_', 'puppet-icinga2/manifests/object/notificationcommand.pp_(IaC)_', 'puppet-icinga2/manifests/object/scheduleddowntime.pp_(IaC)_', 'puppet-icinga2/manifests/object/service.pp_(IaC)_', 'puppet-icinga2/manifests/object/servicegroup.pp_(IaC)_', 'puppet-icinga2/manifests/object/timeperiod.pp_(IaC)_', 'puppet-icinga2/manifests/object/user.pp_(IaC)_', 'puppet-icinga2/manifests/object/usergroup.pp_(IaC)_', 'puppet-icinga2/manifests/object/zone.pp_(IaC)_', 'puppet-icinga2/manifests/pki/ca.pp_(IaC)_']]",['1a9648985cb25ea20f754c19db08385461238e9d'],[1.0],[0.06976744186046512],[0.13043478260869565],[1],[1.0]
[3],"[[129, 130, 140, 141, 47, 116, 117, 118, 123, 157]]","[['puppet-icinga2/manifests/feature/gelf.pp_(IaC)_', 'puppet-icinga2/manifests/feature/livestatus.pp_(IaC)_', 'puppet-icinga2/manifests/feature/statusdata.pp_(IaC)_', 'puppet-icinga2/manifests/feature/syslog.pp_(IaC)_', 'puppet-icinga2/spec/classes/debuglog_spec.rb_(Other)_', 'puppet-icinga2/manifests/object/notification.pp_(IaC)_', 'puppet-icinga2/manifests/object/servicegroup.pp_(IaC)_', 'puppet-icinga2/manifests/object/hostgroup.pp_(IaC)_', 'puppet-icinga2/manifests/object/zone.pp_(IaC)_', 'puppet-icinga2/data/OpenBSD-kernel.yaml_(Other)_']]","[['puppet-icinga2/manifests/config/fragment.pp_(IaC)_', 'puppet-icinga2/manifests/feature/api.pp_(IaC)_', 'puppet-icinga2/manifests/feature/checker.pp_(IaC)_', 'puppet-icinga2/manifests/feature/command.pp_(IaC)_', 'puppet-icinga2/manifests/feature/compatlog.pp_(IaC)_', 'puppet-icinga2/manifests/feature/elasticsearch.pp_(IaC)_', 'puppet-icinga2/manifests/feature/gelf.pp_(IaC)_', 'puppet-icinga2/manifests/feature/graphite.pp_(IaC)_', 'puppet-icinga2/manifests/feature/icingadb.pp_(IaC)_', 'puppet-icinga2/manifests/feature/idomysql.pp_(IaC)_', 'puppet-icinga2/manifests/feature/idopgsql.pp_(IaC)_', 'puppet-icinga2/manifests/feature/influxdb.pp_(IaC)_', 'puppet-icinga2/manifests/feature/influxdb2.pp_(IaC)_', 'puppet-icinga2/manifests/feature/livestatus.pp_(IaC)_', 'puppet-icinga2/manifests/feature/mainlog.pp_(IaC)_', 'puppet-icinga2/manifests/feature/notification.pp_(IaC)_', 'puppet-icinga2/manifests/feature/opentsdb.pp_(IaC)_', 'puppet-icinga2/manifests/feature/perfdata.pp_(IaC)_', 'puppet-icinga2/manifests/feature/statusdata.pp_(IaC)_', 'puppet-icinga2/manifests/feature/syslog.pp_(IaC)_', 'puppet-icinga2/manifests/feature/windowseventlog.pp_(IaC)_', 'puppet-icinga2/manifests/globals.pp_(IaC)_', 'puppet-icinga2/manifests/init.pp_(IaC)_', 'puppet-icinga2/manifests/object.pp_(IaC)_', 'puppet-icinga2/manifests/object/apiuser.pp_(IaC)_', 'puppet-icinga2/manifests/object/checkcommand.pp_(IaC)_', 'puppet-icinga2/manifests/object/checkresultreader.pp_(IaC)_', 'puppet-icinga2/manifests/object/dependency.pp_(IaC)_', 'puppet-icinga2/manifests/object/endpoint.pp_(IaC)_', 'puppet-icinga2/manifests/object/eventcommand.pp_(IaC)_', 'puppet-icinga2/manifests/object/host.pp_(IaC)_', 'puppet-icinga2/manifests/object/hostgroup.pp_(IaC)_', 'puppet-icinga2/manifests/object/icingaapplication.pp_(IaC)_', 'puppet-icinga2/manifests/object/notification.pp_(IaC)_', 'puppet-icinga2/manifests/object/notificationcommand.pp_(IaC)_', 'puppet-icinga2/manifests/object/scheduleddowntime.pp_(IaC)_', 'puppet-icinga2/manifests/object/service.pp_(IaC)_', 'puppet-icinga2/manifests/object/servicegroup.pp_(IaC)_', 'puppet-icinga2/manifests/object/timeperiod.pp_(IaC)_', 'puppet-icinga2/manifests/object/user.pp_(IaC)_', 'puppet-icinga2/manifests/object/usergroup.pp_(IaC)_', 'puppet-icinga2/manifests/object/zone.pp_(IaC)_', 'puppet-icinga2/manifests/pki/ca.pp_(IaC)_']]",['1a9648985cb25ea20f754c19db08385461238e9d'],[1.0],[0.06976744186046512],[0.13043478260869565],[1],[1.0]
[3],"[[128, 129, 130, 131, 132, 135, 47, 49, 148, 26]]","[['puppet-icinga2/manifests/feature/command.pp_(IaC)_', 'puppet-icinga2/manifests/feature/gelf.pp_(IaC)_', 'puppet-icinga2/manifests/feature/livestatus.pp_(IaC)_', 'puppet-icinga2/manifests/feature/windowseventlog.pp_(IaC)_', 'puppet-icinga2/manifests/feature/notification.pp_(IaC)_', 'puppet-icinga2/manifests/feature/compatlog.pp_(IaC)_', 'puppet-icinga2/spec/classes/debuglog_spec.rb_(Other)_', 'puppet-icinga2/spec/defines/objects_spec.rb_(Other)_', 'puppet-icinga2/.vscode/extensions.json_(Other)_', 'puppet-icinga2/spec/classes/gelf_spec.rb_(Other)_']]","[['puppet-icinga2/manifests/config/fragment.pp_(IaC)_', 'puppet-icinga2/manifests/feature/api.pp_(IaC)_', 'puppet-icinga2/manifests/feature/checker.pp_(IaC)_', 'puppet-icinga2/manifests/feature/command.pp_(IaC)_', 'puppet-icinga2/manifests/feature/compatlog.pp_(IaC)_', 'puppet-icinga2/manifests/feature/elasticsearch.pp_(IaC)_', 'puppet-icinga2/manifests/feature/gelf.pp_(IaC)_', 'puppet-icinga2/manifests/feature/graphite.pp_(IaC)_', 'puppet-icinga2/manifests/feature/icingadb.pp_(IaC)_', 'puppet-icinga2/manifests/feature/idomysql.pp_(IaC)_', 'puppet-icinga2/manifests/feature/idopgsql.pp_(IaC)_', 'puppet-icinga2/manifests/feature/influxdb.pp_(IaC)_', 'puppet-icinga2/manifests/feature/influxdb2.pp_(IaC)_', 'puppet-icinga2/manifests/feature/livestatus.pp_(IaC)_', 'puppet-icinga2/manifests/feature/mainlog.pp_(IaC)_', 'puppet-icinga2/manifests/feature/notification.pp_(IaC)_', 'puppet-icinga2/manifests/feature/opentsdb.pp_(IaC)_', 'puppet-icinga2/manifests/feature/perfdata.pp_(IaC)_', 'puppet-icinga2/manifests/feature/statusdata.pp_(IaC)_', 'puppet-icinga2/manifests/feature/syslog.pp_(IaC)_', 'puppet-icinga2/manifests/feature/windowseventlog.pp_(IaC)_', 'puppet-icinga2/manifests/globals.pp_(IaC)_', 'puppet-icinga2/manifests/init.pp_(IaC)_', 'puppet-icinga2/manifests/object.pp_(IaC)_', 'puppet-icinga2/manifests/object/apiuser.pp_(IaC)_', 'puppet-icinga2/manifests/object/checkcommand.pp_(IaC)_', 'puppet-icinga2/manifests/object/checkresultreader.pp_(IaC)_', 'puppet-icinga2/manifests/object/dependency.pp_(IaC)_', 'puppet-icinga2/manifests/object/endpoint.pp_(IaC)_', 'puppet-icinga2/manifests/object/eventcommand.pp_(IaC)_', 'puppet-icinga2/manifests/object/host.pp_(IaC)_', 'puppet-icinga2/manifests/object/hostgroup.pp_(IaC)_', 'puppet-icinga2/manifests/object/icingaapplication.pp_(IaC)_', 'puppet-icinga2/manifests/object/notification.pp_(IaC)_', 'puppet-icinga2/manifests/object/notificationcommand.pp_(IaC)_', 'puppet-icinga2/manifests/object/scheduleddowntime.pp_(IaC)_', 'puppet-icinga2/manifests/object/service.pp_(IaC)_', 'puppet-icinga2/manifests/object/servicegroup.pp_(IaC)_', 'puppet-icinga2/manifests/object/timeperiod.pp_(IaC)_', 'puppet-icinga2/manifests/object/user.pp_(IaC)_', 'puppet-icinga2/manifests/object/usergroup.pp_(IaC)_', 'puppet-icinga2/manifests/object/zone.pp_(IaC)_', 'puppet-icinga2/manifests/pki/ca.pp_(IaC)_']]",['1a9648985cb25ea20f754c19db08385461238e9d'],[1.0],[0.06976744186046512],[0.13043478260869565],[1],[1.0]
[3],"[[133, 134, 137, 106, 139, 143, 144, 88, 26, 31]]","[['puppet-icinga2/manifests/feature/idopgsql.pp_(IaC)_', 'puppet-icinga2/manifests/feature/graphite.pp_(IaC)_', 'puppet-icinga2/manifests/feature/mainlog.pp_(IaC)_', 'puppet-icinga2/manifests/config/fragment.pp_(IaC)_', 'puppet-icinga2/manifests/feature/influxdb.pp_(IaC)_', 'puppet-icinga2/manifests/feature/idomysql.pp_(IaC)_', 'puppet-icinga2/manifests/feature/opentsdb.pp_(IaC)_', 'puppet-icinga2/lib/puppet/functions/icinga2/icinga2_attributes.rb_(Other)_', 'puppet-icinga2/spec/classes/gelf_spec.rb_(Other)_', 'puppet-icinga2/spec/classes/mainlog_spec.rb_(Other)_']]","[['puppet-icinga2/manifests/config/fragment.pp_(IaC)_', 'puppet-icinga2/manifests/feature/api.pp_(IaC)_', 'puppet-icinga2/manifests/feature/checker.pp_(IaC)_', 'puppet-icinga2/manifests/feature/command.pp_(IaC)_', 'puppet-icinga2/manifests/feature/compatlog.pp_(IaC)_', 'puppet-icinga2/manifests/feature/elasticsearch.pp_(IaC)_', 'puppet-icinga2/manifests/feature/gelf.pp_(IaC)_', 'puppet-icinga2/manifests/feature/graphite.pp_(IaC)_', 'puppet-icinga2/manifests/feature/icingadb.pp_(IaC)_', 'puppet-icinga2/manifests/feature/idomysql.pp_(IaC)_', 'puppet-icinga2/manifests/feature/idopgsql.pp_(IaC)_', 'puppet-icinga2/manifests/feature/influxdb.pp_(IaC)_', 'puppet-icinga2/manifests/feature/influxdb2.pp_(IaC)_', 'puppet-icinga2/manifests/feature/livestatus.pp_(IaC)_', 'puppet-icinga2/manifests/feature/mainlog.pp_(IaC)_', 'puppet-icinga2/manifests/feature/notification.pp_(IaC)_', 'puppet-icinga2/manifests/feature/opentsdb.pp_(IaC)_', 'puppet-icinga2/manifests/feature/perfdata.pp_(IaC)_', 'puppet-icinga2/manifests/feature/statusdata.pp_(IaC)_', 'puppet-icinga2/manifests/feature/syslog.pp_(IaC)_', 'puppet-icinga2/manifests/feature/windowseventlog.pp_(IaC)_', 'puppet-icinga2/manifests/globals.pp_(IaC)_', 'puppet-icinga2/manifests/init.pp_(IaC)_', 'puppet-icinga2/manifests/object.pp_(IaC)_', 'puppet-icinga2/manifests/object/apiuser.pp_(IaC)_', 'puppet-icinga2/manifests/object/checkcommand.pp_(IaC)_', 'puppet-icinga2/manifests/object/checkresultreader.pp_(IaC)_', 'puppet-icinga2/manifests/object/dependency.pp_(IaC)_', 'puppet-icinga2/manifests/object/endpoint.pp_(IaC)_', 'puppet-icinga2/manifests/object/eventcommand.pp_(IaC)_', 'puppet-icinga2/manifests/object/host.pp_(IaC)_', 'puppet-icinga2/manifests/object/hostgroup.pp_(IaC)_', 'puppet-icinga2/manifests/object/icingaapplication.pp_(IaC)_', 'puppet-icinga2/manifests/object/notification.pp_(IaC)_', 'puppet-icinga2/manifests/object/notificationcommand.pp_(IaC)_', 'puppet-icinga2/manifests/object/scheduleddowntime.pp_(IaC)_', 'puppet-icinga2/manifests/object/service.pp_(IaC)_', 'puppet-icinga2/manifests/object/servicegroup.pp_(IaC)_', 'puppet-icinga2/manifests/object/timeperiod.pp_(IaC)_', 'puppet-icinga2/manifests/object/user.pp_(IaC)_', 'puppet-icinga2/manifests/object/usergroup.pp_(IaC)_', 'puppet-icinga2/manifests/object/zone.pp_(IaC)_', 'puppet-icinga2/manifests/pki/ca.pp_(IaC)_']]",['1a9648985cb25ea20f754c19db08385461238e9d'],[1.0],[0.06976744186046512],[0.13043478260869565],[1],[1.0]
[3],"[[128, 130, 99, 133, 137, 141, 47, 146, 52, 151]]","[['puppet-icinga2/manifests/feature/command.pp_(IaC)_', 'puppet-icinga2/manifests/feature/livestatus.pp_(IaC)_', 'puppet-icinga2/manifests/config.pp_(IaC)_', 'puppet-icinga2/manifests/feature/idopgsql.pp_(IaC)_', 'puppet-icinga2/manifests/feature/mainlog.pp_(IaC)_', 'puppet-icinga2/manifests/feature/syslog.pp_(IaC)_', 'puppet-icinga2/spec/classes/debuglog_spec.rb_(Other)_', 'puppet-icinga2/manifests/feature/checker.pp_(IaC)_', 'puppet-icinga2/spec/functions/parse_spec.rb_(Other)_', 'puppet-icinga2/data/RedHat-family-6.yaml_(Other)_']]","[['puppet-icinga2/manifests/config/fragment.pp_(IaC)_', 'puppet-icinga2/manifests/feature/api.pp_(IaC)_', 'puppet-icinga2/manifests/feature/checker.pp_(IaC)_', 'puppet-icinga2/manifests/feature/command.pp_(IaC)_', 'puppet-icinga2/manifests/feature/compatlog.pp_(IaC)_', 'puppet-icinga2/manifests/feature/elasticsearch.pp_(IaC)_', 'puppet-icinga2/manifests/feature/gelf.pp_(IaC)_', 'puppet-icinga2/manifests/feature/graphite.pp_(IaC)_', 'puppet-icinga2/manifests/feature/icingadb.pp_(IaC)_', 'puppet-icinga2/manifests/feature/idomysql.pp_(IaC)_', 'puppet-icinga2/manifests/feature/idopgsql.pp_(IaC)_', 'puppet-icinga2/manifests/feature/influxdb.pp_(IaC)_', 'puppet-icinga2/manifests/feature/influxdb2.pp_(IaC)_', 'puppet-icinga2/manifests/feature/livestatus.pp_(IaC)_', 'puppet-icinga2/manifests/feature/mainlog.pp_(IaC)_', 'puppet-icinga2/manifests/feature/notification.pp_(IaC)_', 'puppet-icinga2/manifests/feature/opentsdb.pp_(IaC)_', 'puppet-icinga2/manifests/feature/perfdata.pp_(IaC)_', 'puppet-icinga2/manifests/feature/statusdata.pp_(IaC)_', 'puppet-icinga2/manifests/feature/syslog.pp_(IaC)_', 'puppet-icinga2/manifests/feature/windowseventlog.pp_(IaC)_', 'puppet-icinga2/manifests/globals.pp_(IaC)_', 'puppet-icinga2/manifests/init.pp_(IaC)_', 'puppet-icinga2/manifests/object.pp_(IaC)_', 'puppet-icinga2/manifests/object/apiuser.pp_(IaC)_', 'puppet-icinga2/manifests/object/checkcommand.pp_(IaC)_', 'puppet-icinga2/manifests/object/checkresultreader.pp_(IaC)_', 'puppet-icinga2/manifests/object/dependency.pp_(IaC)_', 'puppet-icinga2/manifests/object/endpoint.pp_(IaC)_', 'puppet-icinga2/manifests/object/eventcommand.pp_(IaC)_', 'puppet-icinga2/manifests/object/host.pp_(IaC)_', 'puppet-icinga2/manifests/object/hostgroup.pp_(IaC)_', 'puppet-icinga2/manifests/object/icingaapplication.pp_(IaC)_', 'puppet-icinga2/manifests/object/notification.pp_(IaC)_', 'puppet-icinga2/manifests/object/notificationcommand.pp_(IaC)_', 'puppet-icinga2/manifests/object/scheduleddowntime.pp_(IaC)_', 'puppet-icinga2/manifests/object/service.pp_(IaC)_', 'puppet-icinga2/manifests/object/servicegroup.pp_(IaC)_', 'puppet-icinga2/manifests/object/timeperiod.pp_(IaC)_', 'puppet-icinga2/manifests/object/user.pp_(IaC)_', 'puppet-icinga2/manifests/object/usergroup.pp_(IaC)_', 'puppet-icinga2/manifests/object/zone.pp_(IaC)_', 'puppet-icinga2/manifests/pki/ca.pp_(IaC)_']]",['1a9648985cb25ea20f754c19db08385461238e9d'],[0.6666666666666666],[0.046511627906976744],[0.08695652173913045],[1],[1.0]
[3],"[[128, 100, 132, 137, 107, 140, 139, 15, 112, 144, 83, 120, 25]]","[['puppet-icinga2/manifests/feature/command.pp_(IaC)_', 'puppet-icinga2/manifests/object.pp_(IaC)_', 'puppet-icinga2/manifests/feature/notification.pp_(IaC)_', 'puppet-icinga2/manifests/feature/mainlog.pp_(IaC)_', 'puppet-icinga2/manifests/tls/client.pp_(IaC)_', 'puppet-icinga2/manifests/feature/statusdata.pp_(IaC)_', 'puppet-icinga2/manifests/feature/influxdb.pp_(IaC)_', 'puppet-icinga2/types/basicauth.pp_(IaC)_', 'puppet-icinga2/manifests/object/usergroup.pp_(IaC)_', 'puppet-icinga2/manifests/feature/opentsdb.pp_(IaC)_', 'puppet-icinga2/lib/puppet_x/icinga2/pbkdf2.rb_(Other)_', 'puppet-icinga2/manifests/object/checkresultreader.pp_(IaC)_', 'puppet-icinga2/spec/classes/notification_spec.rb_(Other)_']]","[['puppet-icinga2/manifests/config/fragment.pp_(IaC)_', 'puppet-icinga2/manifests/feature/api.pp_(IaC)_', 'puppet-icinga2/manifests/feature/checker.pp_(IaC)_', 'puppet-icinga2/manifests/feature/command.pp_(IaC)_', 'puppet-icinga2/manifests/feature/compatlog.pp_(IaC)_', 'puppet-icinga2/manifests/feature/elasticsearch.pp_(IaC)_', 'puppet-icinga2/manifests/feature/gelf.pp_(IaC)_', 'puppet-icinga2/manifests/feature/graphite.pp_(IaC)_', 'puppet-icinga2/manifests/feature/icingadb.pp_(IaC)_', 'puppet-icinga2/manifests/feature/idomysql.pp_(IaC)_', 'puppet-icinga2/manifests/feature/idopgsql.pp_(IaC)_', 'puppet-icinga2/manifests/feature/influxdb.pp_(IaC)_', 'puppet-icinga2/manifests/feature/influxdb2.pp_(IaC)_', 'puppet-icinga2/manifests/feature/livestatus.pp_(IaC)_', 'puppet-icinga2/manifests/feature/mainlog.pp_(IaC)_', 'puppet-icinga2/manifests/feature/notification.pp_(IaC)_', 'puppet-icinga2/manifests/feature/opentsdb.pp_(IaC)_', 'puppet-icinga2/manifests/feature/perfdata.pp_(IaC)_', 'puppet-icinga2/manifests/feature/statusdata.pp_(IaC)_', 'puppet-icinga2/manifests/feature/syslog.pp_(IaC)_', 'puppet-icinga2/manifests/feature/windowseventlog.pp_(IaC)_', 'puppet-icinga2/manifests/globals.pp_(IaC)_', 'puppet-icinga2/manifests/init.pp_(IaC)_', 'puppet-icinga2/manifests/object.pp_(IaC)_', 'puppet-icinga2/manifests/object/apiuser.pp_(IaC)_', 'puppet-icinga2/manifests/object/checkcommand.pp_(IaC)_', 'puppet-icinga2/manifests/object/checkresultreader.pp_(IaC)_', 'puppet-icinga2/manifests/object/dependency.pp_(IaC)_', 'puppet-icinga2/manifests/object/endpoint.pp_(IaC)_', 'puppet-icinga2/manifests/object/eventcommand.pp_(IaC)_', 'puppet-icinga2/manifests/object/host.pp_(IaC)_', 'puppet-icinga2/manifests/object/hostgroup.pp_(IaC)_', 'puppet-icinga2/manifests/object/icingaapplication.pp_(IaC)_', 'puppet-icinga2/manifests/object/notification.pp_(IaC)_', 'puppet-icinga2/manifests/object/notificationcommand.pp_(IaC)_', 'puppet-icinga2/manifests/object/scheduleddowntime.pp_(IaC)_', 'puppet-icinga2/manifests/object/service.pp_(IaC)_', 'puppet-icinga2/manifests/object/servicegroup.pp_(IaC)_', 'puppet-icinga2/manifests/object/timeperiod.pp_(IaC)_', 'puppet-icinga2/manifests/object/user.pp_(IaC)_', 'puppet-icinga2/manifests/object/usergroup.pp_(IaC)_', 'puppet-icinga2/manifests/object/zone.pp_(IaC)_', 'puppet-icinga2/manifests/pki/ca.pp_(IaC)_']]",['1a9648985cb25ea20f754c19db08385461238e9d'],[1.0],[0.06976744186046512],[0.13043478260869565],[1],[1.0]
[3],"[[132, 100, 136, 137, 105, 142, 114, 86, 27, 61]]","[['puppet-icinga2/manifests/feature/notification.pp_(IaC)_', 'puppet-icinga2/manifests/object.pp_(IaC)_', 'puppet-icinga2/manifests/feature/api.pp_(IaC)_', 'puppet-icinga2/manifests/feature/mainlog.pp_(IaC)_', 'puppet-icinga2/manifests/init.pp_(IaC)_', 'puppet-icinga2/manifests/feature/perfdata.pp_(IaC)_', 'puppet-icinga2/manifests/object/scheduleddowntime.pp_(IaC)_', 'puppet-icinga2/lib/facter/icinga2_puppet.rb_(Other)_', 'puppet-icinga2/spec/classes/idopgsql_spec.rb_(Other)_', 'puppet-icinga2/examples/init_worker.pp_(IaC)_']]","[['puppet-icinga2/manifests/config/fragment.pp_(IaC)_', 'puppet-icinga2/manifests/feature/api.pp_(IaC)_', 'puppet-icinga2/manifests/feature/checker.pp_(IaC)_', 'puppet-icinga2/manifests/feature/command.pp_(IaC)_', 'puppet-icinga2/manifests/feature/compatlog.pp_(IaC)_', 'puppet-icinga2/manifests/feature/elasticsearch.pp_(IaC)_', 'puppet-icinga2/manifests/feature/gelf.pp_(IaC)_', 'puppet-icinga2/manifests/feature/graphite.pp_(IaC)_', 'puppet-icinga2/manifests/feature/icingadb.pp_(IaC)_', 'puppet-icinga2/manifests/feature/idomysql.pp_(IaC)_', 'puppet-icinga2/manifests/feature/idopgsql.pp_(IaC)_', 'puppet-icinga2/manifests/feature/influxdb.pp_(IaC)_', 'puppet-icinga2/manifests/feature/influxdb2.pp_(IaC)_', 'puppet-icinga2/manifests/feature/livestatus.pp_(IaC)_', 'puppet-icinga2/manifests/feature/mainlog.pp_(IaC)_', 'puppet-icinga2/manifests/feature/notification.pp_(IaC)_', 'puppet-icinga2/manifests/feature/opentsdb.pp_(IaC)_', 'puppet-icinga2/manifests/feature/perfdata.pp_(IaC)_', 'puppet-icinga2/manifests/feature/statusdata.pp_(IaC)_', 'puppet-icinga2/manifests/feature/syslog.pp_(IaC)_', 'puppet-icinga2/manifests/feature/windowseventlog.pp_(IaC)_', 'puppet-icinga2/manifests/globals.pp_(IaC)_', 'puppet-icinga2/manifests/init.pp_(IaC)_', 'puppet-icinga2/manifests/object.pp_(IaC)_', 'puppet-icinga2/manifests/object/apiuser.pp_(IaC)_', 'puppet-icinga2/manifests/object/checkcommand.pp_(IaC)_', 'puppet-icinga2/manifests/object/checkresultreader.pp_(IaC)_', 'puppet-icinga2/manifests/object/dependency.pp_(IaC)_', 'puppet-icinga2/manifests/object/endpoint.pp_(IaC)_', 'puppet-icinga2/manifests/object/eventcommand.pp_(IaC)_', 'puppet-icinga2/manifests/object/host.pp_(IaC)_', 'puppet-icinga2/manifests/object/hostgroup.pp_(IaC)_', 'puppet-icinga2/manifests/object/icingaapplication.pp_(IaC)_', 'puppet-icinga2/manifests/object/notification.pp_(IaC)_', 'puppet-icinga2/manifests/object/notificationcommand.pp_(IaC)_', 'puppet-icinga2/manifests/object/scheduleddowntime.pp_(IaC)_', 'puppet-icinga2/manifests/object/service.pp_(IaC)_', 'puppet-icinga2/manifests/object/servicegroup.pp_(IaC)_', 'puppet-icinga2/manifests/object/timeperiod.pp_(IaC)_', 'puppet-icinga2/manifests/object/user.pp_(IaC)_', 'puppet-icinga2/manifests/object/usergroup.pp_(IaC)_', 'puppet-icinga2/manifests/object/zone.pp_(IaC)_', 'puppet-icinga2/manifests/pki/ca.pp_(IaC)_']]",['1a9648985cb25ea20f754c19db08385461238e9d'],[1.0],[0.06976744186046512],[0.13043478260869565],[1],[1.0]
[3],"[[132, 133, 135, 136, 140, 142, 16, 53, 150, 126]]","[['puppet-icinga2/manifests/feature/notification.pp_(IaC)_', 'puppet-icinga2/manifests/feature/idopgsql.pp_(IaC)_', 'puppet-icinga2/manifests/feature/compatlog.pp_(IaC)_', 'puppet-icinga2/manifests/feature/api.pp_(IaC)_', 'puppet-icinga2/manifests/feature/statusdata.pp_(IaC)_', 'puppet-icinga2/manifests/feature/perfdata.pp_(IaC)_', 'puppet-icinga2/types/logseverity.pp_(IaC)_', 'puppet-icinga2/spec/functions/icinga2_ticket_id_spec.rb_(Other)_', 'puppet-icinga2/data/Gentoo-family.yaml_(Other)_', 'puppet-icinga2/manifests/feature/influxdb2.pp_(IaC)_']]","[['puppet-icinga2/manifests/config/fragment.pp_(IaC)_', 'puppet-icinga2/manifests/feature/api.pp_(IaC)_', 'puppet-icinga2/manifests/feature/checker.pp_(IaC)_', 'puppet-icinga2/manifests/feature/command.pp_(IaC)_', 'puppet-icinga2/manifests/feature/compatlog.pp_(IaC)_', 'puppet-icinga2/manifests/feature/elasticsearch.pp_(IaC)_', 'puppet-icinga2/manifests/feature/gelf.pp_(IaC)_', 'puppet-icinga2/manifests/feature/graphite.pp_(IaC)_', 'puppet-icinga2/manifests/feature/icingadb.pp_(IaC)_', 'puppet-icinga2/manifests/feature/idomysql.pp_(IaC)_', 'puppet-icinga2/manifests/feature/idopgsql.pp_(IaC)_', 'puppet-icinga2/manifests/feature/influxdb.pp_(IaC)_', 'puppet-icinga2/manifests/feature/influxdb2.pp_(IaC)_', 'puppet-icinga2/manifests/feature/livestatus.pp_(IaC)_', 'puppet-icinga2/manifests/feature/mainlog.pp_(IaC)_', 'puppet-icinga2/manifests/feature/notification.pp_(IaC)_', 'puppet-icinga2/manifests/feature/opentsdb.pp_(IaC)_', 'puppet-icinga2/manifests/feature/perfdata.pp_(IaC)_', 'puppet-icinga2/manifests/feature/statusdata.pp_(IaC)_', 'puppet-icinga2/manifests/feature/syslog.pp_(IaC)_', 'puppet-icinga2/manifests/feature/windowseventlog.pp_(IaC)_', 'puppet-icinga2/manifests/globals.pp_(IaC)_', 'puppet-icinga2/manifests/init.pp_(IaC)_', 'puppet-icinga2/manifests/object.pp_(IaC)_', 'puppet-icinga2/manifests/object/apiuser.pp_(IaC)_', 'puppet-icinga2/manifests/object/checkcommand.pp_(IaC)_', 'puppet-icinga2/manifests/object/checkresultreader.pp_(IaC)_', 'puppet-icinga2/manifests/object/dependency.pp_(IaC)_', 'puppet-icinga2/manifests/object/endpoint.pp_(IaC)_', 'puppet-icinga2/manifests/object/eventcommand.pp_(IaC)_', 'puppet-icinga2/manifests/object/host.pp_(IaC)_', 'puppet-icinga2/manifests/object/hostgroup.pp_(IaC)_', 'puppet-icinga2/manifests/object/icingaapplication.pp_(IaC)_', 'puppet-icinga2/manifests/object/notification.pp_(IaC)_', 'puppet-icinga2/manifests/object/notificationcommand.pp_(IaC)_', 'puppet-icinga2/manifests/object/scheduleddowntime.pp_(IaC)_', 'puppet-icinga2/manifests/object/service.pp_(IaC)_', 'puppet-icinga2/manifests/object/servicegroup.pp_(IaC)_', 'puppet-icinga2/manifests/object/timeperiod.pp_(IaC)_', 'puppet-icinga2/manifests/object/user.pp_(IaC)_', 'puppet-icinga2/manifests/object/usergroup.pp_(IaC)_', 'puppet-icinga2/manifests/object/zone.pp_(IaC)_', 'puppet-icinga2/manifests/pki/ca.pp_(IaC)_']]",['1a9648985cb25ea20f754c19db08385461238e9d'],[1.0],[0.06976744186046512],[0.13043478260869565],[1],[1.0]
[3],"[[137, 105, 139, 140, 141, 142, 144, 16, 52, 87, 90, 95]]","[['puppet-icinga2/manifests/feature/mainlog.pp_(IaC)_', 'puppet-icinga2/manifests/init.pp_(IaC)_', 'puppet-icinga2/manifests/feature/influxdb.pp_(IaC)_', 'puppet-icinga2/manifests/feature/statusdata.pp_(IaC)_', 'puppet-icinga2/manifests/feature/syslog.pp_(IaC)_', 'puppet-icinga2/manifests/feature/perfdata.pp_(IaC)_', 'puppet-icinga2/manifests/feature/opentsdb.pp_(IaC)_', 'puppet-icinga2/types/logseverity.pp_(IaC)_', 'puppet-icinga2/spec/functions/parse_spec.rb_(Other)_', 'puppet-icinga2/lib/puppet/functions/icinga2/icinga2_ticket_id.rb_(Other)_', 'puppet-icinga2/functions/cert.pp_(IaC)_', 'puppet-icinga2/templates/icinga2.conf.erb_(Other)_']]","[['puppet-icinga2/manifests/config/fragment.pp_(IaC)_', 'puppet-icinga2/manifests/feature/api.pp_(IaC)_', 'puppet-icinga2/manifests/feature/checker.pp_(IaC)_', 'puppet-icinga2/manifests/feature/command.pp_(IaC)_', 'puppet-icinga2/manifests/feature/compatlog.pp_(IaC)_', 'puppet-icinga2/manifests/feature/elasticsearch.pp_(IaC)_', 'puppet-icinga2/manifests/feature/gelf.pp_(IaC)_', 'puppet-icinga2/manifests/feature/graphite.pp_(IaC)_', 'puppet-icinga2/manifests/feature/icingadb.pp_(IaC)_', 'puppet-icinga2/manifests/feature/idomysql.pp_(IaC)_', 'puppet-icinga2/manifests/feature/idopgsql.pp_(IaC)_', 'puppet-icinga2/manifests/feature/influxdb.pp_(IaC)_', 'puppet-icinga2/manifests/feature/influxdb2.pp_(IaC)_', 'puppet-icinga2/manifests/feature/livestatus.pp_(IaC)_', 'puppet-icinga2/manifests/feature/mainlog.pp_(IaC)_', 'puppet-icinga2/manifests/feature/notification.pp_(IaC)_', 'puppet-icinga2/manifests/feature/opentsdb.pp_(IaC)_', 'puppet-icinga2/manifests/feature/perfdata.pp_(IaC)_', 'puppet-icinga2/manifests/feature/statusdata.pp_(IaC)_', 'puppet-icinga2/manifests/feature/syslog.pp_(IaC)_', 'puppet-icinga2/manifests/feature/windowseventlog.pp_(IaC)_', 'puppet-icinga2/manifests/globals.pp_(IaC)_', 'puppet-icinga2/manifests/init.pp_(IaC)_', 'puppet-icinga2/manifests/object.pp_(IaC)_', 'puppet-icinga2/manifests/object/apiuser.pp_(IaC)_', 'puppet-icinga2/manifests/object/checkcommand.pp_(IaC)_', 'puppet-icinga2/manifests/object/checkresultreader.pp_(IaC)_', 'puppet-icinga2/manifests/object/dependency.pp_(IaC)_', 'puppet-icinga2/manifests/object/endpoint.pp_(IaC)_', 'puppet-icinga2/manifests/object/eventcommand.pp_(IaC)_', 'puppet-icinga2/manifests/object/host.pp_(IaC)_', 'puppet-icinga2/manifests/object/hostgroup.pp_(IaC)_', 'puppet-icinga2/manifests/object/icingaapplication.pp_(IaC)_', 'puppet-icinga2/manifests/object/notification.pp_(IaC)_', 'puppet-icinga2/manifests/object/notificationcommand.pp_(IaC)_', 'puppet-icinga2/manifests/object/scheduleddowntime.pp_(IaC)_', 'puppet-icinga2/manifests/object/service.pp_(IaC)_', 'puppet-icinga2/manifests/object/servicegroup.pp_(IaC)_', 'puppet-icinga2/manifests/object/timeperiod.pp_(IaC)_', 'puppet-icinga2/manifests/object/user.pp_(IaC)_', 'puppet-icinga2/manifests/object/usergroup.pp_(IaC)_', 'puppet-icinga2/manifests/object/zone.pp_(IaC)_', 'puppet-icinga2/manifests/pki/ca.pp_(IaC)_']]",['1a9648985cb25ea20f754c19db08385461238e9d'],[1.0],[0.06976744186046512],[0.13043478260869565],[1],[1.0]
[3],"[[129, 133, 135, 137, 42, 139, 112, 147, 117, 55]]","[['puppet-icinga2/manifests/feature/gelf.pp_(IaC)_', 'puppet-icinga2/manifests/feature/idopgsql.pp_(IaC)_', 'puppet-icinga2/manifests/feature/compatlog.pp_(IaC)_', 'puppet-icinga2/manifests/feature/mainlog.pp_(IaC)_', 'puppet-icinga2/spec/classes/idomysql_spec.rb_(Other)_', 'puppet-icinga2/manifests/feature/influxdb.pp_(IaC)_', 'puppet-icinga2/manifests/object/usergroup.pp_(IaC)_', 'puppet-icinga2/manifests/pki/ca.pp_(IaC)_', 'puppet-icinga2/manifests/object/servicegroup.pp_(IaC)_', 'puppet-icinga2/examples/init_icingadb.pp_(IaC)_']]","[['puppet-icinga2/manifests/config/fragment.pp_(IaC)_', 'puppet-icinga2/manifests/feature/api.pp_(IaC)_', 'puppet-icinga2/manifests/feature/checker.pp_(IaC)_', 'puppet-icinga2/manifests/feature/command.pp_(IaC)_', 'puppet-icinga2/manifests/feature/compatlog.pp_(IaC)_', 'puppet-icinga2/manifests/feature/elasticsearch.pp_(IaC)_', 'puppet-icinga2/manifests/feature/gelf.pp_(IaC)_', 'puppet-icinga2/manifests/feature/graphite.pp_(IaC)_', 'puppet-icinga2/manifests/feature/icingadb.pp_(IaC)_', 'puppet-icinga2/manifests/feature/idomysql.pp_(IaC)_', 'puppet-icinga2/manifests/feature/idopgsql.pp_(IaC)_', 'puppet-icinga2/manifests/feature/influxdb.pp_(IaC)_', 'puppet-icinga2/manifests/feature/influxdb2.pp_(IaC)_', 'puppet-icinga2/manifests/feature/livestatus.pp_(IaC)_', 'puppet-icinga2/manifests/feature/mainlog.pp_(IaC)_', 'puppet-icinga2/manifests/feature/notification.pp_(IaC)_', 'puppet-icinga2/manifests/feature/opentsdb.pp_(IaC)_', 'puppet-icinga2/manifests/feature/perfdata.pp_(IaC)_', 'puppet-icinga2/manifests/feature/statusdata.pp_(IaC)_', 'puppet-icinga2/manifests/feature/syslog.pp_(IaC)_', 'puppet-icinga2/manifests/feature/windowseventlog.pp_(IaC)_', 'puppet-icinga2/manifests/globals.pp_(IaC)_', 'puppet-icinga2/manifests/init.pp_(IaC)_', 'puppet-icinga2/manifests/object.pp_(IaC)_', 'puppet-icinga2/manifests/object/apiuser.pp_(IaC)_', 'puppet-icinga2/manifests/object/checkcommand.pp_(IaC)_', 'puppet-icinga2/manifests/object/checkresultreader.pp_(IaC)_', 'puppet-icinga2/manifests/object/dependency.pp_(IaC)_', 'puppet-icinga2/manifests/object/endpoint.pp_(IaC)_', 'puppet-icinga2/manifests/object/eventcommand.pp_(IaC)_', 'puppet-icinga2/manifests/object/host.pp_(IaC)_', 'puppet-icinga2/manifests/object/hostgroup.pp_(IaC)_', 'puppet-icinga2/manifests/object/icingaapplication.pp_(IaC)_', 'puppet-icinga2/manifests/object/notification.pp_(IaC)_', 'puppet-icinga2/manifests/object/notificationcommand.pp_(IaC)_', 'puppet-icinga2/manifests/object/scheduleddowntime.pp_(IaC)_', 'puppet-icinga2/manifests/object/service.pp_(IaC)_', 'puppet-icinga2/manifests/object/servicegroup.pp_(IaC)_', 'puppet-icinga2/manifests/object/timeperiod.pp_(IaC)_', 'puppet-icinga2/manifests/object/user.pp_(IaC)_', 'puppet-icinga2/manifests/object/usergroup.pp_(IaC)_', 'puppet-icinga2/manifests/object/zone.pp_(IaC)_', 'puppet-icinga2/manifests/pki/ca.pp_(IaC)_']]",['1a9648985cb25ea20f754c19db08385461238e9d'],[1.0],[0.06976744186046512],[0.13043478260869565],[1],[1.0]
[3],"[[128, 135, 136, 137, 140, 77, 110, 146, 154, 93, 95]]","[['puppet-icinga2/manifests/feature/command.pp_(IaC)_', 'puppet-icinga2/manifests/feature/compatlog.pp_(IaC)_', 'puppet-icinga2/manifests/feature/api.pp_(IaC)_', 'puppet-icinga2/manifests/feature/mainlog.pp_(IaC)_', 'puppet-icinga2/manifests/feature/statusdata.pp_(IaC)_', 'puppet-icinga2/examples/init.pp_(IaC)_', 'puppet-icinga2/manifests/object/user.pp_(IaC)_', 'puppet-icinga2/manifests/feature/checker.pp_(IaC)_', 'puppet-icinga2/data/Linux-kernel.yaml_(Other)_', 'puppet-icinga2/functions/db/connect.pp_(IaC)_', 'puppet-icinga2/templates/icinga2.conf.erb_(Other)_']]","[['puppet-icinga2/manifests/config/fragment.pp_(IaC)_', 'puppet-icinga2/manifests/feature/api.pp_(IaC)_', 'puppet-icinga2/manifests/feature/checker.pp_(IaC)_', 'puppet-icinga2/manifests/feature/command.pp_(IaC)_', 'puppet-icinga2/manifests/feature/compatlog.pp_(IaC)_', 'puppet-icinga2/manifests/feature/elasticsearch.pp_(IaC)_', 'puppet-icinga2/manifests/feature/gelf.pp_(IaC)_', 'puppet-icinga2/manifests/feature/graphite.pp_(IaC)_', 'puppet-icinga2/manifests/feature/icingadb.pp_(IaC)_', 'puppet-icinga2/manifests/feature/idomysql.pp_(IaC)_', 'puppet-icinga2/manifests/feature/idopgsql.pp_(IaC)_', 'puppet-icinga2/manifests/feature/influxdb.pp_(IaC)_', 'puppet-icinga2/manifests/feature/influxdb2.pp_(IaC)_', 'puppet-icinga2/manifests/feature/livestatus.pp_(IaC)_', 'puppet-icinga2/manifests/feature/mainlog.pp_(IaC)_', 'puppet-icinga2/manifests/feature/notification.pp_(IaC)_', 'puppet-icinga2/manifests/feature/opentsdb.pp_(IaC)_', 'puppet-icinga2/manifests/feature/perfdata.pp_(IaC)_', 'puppet-icinga2/manifests/feature/statusdata.pp_(IaC)_', 'puppet-icinga2/manifests/feature/syslog.pp_(IaC)_', 'puppet-icinga2/manifests/feature/windowseventlog.pp_(IaC)_', 'puppet-icinga2/manifests/globals.pp_(IaC)_', 'puppet-icinga2/manifests/init.pp_(IaC)_', 'puppet-icinga2/manifests/object.pp_(IaC)_', 'puppet-icinga2/manifests/object/apiuser.pp_(IaC)_', 'puppet-icinga2/manifests/object/checkcommand.pp_(IaC)_', 'puppet-icinga2/manifests/object/checkresultreader.pp_(IaC)_', 'puppet-icinga2/manifests/object/dependency.pp_(IaC)_', 'puppet-icinga2/manifests/object/endpoint.pp_(IaC)_', 'puppet-icinga2/manifests/object/eventcommand.pp_(IaC)_', 'puppet-icinga2/manifests/object/host.pp_(IaC)_', 'puppet-icinga2/manifests/object/hostgroup.pp_(IaC)_', 'puppet-icinga2/manifests/object/icingaapplication.pp_(IaC)_', 'puppet-icinga2/manifests/object/notification.pp_(IaC)_', 'puppet-icinga2/manifests/object/notificationcommand.pp_(IaC)_', 'puppet-icinga2/manifests/object/scheduleddowntime.pp_(IaC)_', 'puppet-icinga2/manifests/object/service.pp_(IaC)_', 'puppet-icinga2/manifests/object/servicegroup.pp_(IaC)_', 'puppet-icinga2/manifests/object/timeperiod.pp_(IaC)_', 'puppet-icinga2/manifests/object/user.pp_(IaC)_', 'puppet-icinga2/manifests/object/usergroup.pp_(IaC)_', 'puppet-icinga2/manifests/object/zone.pp_(IaC)_', 'puppet-icinga2/manifests/pki/ca.pp_(IaC)_']]",['1a9648985cb25ea20f754c19db08385461238e9d'],[1.0],[0.06976744186046512],[0.13043478260869565],[1],[1.0]
[3],"[[128, 132, 102, 105, 140, 141, 142, 112, 51, 87, 28, 159]]","[['puppet-icinga2/manifests/feature/command.pp_(IaC)_', 'puppet-icinga2/manifests/feature/notification.pp_(IaC)_', 'puppet-icinga2/manifests/feature.pp_(IaC)_', 'puppet-icinga2/manifests/init.pp_(IaC)_', 'puppet-icinga2/manifests/feature/statusdata.pp_(IaC)_', 'puppet-icinga2/manifests/feature/syslog.pp_(IaC)_', 'puppet-icinga2/manifests/feature/perfdata.pp_(IaC)_', 'puppet-icinga2/manifests/object/usergroup.pp_(IaC)_', 'puppet-icinga2/spec/functions/cert_spec.rb_(Other)_', 'puppet-icinga2/lib/puppet/functions/icinga2/icinga2_ticket_id.rb_(Other)_', 'puppet-icinga2/spec/classes/livestatus_spec.rb_(Other)_', 'puppet-icinga2/data/Gentoo-amd64-family.yaml_(Other)_']]","[['puppet-icinga2/manifests/config/fragment.pp_(IaC)_', 'puppet-icinga2/manifests/feature/api.pp_(IaC)_', 'puppet-icinga2/manifests/feature/checker.pp_(IaC)_', 'puppet-icinga2/manifests/feature/command.pp_(IaC)_', 'puppet-icinga2/manifests/feature/compatlog.pp_(IaC)_', 'puppet-icinga2/manifests/feature/elasticsearch.pp_(IaC)_', 'puppet-icinga2/manifests/feature/gelf.pp_(IaC)_', 'puppet-icinga2/manifests/feature/graphite.pp_(IaC)_', 'puppet-icinga2/manifests/feature/icingadb.pp_(IaC)_', 'puppet-icinga2/manifests/feature/idomysql.pp_(IaC)_', 'puppet-icinga2/manifests/feature/idopgsql.pp_(IaC)_', 'puppet-icinga2/manifests/feature/influxdb.pp_(IaC)_', 'puppet-icinga2/manifests/feature/influxdb2.pp_(IaC)_', 'puppet-icinga2/manifests/feature/livestatus.pp_(IaC)_', 'puppet-icinga2/manifests/feature/mainlog.pp_(IaC)_', 'puppet-icinga2/manifests/feature/notification.pp_(IaC)_', 'puppet-icinga2/manifests/feature/opentsdb.pp_(IaC)_', 'puppet-icinga2/manifests/feature/perfdata.pp_(IaC)_', 'puppet-icinga2/manifests/feature/statusdata.pp_(IaC)_', 'puppet-icinga2/manifests/feature/syslog.pp_(IaC)_', 'puppet-icinga2/manifests/feature/windowseventlog.pp_(IaC)_', 'puppet-icinga2/manifests/globals.pp_(IaC)_', 'puppet-icinga2/manifests/init.pp_(IaC)_', 'puppet-icinga2/manifests/object.pp_(IaC)_', 'puppet-icinga2/manifests/object/apiuser.pp_(IaC)_', 'puppet-icinga2/manifests/object/checkcommand.pp_(IaC)_', 'puppet-icinga2/manifests/object/checkresultreader.pp_(IaC)_', 'puppet-icinga2/manifests/object/dependency.pp_(IaC)_', 'puppet-icinga2/manifests/object/endpoint.pp_(IaC)_', 'puppet-icinga2/manifests/object/eventcommand.pp_(IaC)_', 'puppet-icinga2/manifests/object/host.pp_(IaC)_', 'puppet-icinga2/manifests/object/hostgroup.pp_(IaC)_', 'puppet-icinga2/manifests/object/icingaapplication.pp_(IaC)_', 'puppet-icinga2/manifests/object/notification.pp_(IaC)_', 'puppet-icinga2/manifests/object/notificationcommand.pp_(IaC)_', 'puppet-icinga2/manifests/object/scheduleddowntime.pp_(IaC)_', 'puppet-icinga2/manifests/object/service.pp_(IaC)_', 'puppet-icinga2/manifests/object/servicegroup.pp_(IaC)_', 'puppet-icinga2/manifests/object/timeperiod.pp_(IaC)_', 'puppet-icinga2/manifests/object/user.pp_(IaC)_', 'puppet-icinga2/manifests/object/usergroup.pp_(IaC)_', 'puppet-icinga2/manifests/object/zone.pp_(IaC)_', 'puppet-icinga2/manifests/pki/ca.pp_(IaC)_']]",['1a9648985cb25ea20f754c19db08385461238e9d'],[0.6666666666666666],[0.046511627906976744],[0.08695652173913045],[1],[1.0]
[3],"[[130, 132, 102, 137, 140, 109, 145, 148, 87, 29]]","[['puppet-icinga2/manifests/feature/livestatus.pp_(IaC)_', 'puppet-icinga2/manifests/feature/notification.pp_(IaC)_', 'puppet-icinga2/manifests/feature.pp_(IaC)_', 'puppet-icinga2/manifests/feature/mainlog.pp_(IaC)_', 'puppet-icinga2/manifests/feature/statusdata.pp_(IaC)_', 'puppet-icinga2/manifests/object/timeperiod.pp_(IaC)_', 'puppet-icinga2/manifests/feature/icingadb.pp_(IaC)_', 'puppet-icinga2/.vscode/extensions.json_(Other)_', 'puppet-icinga2/lib/puppet/functions/icinga2/icinga2_ticket_id.rb_(Other)_', 'puppet-icinga2/spec/classes/perfdata_spec.rb_(Other)_']]","[['puppet-icinga2/manifests/config/fragment.pp_(IaC)_', 'puppet-icinga2/manifests/feature/api.pp_(IaC)_', 'puppet-icinga2/manifests/feature/checker.pp_(IaC)_', 'puppet-icinga2/manifests/feature/command.pp_(IaC)_', 'puppet-icinga2/manifests/feature/compatlog.pp_(IaC)_', 'puppet-icinga2/manifests/feature/elasticsearch.pp_(IaC)_', 'puppet-icinga2/manifests/feature/gelf.pp_(IaC)_', 'puppet-icinga2/manifests/feature/graphite.pp_(IaC)_', 'puppet-icinga2/manifests/feature/icingadb.pp_(IaC)_', 'puppet-icinga2/manifests/feature/idomysql.pp_(IaC)_', 'puppet-icinga2/manifests/feature/idopgsql.pp_(IaC)_', 'puppet-icinga2/manifests/feature/influxdb.pp_(IaC)_', 'puppet-icinga2/manifests/feature/influxdb2.pp_(IaC)_', 'puppet-icinga2/manifests/feature/livestatus.pp_(IaC)_', 'puppet-icinga2/manifests/feature/mainlog.pp_(IaC)_', 'puppet-icinga2/manifests/feature/notification.pp_(IaC)_', 'puppet-icinga2/manifests/feature/opentsdb.pp_(IaC)_', 'puppet-icinga2/manifests/feature/perfdata.pp_(IaC)_', 'puppet-icinga2/manifests/feature/statusdata.pp_(IaC)_', 'puppet-icinga2/manifests/feature/syslog.pp_(IaC)_', 'puppet-icinga2/manifests/feature/windowseventlog.pp_(IaC)_', 'puppet-icinga2/manifests/globals.pp_(IaC)_', 'puppet-icinga2/manifests/init.pp_(IaC)_', 'puppet-icinga2/manifests/object.pp_(IaC)_', 'puppet-icinga2/manifests/object/apiuser.pp_(IaC)_', 'puppet-icinga2/manifests/object/checkcommand.pp_(IaC)_', 'puppet-icinga2/manifests/object/checkresultreader.pp_(IaC)_', 'puppet-icinga2/manifests/object/dependency.pp_(IaC)_', 'puppet-icinga2/manifests/object/endpoint.pp_(IaC)_', 'puppet-icinga2/manifests/object/eventcommand.pp_(IaC)_', 'puppet-icinga2/manifests/object/host.pp_(IaC)_', 'puppet-icinga2/manifests/object/hostgroup.pp_(IaC)_', 'puppet-icinga2/manifests/object/icingaapplication.pp_(IaC)_', 'puppet-icinga2/manifests/object/notification.pp_(IaC)_', 'puppet-icinga2/manifests/object/notificationcommand.pp_(IaC)_', 'puppet-icinga2/manifests/object/scheduleddowntime.pp_(IaC)_', 'puppet-icinga2/manifests/object/service.pp_(IaC)_', 'puppet-icinga2/manifests/object/servicegroup.pp_(IaC)_', 'puppet-icinga2/manifests/object/timeperiod.pp_(IaC)_', 'puppet-icinga2/manifests/object/user.pp_(IaC)_', 'puppet-icinga2/manifests/object/usergroup.pp_(IaC)_', 'puppet-icinga2/manifests/object/zone.pp_(IaC)_', 'puppet-icinga2/manifests/pki/ca.pp_(IaC)_']]",['1a9648985cb25ea20f754c19db08385461238e9d'],[0.6666666666666666],[0.046511627906976744],[0.08695652173913045],[1],[1.0]
[3],"[[130, 132, 104, 137, 139, 141, 16, 147, 31, 127]]","[['puppet-icinga2/manifests/feature/livestatus.pp_(IaC)_', 'puppet-icinga2/manifests/feature/notification.pp_(IaC)_', 'puppet-icinga2/manifests/install.pp_(IaC)_', 'puppet-icinga2/manifests/feature/mainlog.pp_(IaC)_', 'puppet-icinga2/manifests/feature/influxdb.pp_(IaC)_', 'puppet-icinga2/manifests/feature/syslog.pp_(IaC)_', 'puppet-icinga2/types/logseverity.pp_(IaC)_', 'puppet-icinga2/manifests/pki/ca.pp_(IaC)_', 'puppet-icinga2/spec/classes/mainlog_spec.rb_(Other)_', 'puppet-icinga2/manifests/feature/elasticsearch.pp_(IaC)_']]","[['puppet-icinga2/manifests/config/fragment.pp_(IaC)_', 'puppet-icinga2/manifests/feature/api.pp_(IaC)_', 'puppet-icinga2/manifests/feature/checker.pp_(IaC)_', 'puppet-icinga2/manifests/feature/command.pp_(IaC)_', 'puppet-icinga2/manifests/feature/compatlog.pp_(IaC)_', 'puppet-icinga2/manifests/feature/elasticsearch.pp_(IaC)_', 'puppet-icinga2/manifests/feature/gelf.pp_(IaC)_', 'puppet-icinga2/manifests/feature/graphite.pp_(IaC)_', 'puppet-icinga2/manifests/feature/icingadb.pp_(IaC)_', 'puppet-icinga2/manifests/feature/idomysql.pp_(IaC)_', 'puppet-icinga2/manifests/feature/idopgsql.pp_(IaC)_', 'puppet-icinga2/manifests/feature/influxdb.pp_(IaC)_', 'puppet-icinga2/manifests/feature/influxdb2.pp_(IaC)_', 'puppet-icinga2/manifests/feature/livestatus.pp_(IaC)_', 'puppet-icinga2/manifests/feature/mainlog.pp_(IaC)_', 'puppet-icinga2/manifests/feature/notification.pp_(IaC)_', 'puppet-icinga2/manifests/feature/opentsdb.pp_(IaC)_', 'puppet-icinga2/manifests/feature/perfdata.pp_(IaC)_', 'puppet-icinga2/manifests/feature/statusdata.pp_(IaC)_', 'puppet-icinga2/manifests/feature/syslog.pp_(IaC)_', 'puppet-icinga2/manifests/feature/windowseventlog.pp_(IaC)_', 'puppet-icinga2/manifests/globals.pp_(IaC)_', 'puppet-icinga2/manifests/init.pp_(IaC)_', 'puppet-icinga2/manifests/object.pp_(IaC)_', 'puppet-icinga2/manifests/object/apiuser.pp_(IaC)_', 'puppet-icinga2/manifests/object/checkcommand.pp_(IaC)_', 'puppet-icinga2/manifests/object/checkresultreader.pp_(IaC)_', 'puppet-icinga2/manifests/object/dependency.pp_(IaC)_', 'puppet-icinga2/manifests/object/endpoint.pp_(IaC)_', 'puppet-icinga2/manifests/object/eventcommand.pp_(IaC)_', 'puppet-icinga2/manifests/object/host.pp_(IaC)_', 'puppet-icinga2/manifests/object/hostgroup.pp_(IaC)_', 'puppet-icinga2/manifests/object/icingaapplication.pp_(IaC)_', 'puppet-icinga2/manifests/object/notification.pp_(IaC)_', 'puppet-icinga2/manifests/object/notificationcommand.pp_(IaC)_', 'puppet-icinga2/manifests/object/scheduleddowntime.pp_(IaC)_', 'puppet-icinga2/manifests/object/service.pp_(IaC)_', 'puppet-icinga2/manifests/object/servicegroup.pp_(IaC)_', 'puppet-icinga2/manifests/object/timeperiod.pp_(IaC)_', 'puppet-icinga2/manifests/object/user.pp_(IaC)_', 'puppet-icinga2/manifests/object/usergroup.pp_(IaC)_', 'puppet-icinga2/manifests/object/zone.pp_(IaC)_', 'puppet-icinga2/manifests/pki/ca.pp_(IaC)_']]",['1a9648985cb25ea20f754c19db08385461238e9d'],[0.6666666666666666],[0.046511627906976744],[0.08695652173913045],[1],[1.0]
[3],"[[128, 130, 133, 139, 108, 144, 122, 27, 125, 63]]","[['puppet-icinga2/manifests/feature/command.pp_(IaC)_', 'puppet-icinga2/manifests/feature/livestatus.pp_(IaC)_', 'puppet-icinga2/manifests/feature/idopgsql.pp_(IaC)_', 'puppet-icinga2/manifests/feature/influxdb.pp_(IaC)_', 'puppet-icinga2/manifests/object/apiuser.pp_(IaC)_', 'puppet-icinga2/manifests/feature/opentsdb.pp_(IaC)_', 'puppet-icinga2/manifests/object/notificationcommand.pp_(IaC)_', 'puppet-icinga2/spec/classes/idopgsql_spec.rb_(Other)_', 'puppet-icinga2/manifests/object/checkcommand.pp_(IaC)_', 'puppet-icinga2/examples/init_influxdb2.pp_(IaC)_']]","[['puppet-icinga2/manifests/config/fragment.pp_(IaC)_', 'puppet-icinga2/manifests/feature/api.pp_(IaC)_', 'puppet-icinga2/manifests/feature/checker.pp_(IaC)_', 'puppet-icinga2/manifests/feature/command.pp_(IaC)_', 'puppet-icinga2/manifests/feature/compatlog.pp_(IaC)_', 'puppet-icinga2/manifests/feature/elasticsearch.pp_(IaC)_', 'puppet-icinga2/manifests/feature/gelf.pp_(IaC)_', 'puppet-icinga2/manifests/feature/graphite.pp_(IaC)_', 'puppet-icinga2/manifests/feature/icingadb.pp_(IaC)_', 'puppet-icinga2/manifests/feature/idomysql.pp_(IaC)_', 'puppet-icinga2/manifests/feature/idopgsql.pp_(IaC)_', 'puppet-icinga2/manifests/feature/influxdb.pp_(IaC)_', 'puppet-icinga2/manifests/feature/influxdb2.pp_(IaC)_', 'puppet-icinga2/manifests/feature/livestatus.pp_(IaC)_', 'puppet-icinga2/manifests/feature/mainlog.pp_(IaC)_', 'puppet-icinga2/manifests/feature/notification.pp_(IaC)_', 'puppet-icinga2/manifests/feature/opentsdb.pp_(IaC)_', 'puppet-icinga2/manifests/feature/perfdata.pp_(IaC)_', 'puppet-icinga2/manifests/feature/statusdata.pp_(IaC)_', 'puppet-icinga2/manifests/feature/syslog.pp_(IaC)_', 'puppet-icinga2/manifests/feature/windowseventlog.pp_(IaC)_', 'puppet-icinga2/manifests/globals.pp_(IaC)_', 'puppet-icinga2/manifests/init.pp_(IaC)_', 'puppet-icinga2/manifests/object.pp_(IaC)_', 'puppet-icinga2/manifests/object/apiuser.pp_(IaC)_', 'puppet-icinga2/manifests/object/checkcommand.pp_(IaC)_', 'puppet-icinga2/manifests/object/checkresultreader.pp_(IaC)_', 'puppet-icinga2/manifests/object/dependency.pp_(IaC)_', 'puppet-icinga2/manifests/object/endpoint.pp_(IaC)_', 'puppet-icinga2/manifests/object/eventcommand.pp_(IaC)_', 'puppet-icinga2/manifests/object/host.pp_(IaC)_', 'puppet-icinga2/manifests/object/hostgroup.pp_(IaC)_', 'puppet-icinga2/manifests/object/icingaapplication.pp_(IaC)_', 'puppet-icinga2/manifests/object/notification.pp_(IaC)_', 'puppet-icinga2/manifests/object/notificationcommand.pp_(IaC)_', 'puppet-icinga2/manifests/object/scheduleddowntime.pp_(IaC)_', 'puppet-icinga2/manifests/object/service.pp_(IaC)_', 'puppet-icinga2/manifests/object/servicegroup.pp_(IaC)_', 'puppet-icinga2/manifests/object/timeperiod.pp_(IaC)_', 'puppet-icinga2/manifests/object/user.pp_(IaC)_', 'puppet-icinga2/manifests/object/usergroup.pp_(IaC)_', 'puppet-icinga2/manifests/object/zone.pp_(IaC)_', 'puppet-icinga2/manifests/pki/ca.pp_(IaC)_']]",['1a9648985cb25ea20f754c19db08385461238e9d'],[1.0],[0.06976744186046512],[0.13043478260869565],[1],[1.0]
[3],"[[128, 136, 137, 139, 141, 78, 47, 45, 53, 119]]","[['puppet-icinga2/manifests/feature/command.pp_(IaC)_', 'puppet-icinga2/manifests/feature/api.pp_(IaC)_', 'puppet-icinga2/manifests/feature/mainlog.pp_(IaC)_', 'puppet-icinga2/manifests/feature/influxdb.pp_(IaC)_', 'puppet-icinga2/manifests/feature/syslog.pp_(IaC)_', 'puppet-icinga2/examples/objects_from_hiera.pp_(IaC)_', 'puppet-icinga2/spec/classes/debuglog_spec.rb_(Other)_', 'puppet-icinga2/spec/classes/influxdb2_spec.rb_(Other)_', 'puppet-icinga2/spec/functions/icinga2_ticket_id_spec.rb_(Other)_', 'puppet-icinga2/manifests/object/icingaapplication.pp_(IaC)_']]","[['puppet-icinga2/manifests/config/fragment.pp_(IaC)_', 'puppet-icinga2/manifests/feature/api.pp_(IaC)_', 'puppet-icinga2/manifests/feature/checker.pp_(IaC)_', 'puppet-icinga2/manifests/feature/command.pp_(IaC)_', 'puppet-icinga2/manifests/feature/compatlog.pp_(IaC)_', 'puppet-icinga2/manifests/feature/elasticsearch.pp_(IaC)_', 'puppet-icinga2/manifests/feature/gelf.pp_(IaC)_', 'puppet-icinga2/manifests/feature/graphite.pp_(IaC)_', 'puppet-icinga2/manifests/feature/icingadb.pp_(IaC)_', 'puppet-icinga2/manifests/feature/idomysql.pp_(IaC)_', 'puppet-icinga2/manifests/feature/idopgsql.pp_(IaC)_', 'puppet-icinga2/manifests/feature/influxdb.pp_(IaC)_', 'puppet-icinga2/manifests/feature/influxdb2.pp_(IaC)_', 'puppet-icinga2/manifests/feature/livestatus.pp_(IaC)_', 'puppet-icinga2/manifests/feature/mainlog.pp_(IaC)_', 'puppet-icinga2/manifests/feature/notification.pp_(IaC)_', 'puppet-icinga2/manifests/feature/opentsdb.pp_(IaC)_', 'puppet-icinga2/manifests/feature/perfdata.pp_(IaC)_', 'puppet-icinga2/manifests/feature/statusdata.pp_(IaC)_', 'puppet-icinga2/manifests/feature/syslog.pp_(IaC)_', 'puppet-icinga2/manifests/feature/windowseventlog.pp_(IaC)_', 'puppet-icinga2/manifests/globals.pp_(IaC)_', 'puppet-icinga2/manifests/init.pp_(IaC)_', 'puppet-icinga2/manifests/object.pp_(IaC)_', 'puppet-icinga2/manifests/object/apiuser.pp_(IaC)_', 'puppet-icinga2/manifests/object/checkcommand.pp_(IaC)_', 'puppet-icinga2/manifests/object/checkresultreader.pp_(IaC)_', 'puppet-icinga2/manifests/object/dependency.pp_(IaC)_', 'puppet-icinga2/manifests/object/endpoint.pp_(IaC)_', 'puppet-icinga2/manifests/object/eventcommand.pp_(IaC)_', 'puppet-icinga2/manifests/object/host.pp_(IaC)_', 'puppet-icinga2/manifests/object/hostgroup.pp_(IaC)_', 'puppet-icinga2/manifests/object/icingaapplication.pp_(IaC)_', 'puppet-icinga2/manifests/object/notification.pp_(IaC)_', 'puppet-icinga2/manifests/object/notificationcommand.pp_(IaC)_', 'puppet-icinga2/manifests/object/scheduleddowntime.pp_(IaC)_', 'puppet-icinga2/manifests/object/service.pp_(IaC)_', 'puppet-icinga2/manifests/object/servicegroup.pp_(IaC)_', 'puppet-icinga2/manifests/object/timeperiod.pp_(IaC)_', 'puppet-icinga2/manifests/object/user.pp_(IaC)_', 'puppet-icinga2/manifests/object/usergroup.pp_(IaC)_', 'puppet-icinga2/manifests/object/zone.pp_(IaC)_', 'puppet-icinga2/manifests/pki/ca.pp_(IaC)_']]",['1a9648985cb25ea20f754c19db08385461238e9d'],[1.0],[0.06976744186046512],[0.13043478260869565],[1],[1.0]
[3],"[[129, 130, 132, 137, 139, 111, 48, 145, 17, 83]]","[['puppet-icinga2/manifests/feature/gelf.pp_(IaC)_', 'puppet-icinga2/manifests/feature/livestatus.pp_(IaC)_', 'puppet-icinga2/manifests/feature/notification.pp_(IaC)_', 'puppet-icinga2/manifests/feature/mainlog.pp_(IaC)_', 'puppet-icinga2/manifests/feature/influxdb.pp_(IaC)_', 'puppet-icinga2/manifests/object/service.pp_(IaC)_', 'puppet-icinga2/spec/defines/fragment_spec.rb_(Other)_', 'puppet-icinga2/manifests/feature/icingadb.pp_(IaC)_', 'puppet-icinga2/types/idocleanup.pp_(IaC)_', 'puppet-icinga2/lib/puppet_x/icinga2/pbkdf2.rb_(Other)_']]","[['puppet-icinga2/manifests/config/fragment.pp_(IaC)_', 'puppet-icinga2/manifests/feature/api.pp_(IaC)_', 'puppet-icinga2/manifests/feature/checker.pp_(IaC)_', 'puppet-icinga2/manifests/feature/command.pp_(IaC)_', 'puppet-icinga2/manifests/feature/compatlog.pp_(IaC)_', 'puppet-icinga2/manifests/feature/elasticsearch.pp_(IaC)_', 'puppet-icinga2/manifests/feature/gelf.pp_(IaC)_', 'puppet-icinga2/manifests/feature/graphite.pp_(IaC)_', 'puppet-icinga2/manifests/feature/icingadb.pp_(IaC)_', 'puppet-icinga2/manifests/feature/idomysql.pp_(IaC)_', 'puppet-icinga2/manifests/feature/idopgsql.pp_(IaC)_', 'puppet-icinga2/manifests/feature/influxdb.pp_(IaC)_', 'puppet-icinga2/manifests/feature/influxdb2.pp_(IaC)_', 'puppet-icinga2/manifests/feature/livestatus.pp_(IaC)_', 'puppet-icinga2/manifests/feature/mainlog.pp_(IaC)_', 'puppet-icinga2/manifests/feature/notification.pp_(IaC)_', 'puppet-icinga2/manifests/feature/opentsdb.pp_(IaC)_', 'puppet-icinga2/manifests/feature/perfdata.pp_(IaC)_', 'puppet-icinga2/manifests/feature/statusdata.pp_(IaC)_', 'puppet-icinga2/manifests/feature/syslog.pp_(IaC)_', 'puppet-icinga2/manifests/feature/windowseventlog.pp_(IaC)_', 'puppet-icinga2/manifests/globals.pp_(IaC)_', 'puppet-icinga2/manifests/init.pp_(IaC)_', 'puppet-icinga2/manifests/object.pp_(IaC)_', 'puppet-icinga2/manifests/object/apiuser.pp_(IaC)_', 'puppet-icinga2/manifests/object/checkcommand.pp_(IaC)_', 'puppet-icinga2/manifests/object/checkresultreader.pp_(IaC)_', 'puppet-icinga2/manifests/object/dependency.pp_(IaC)_', 'puppet-icinga2/manifests/object/endpoint.pp_(IaC)_', 'puppet-icinga2/manifests/object/eventcommand.pp_(IaC)_', 'puppet-icinga2/manifests/object/host.pp_(IaC)_', 'puppet-icinga2/manifests/object/hostgroup.pp_(IaC)_', 'puppet-icinga2/manifests/object/icingaapplication.pp_(IaC)_', 'puppet-icinga2/manifests/object/notification.pp_(IaC)_', 'puppet-icinga2/manifests/object/notificationcommand.pp_(IaC)_', 'puppet-icinga2/manifests/object/scheduleddowntime.pp_(IaC)_', 'puppet-icinga2/manifests/object/service.pp_(IaC)_', 'puppet-icinga2/manifests/object/servicegroup.pp_(IaC)_', 'puppet-icinga2/manifests/object/timeperiod.pp_(IaC)_', 'puppet-icinga2/manifests/object/user.pp_(IaC)_', 'puppet-icinga2/manifests/object/usergroup.pp_(IaC)_', 'puppet-icinga2/manifests/object/zone.pp_(IaC)_', 'puppet-icinga2/manifests/pki/ca.pp_(IaC)_']]",['1a9648985cb25ea20f754c19db08385461238e9d'],[1.0],[0.06976744186046512],[0.13043478260869565],[1],[1.0]
[3],"[[130, 102, 134, 105, 137, 144, 113, 116, 86, 125]]","[['puppet-icinga2/manifests/feature/livestatus.pp_(IaC)_', 'puppet-icinga2/manifests/feature.pp_(IaC)_', 'puppet-icinga2/manifests/feature/graphite.pp_(IaC)_', 'puppet-icinga2/manifests/init.pp_(IaC)_', 'puppet-icinga2/manifests/feature/mainlog.pp_(IaC)_', 'puppet-icinga2/manifests/feature/opentsdb.pp_(IaC)_', 'puppet-icinga2/manifests/object/eventcommand.pp_(IaC)_', 'puppet-icinga2/manifests/object/notification.pp_(IaC)_', 'puppet-icinga2/lib/facter/icinga2_puppet.rb_(Other)_', 'puppet-icinga2/manifests/object/checkcommand.pp_(IaC)_']]","[['puppet-icinga2/manifests/config/fragment.pp_(IaC)_', 'puppet-icinga2/manifests/feature/api.pp_(IaC)_', 'puppet-icinga2/manifests/feature/checker.pp_(IaC)_', 'puppet-icinga2/manifests/feature/command.pp_(IaC)_', 'puppet-icinga2/manifests/feature/compatlog.pp_(IaC)_', 'puppet-icinga2/manifests/feature/elasticsearch.pp_(IaC)_', 'puppet-icinga2/manifests/feature/gelf.pp_(IaC)_', 'puppet-icinga2/manifests/feature/graphite.pp_(IaC)_', 'puppet-icinga2/manifests/feature/icingadb.pp_(IaC)_', 'puppet-icinga2/manifests/feature/idomysql.pp_(IaC)_', 'puppet-icinga2/manifests/feature/idopgsql.pp_(IaC)_', 'puppet-icinga2/manifests/feature/influxdb.pp_(IaC)_', 'puppet-icinga2/manifests/feature/influxdb2.pp_(IaC)_', 'puppet-icinga2/manifests/feature/livestatus.pp_(IaC)_', 'puppet-icinga2/manifests/feature/mainlog.pp_(IaC)_', 'puppet-icinga2/manifests/feature/notification.pp_(IaC)_', 'puppet-icinga2/manifests/feature/opentsdb.pp_(IaC)_', 'puppet-icinga2/manifests/feature/perfdata.pp_(IaC)_', 'puppet-icinga2/manifests/feature/statusdata.pp_(IaC)_', 'puppet-icinga2/manifests/feature/syslog.pp_(IaC)_', 'puppet-icinga2/manifests/feature/windowseventlog.pp_(IaC)_', 'puppet-icinga2/manifests/globals.pp_(IaC)_', 'puppet-icinga2/manifests/init.pp_(IaC)_', 'puppet-icinga2/manifests/object.pp_(IaC)_', 'puppet-icinga2/manifests/object/apiuser.pp_(IaC)_', 'puppet-icinga2/manifests/object/checkcommand.pp_(IaC)_', 'puppet-icinga2/manifests/object/checkresultreader.pp_(IaC)_', 'puppet-icinga2/manifests/object/dependency.pp_(IaC)_', 'puppet-icinga2/manifests/object/endpoint.pp_(IaC)_', 'puppet-icinga2/manifests/object/eventcommand.pp_(IaC)_', 'puppet-icinga2/manifests/object/host.pp_(IaC)_', 'puppet-icinga2/manifests/object/hostgroup.pp_(IaC)_', 'puppet-icinga2/manifests/object/icingaapplication.pp_(IaC)_', 'puppet-icinga2/manifests/object/notification.pp_(IaC)_', 'puppet-icinga2/manifests/object/notificationcommand.pp_(IaC)_', 'puppet-icinga2/manifests/object/scheduleddowntime.pp_(IaC)_', 'puppet-icinga2/manifests/object/service.pp_(IaC)_', 'puppet-icinga2/manifests/object/servicegroup.pp_(IaC)_', 'puppet-icinga2/manifests/object/timeperiod.pp_(IaC)_', 'puppet-icinga2/manifests/object/user.pp_(IaC)_', 'puppet-icinga2/manifests/object/usergroup.pp_(IaC)_', 'puppet-icinga2/manifests/object/zone.pp_(IaC)_', 'puppet-icinga2/manifests/pki/ca.pp_(IaC)_']]",['1a9648985cb25ea20f754c19db08385461238e9d'],[0.6666666666666666],[0.046511627906976744],[0.08695652173913045],[1],[1.0]
[3],"[[132, 101, 133, 137, 140, 141, 142, 113, 147, 155, 28]]","[['puppet-icinga2/manifests/feature/notification.pp_(IaC)_', 'puppet-icinga2/manifests/globals.pp_(IaC)_', 'puppet-icinga2/manifests/feature/idopgsql.pp_(IaC)_', 'puppet-icinga2/manifests/feature/mainlog.pp_(IaC)_', 'puppet-icinga2/manifests/feature/statusdata.pp_(IaC)_', 'puppet-icinga2/manifests/feature/syslog.pp_(IaC)_', 'puppet-icinga2/manifests/feature/perfdata.pp_(IaC)_', 'puppet-icinga2/manifests/object/eventcommand.pp_(IaC)_', 'puppet-icinga2/manifests/pki/ca.pp_(IaC)_', 'puppet-icinga2/data/RedHat-family.yaml_(Other)_', 'puppet-icinga2/spec/classes/livestatus_spec.rb_(Other)_']]","[['puppet-icinga2/manifests/config/fragment.pp_(IaC)_', 'puppet-icinga2/manifests/feature/api.pp_(IaC)_', 'puppet-icinga2/manifests/feature/checker.pp_(IaC)_', 'puppet-icinga2/manifests/feature/command.pp_(IaC)_', 'puppet-icinga2/manifests/feature/compatlog.pp_(IaC)_', 'puppet-icinga2/manifests/feature/elasticsearch.pp_(IaC)_', 'puppet-icinga2/manifests/feature/gelf.pp_(IaC)_', 'puppet-icinga2/manifests/feature/graphite.pp_(IaC)_', 'puppet-icinga2/manifests/feature/icingadb.pp_(IaC)_', 'puppet-icinga2/manifests/feature/idomysql.pp_(IaC)_', 'puppet-icinga2/manifests/feature/idopgsql.pp_(IaC)_', 'puppet-icinga2/manifests/feature/influxdb.pp_(IaC)_', 'puppet-icinga2/manifests/feature/influxdb2.pp_(IaC)_', 'puppet-icinga2/manifests/feature/livestatus.pp_(IaC)_', 'puppet-icinga2/manifests/feature/mainlog.pp_(IaC)_', 'puppet-icinga2/manifests/feature/notification.pp_(IaC)_', 'puppet-icinga2/manifests/feature/opentsdb.pp_(IaC)_', 'puppet-icinga2/manifests/feature/perfdata.pp_(IaC)_', 'puppet-icinga2/manifests/feature/statusdata.pp_(IaC)_', 'puppet-icinga2/manifests/feature/syslog.pp_(IaC)_', 'puppet-icinga2/manifests/feature/windowseventlog.pp_(IaC)_', 'puppet-icinga2/manifests/globals.pp_(IaC)_', 'puppet-icinga2/manifests/init.pp_(IaC)_', 'puppet-icinga2/manifests/object.pp_(IaC)_', 'puppet-icinga2/manifests/object/apiuser.pp_(IaC)_', 'puppet-icinga2/manifests/object/checkcommand.pp_(IaC)_', 'puppet-icinga2/manifests/object/checkresultreader.pp_(IaC)_', 'puppet-icinga2/manifests/object/dependency.pp_(IaC)_', 'puppet-icinga2/manifests/object/endpoint.pp_(IaC)_', 'puppet-icinga2/manifests/object/eventcommand.pp_(IaC)_', 'puppet-icinga2/manifests/object/host.pp_(IaC)_', 'puppet-icinga2/manifests/object/hostgroup.pp_(IaC)_', 'puppet-icinga2/manifests/object/icingaapplication.pp_(IaC)_', 'puppet-icinga2/manifests/object/notification.pp_(IaC)_', 'puppet-icinga2/manifests/object/notificationcommand.pp_(IaC)_', 'puppet-icinga2/manifests/object/scheduleddowntime.pp_(IaC)_', 'puppet-icinga2/manifests/object/service.pp_(IaC)_', 'puppet-icinga2/manifests/object/servicegroup.pp_(IaC)_', 'puppet-icinga2/manifests/object/timeperiod.pp_(IaC)_', 'puppet-icinga2/manifests/object/user.pp_(IaC)_', 'puppet-icinga2/manifests/object/usergroup.pp_(IaC)_', 'puppet-icinga2/manifests/object/zone.pp_(IaC)_', 'puppet-icinga2/manifests/pki/ca.pp_(IaC)_']]",['1a9648985cb25ea20f754c19db08385461238e9d'],[1.0],[0.06976744186046512],[0.13043478260869565],[1],[1.0]
[3],"[[128, 129, 135, 136, 141, 47, 17, 115, 91, 159]]","[['puppet-icinga2/manifests/feature/command.pp_(IaC)_', 'puppet-icinga2/manifests/feature/gelf.pp_(IaC)_', 'puppet-icinga2/manifests/feature/compatlog.pp_(IaC)_', 'puppet-icinga2/manifests/feature/api.pp_(IaC)_', 'puppet-icinga2/manifests/feature/syslog.pp_(IaC)_', 'puppet-icinga2/spec/classes/debuglog_spec.rb_(Other)_', 'puppet-icinga2/types/idocleanup.pp_(IaC)_', 'puppet-icinga2/manifests/object/host.pp_(IaC)_', 'puppet-icinga2/functions/newline.pp_(IaC)_', 'puppet-icinga2/data/Gentoo-amd64-family.yaml_(Other)_']]","[['puppet-icinga2/manifests/config/fragment.pp_(IaC)_', 'puppet-icinga2/manifests/feature/api.pp_(IaC)_', 'puppet-icinga2/manifests/feature/checker.pp_(IaC)_', 'puppet-icinga2/manifests/feature/command.pp_(IaC)_', 'puppet-icinga2/manifests/feature/compatlog.pp_(IaC)_', 'puppet-icinga2/manifests/feature/elasticsearch.pp_(IaC)_', 'puppet-icinga2/manifests/feature/gelf.pp_(IaC)_', 'puppet-icinga2/manifests/feature/graphite.pp_(IaC)_', 'puppet-icinga2/manifests/feature/icingadb.pp_(IaC)_', 'puppet-icinga2/manifests/feature/idomysql.pp_(IaC)_', 'puppet-icinga2/manifests/feature/idopgsql.pp_(IaC)_', 'puppet-icinga2/manifests/feature/influxdb.pp_(IaC)_', 'puppet-icinga2/manifests/feature/influxdb2.pp_(IaC)_', 'puppet-icinga2/manifests/feature/livestatus.pp_(IaC)_', 'puppet-icinga2/manifests/feature/mainlog.pp_(IaC)_', 'puppet-icinga2/manifests/feature/notification.pp_(IaC)_', 'puppet-icinga2/manifests/feature/opentsdb.pp_(IaC)_', 'puppet-icinga2/manifests/feature/perfdata.pp_(IaC)_', 'puppet-icinga2/manifests/feature/statusdata.pp_(IaC)_', 'puppet-icinga2/manifests/feature/syslog.pp_(IaC)_', 'puppet-icinga2/manifests/feature/windowseventlog.pp_(IaC)_', 'puppet-icinga2/manifests/globals.pp_(IaC)_', 'puppet-icinga2/manifests/init.pp_(IaC)_', 'puppet-icinga2/manifests/object.pp_(IaC)_', 'puppet-icinga2/manifests/object/apiuser.pp_(IaC)_', 'puppet-icinga2/manifests/object/checkcommand.pp_(IaC)_', 'puppet-icinga2/manifests/object/checkresultreader.pp_(IaC)_', 'puppet-icinga2/manifests/object/dependency.pp_(IaC)_', 'puppet-icinga2/manifests/object/endpoint.pp_(IaC)_', 'puppet-icinga2/manifests/object/eventcommand.pp_(IaC)_', 'puppet-icinga2/manifests/object/host.pp_(IaC)_', 'puppet-icinga2/manifests/object/hostgroup.pp_(IaC)_', 'puppet-icinga2/manifests/object/icingaapplication.pp_(IaC)_', 'puppet-icinga2/manifests/object/notification.pp_(IaC)_', 'puppet-icinga2/manifests/object/notificationcommand.pp_(IaC)_', 'puppet-icinga2/manifests/object/scheduleddowntime.pp_(IaC)_', 'puppet-icinga2/manifests/object/service.pp_(IaC)_', 'puppet-icinga2/manifests/object/servicegroup.pp_(IaC)_', 'puppet-icinga2/manifests/object/timeperiod.pp_(IaC)_', 'puppet-icinga2/manifests/object/user.pp_(IaC)_', 'puppet-icinga2/manifests/object/usergroup.pp_(IaC)_', 'puppet-icinga2/manifests/object/zone.pp_(IaC)_', 'puppet-icinga2/manifests/pki/ca.pp_(IaC)_']]",['1a9648985cb25ea20f754c19db08385461238e9d'],[1.0],[0.06976744186046512],[0.13043478260869565],[1],[1.0]
[3],"[[128, 133, 139, 141, 110, 109, 144, 113, 153, 26, 31]]","[['puppet-icinga2/manifests/feature/command.pp_(IaC)_', 'puppet-icinga2/manifests/feature/idopgsql.pp_(IaC)_', 'puppet-icinga2/manifests/feature/influxdb.pp_(IaC)_', 'puppet-icinga2/manifests/feature/syslog.pp_(IaC)_', 'puppet-icinga2/manifests/object/user.pp_(IaC)_', 'puppet-icinga2/manifests/object/timeperiod.pp_(IaC)_', 'puppet-icinga2/manifests/feature/opentsdb.pp_(IaC)_', 'puppet-icinga2/manifests/object/eventcommand.pp_(IaC)_', 'puppet-icinga2/data/FreeBSD-kernel.yaml_(Other)_', 'puppet-icinga2/spec/classes/gelf_spec.rb_(Other)_', 'puppet-icinga2/spec/classes/mainlog_spec.rb_(Other)_']]","[['puppet-icinga2/manifests/config/fragment.pp_(IaC)_', 'puppet-icinga2/manifests/feature/api.pp_(IaC)_', 'puppet-icinga2/manifests/feature/checker.pp_(IaC)_', 'puppet-icinga2/manifests/feature/command.pp_(IaC)_', 'puppet-icinga2/manifests/feature/compatlog.pp_(IaC)_', 'puppet-icinga2/manifests/feature/elasticsearch.pp_(IaC)_', 'puppet-icinga2/manifests/feature/gelf.pp_(IaC)_', 'puppet-icinga2/manifests/feature/graphite.pp_(IaC)_', 'puppet-icinga2/manifests/feature/icingadb.pp_(IaC)_', 'puppet-icinga2/manifests/feature/idomysql.pp_(IaC)_', 'puppet-icinga2/manifests/feature/idopgsql.pp_(IaC)_', 'puppet-icinga2/manifests/feature/influxdb.pp_(IaC)_', 'puppet-icinga2/manifests/feature/influxdb2.pp_(IaC)_', 'puppet-icinga2/manifests/feature/livestatus.pp_(IaC)_', 'puppet-icinga2/manifests/feature/mainlog.pp_(IaC)_', 'puppet-icinga2/manifests/feature/notification.pp_(IaC)_', 'puppet-icinga2/manifests/feature/opentsdb.pp_(IaC)_', 'puppet-icinga2/manifests/feature/perfdata.pp_(IaC)_', 'puppet-icinga2/manifests/feature/statusdata.pp_(IaC)_', 'puppet-icinga2/manifests/feature/syslog.pp_(IaC)_', 'puppet-icinga2/manifests/feature/windowseventlog.pp_(IaC)_', 'puppet-icinga2/manifests/globals.pp_(IaC)_', 'puppet-icinga2/manifests/init.pp_(IaC)_', 'puppet-icinga2/manifests/object.pp_(IaC)_', 'puppet-icinga2/manifests/object/apiuser.pp_(IaC)_', 'puppet-icinga2/manifests/object/checkcommand.pp_(IaC)_', 'puppet-icinga2/manifests/object/checkresultreader.pp_(IaC)_', 'puppet-icinga2/manifests/object/dependency.pp_(IaC)_', 'puppet-icinga2/manifests/object/endpoint.pp_(IaC)_', 'puppet-icinga2/manifests/object/eventcommand.pp_(IaC)_', 'puppet-icinga2/manifests/object/host.pp_(IaC)_', 'puppet-icinga2/manifests/object/hostgroup.pp_(IaC)_', 'puppet-icinga2/manifests/object/icingaapplication.pp_(IaC)_', 'puppet-icinga2/manifests/object/notification.pp_(IaC)_', 'puppet-icinga2/manifests/object/notificationcommand.pp_(IaC)_', 'puppet-icinga2/manifests/object/scheduleddowntime.pp_(IaC)_', 'puppet-icinga2/manifests/object/service.pp_(IaC)_', 'puppet-icinga2/manifests/object/servicegroup.pp_(IaC)_', 'puppet-icinga2/manifests/object/timeperiod.pp_(IaC)_', 'puppet-icinga2/manifests/object/user.pp_(IaC)_', 'puppet-icinga2/manifests/object/usergroup.pp_(IaC)_', 'puppet-icinga2/manifests/object/zone.pp_(IaC)_', 'puppet-icinga2/manifests/pki/ca.pp_(IaC)_']]",['1a9648985cb25ea20f754c19db08385461238e9d'],[1.0],[0.06976744186046512],[0.13043478260869565],[1],[1.0]
[3],"[[128, 130, 132, 137, 141, 110, 13, 145, 114, 26]]","[['puppet-icinga2/manifests/feature/command.pp_(IaC)_', 'puppet-icinga2/manifests/feature/livestatus.pp_(IaC)_', 'puppet-icinga2/manifests/feature/notification.pp_(IaC)_', 'puppet-icinga2/manifests/feature/mainlog.pp_(IaC)_', 'puppet-icinga2/manifests/feature/syslog.pp_(IaC)_', 'puppet-icinga2/manifests/object/user.pp_(IaC)_', 'puppet-icinga2/types/interval.pp_(IaC)_', 'puppet-icinga2/manifests/feature/icingadb.pp_(IaC)_', 'puppet-icinga2/manifests/object/scheduleddowntime.pp_(IaC)_', 'puppet-icinga2/spec/classes/gelf_spec.rb_(Other)_']]","[['puppet-icinga2/manifests/config/fragment.pp_(IaC)_', 'puppet-icinga2/manifests/feature/api.pp_(IaC)_', 'puppet-icinga2/manifests/feature/checker.pp_(IaC)_', 'puppet-icinga2/manifests/feature/command.pp_(IaC)_', 'puppet-icinga2/manifests/feature/compatlog.pp_(IaC)_', 'puppet-icinga2/manifests/feature/elasticsearch.pp_(IaC)_', 'puppet-icinga2/manifests/feature/gelf.pp_(IaC)_', 'puppet-icinga2/manifests/feature/graphite.pp_(IaC)_', 'puppet-icinga2/manifests/feature/icingadb.pp_(IaC)_', 'puppet-icinga2/manifests/feature/idomysql.pp_(IaC)_', 'puppet-icinga2/manifests/feature/idopgsql.pp_(IaC)_', 'puppet-icinga2/manifests/feature/influxdb.pp_(IaC)_', 'puppet-icinga2/manifests/feature/influxdb2.pp_(IaC)_', 'puppet-icinga2/manifests/feature/livestatus.pp_(IaC)_', 'puppet-icinga2/manifests/feature/mainlog.pp_(IaC)_', 'puppet-icinga2/manifests/feature/notification.pp_(IaC)_', 'puppet-icinga2/manifests/feature/opentsdb.pp_(IaC)_', 'puppet-icinga2/manifests/feature/perfdata.pp_(IaC)_', 'puppet-icinga2/manifests/feature/statusdata.pp_(IaC)_', 'puppet-icinga2/manifests/feature/syslog.pp_(IaC)_', 'puppet-icinga2/manifests/feature/windowseventlog.pp_(IaC)_', 'puppet-icinga2/manifests/globals.pp_(IaC)_', 'puppet-icinga2/manifests/init.pp_(IaC)_', 'puppet-icinga2/manifests/object.pp_(IaC)_', 'puppet-icinga2/manifests/object/apiuser.pp_(IaC)_', 'puppet-icinga2/manifests/object/checkcommand.pp_(IaC)_', 'puppet-icinga2/manifests/object/checkresultreader.pp_(IaC)_', 'puppet-icinga2/manifests/object/dependency.pp_(IaC)_', 'puppet-icinga2/manifests/object/endpoint.pp_(IaC)_', 'puppet-icinga2/manifests/object/eventcommand.pp_(IaC)_', 'puppet-icinga2/manifests/object/host.pp_(IaC)_', 'puppet-icinga2/manifests/object/hostgroup.pp_(IaC)_', 'puppet-icinga2/manifests/object/icingaapplication.pp_(IaC)_', 'puppet-icinga2/manifests/object/notification.pp_(IaC)_', 'puppet-icinga2/manifests/object/notificationcommand.pp_(IaC)_', 'puppet-icinga2/manifests/object/scheduleddowntime.pp_(IaC)_', 'puppet-icinga2/manifests/object/service.pp_(IaC)_', 'puppet-icinga2/manifests/object/servicegroup.pp_(IaC)_', 'puppet-icinga2/manifests/object/timeperiod.pp_(IaC)_', 'puppet-icinga2/manifests/object/user.pp_(IaC)_', 'puppet-icinga2/manifests/object/usergroup.pp_(IaC)_', 'puppet-icinga2/manifests/object/zone.pp_(IaC)_', 'puppet-icinga2/manifests/pki/ca.pp_(IaC)_']]",['1a9648985cb25ea20f754c19db08385461238e9d'],[1.0],[0.06976744186046512],[0.13043478260869565],[1],[1.0]
[3],"[[128, 135, 136, 137, 141, 78, 142, 151, 27, 126, 127]]","[['puppet-icinga2/manifests/feature/command.pp_(IaC)_', 'puppet-icinga2/manifests/feature/compatlog.pp_(IaC)_', 'puppet-icinga2/manifests/feature/api.pp_(IaC)_', 'puppet-icinga2/manifests/feature/mainlog.pp_(IaC)_', 'puppet-icinga2/manifests/feature/syslog.pp_(IaC)_', 'puppet-icinga2/examples/objects_from_hiera.pp_(IaC)_', 'puppet-icinga2/manifests/feature/perfdata.pp_(IaC)_', 'puppet-icinga2/data/RedHat-family-6.yaml_(Other)_', 'puppet-icinga2/spec/classes/idopgsql_spec.rb_(Other)_', 'puppet-icinga2/manifests/feature/influxdb2.pp_(IaC)_', 'puppet-icinga2/manifests/feature/elasticsearch.pp_(IaC)_']]","[['puppet-icinga2/manifests/config/fragment.pp_(IaC)_', 'puppet-icinga2/manifests/feature/api.pp_(IaC)_', 'puppet-icinga2/manifests/feature/checker.pp_(IaC)_', 'puppet-icinga2/manifests/feature/command.pp_(IaC)_', 'puppet-icinga2/manifests/feature/compatlog.pp_(IaC)_', 'puppet-icinga2/manifests/feature/elasticsearch.pp_(IaC)_', 'puppet-icinga2/manifests/feature/gelf.pp_(IaC)_', 'puppet-icinga2/manifests/feature/graphite.pp_(IaC)_', 'puppet-icinga2/manifests/feature/icingadb.pp_(IaC)_', 'puppet-icinga2/manifests/feature/idomysql.pp_(IaC)_', 'puppet-icinga2/manifests/feature/idopgsql.pp_(IaC)_', 'puppet-icinga2/manifests/feature/influxdb.pp_(IaC)_', 'puppet-icinga2/manifests/feature/influxdb2.pp_(IaC)_', 'puppet-icinga2/manifests/feature/livestatus.pp_(IaC)_', 'puppet-icinga2/manifests/feature/mainlog.pp_(IaC)_', 'puppet-icinga2/manifests/feature/notification.pp_(IaC)_', 'puppet-icinga2/manifests/feature/opentsdb.pp_(IaC)_', 'puppet-icinga2/manifests/feature/perfdata.pp_(IaC)_', 'puppet-icinga2/manifests/feature/statusdata.pp_(IaC)_', 'puppet-icinga2/manifests/feature/syslog.pp_(IaC)_', 'puppet-icinga2/manifests/feature/windowseventlog.pp_(IaC)_', 'puppet-icinga2/manifests/globals.pp_(IaC)_', 'puppet-icinga2/manifests/init.pp_(IaC)_', 'puppet-icinga2/manifests/object.pp_(IaC)_', 'puppet-icinga2/manifests/object/apiuser.pp_(IaC)_', 'puppet-icinga2/manifests/object/checkcommand.pp_(IaC)_', 'puppet-icinga2/manifests/object/checkresultreader.pp_(IaC)_', 'puppet-icinga2/manifests/object/dependency.pp_(IaC)_', 'puppet-icinga2/manifests/object/endpoint.pp_(IaC)_', 'puppet-icinga2/manifests/object/eventcommand.pp_(IaC)_', 'puppet-icinga2/manifests/object/host.pp_(IaC)_', 'puppet-icinga2/manifests/object/hostgroup.pp_(IaC)_', 'puppet-icinga2/manifests/object/icingaapplication.pp_(IaC)_', 'puppet-icinga2/manifests/object/notification.pp_(IaC)_', 'puppet-icinga2/manifests/object/notificationcommand.pp_(IaC)_', 'puppet-icinga2/manifests/object/scheduleddowntime.pp_(IaC)_', 'puppet-icinga2/manifests/object/service.pp_(IaC)_', 'puppet-icinga2/manifests/object/servicegroup.pp_(IaC)_', 'puppet-icinga2/manifests/object/timeperiod.pp_(IaC)_', 'puppet-icinga2/manifests/object/user.pp_(IaC)_', 'puppet-icinga2/manifests/object/usergroup.pp_(IaC)_', 'puppet-icinga2/manifests/object/zone.pp_(IaC)_', 'puppet-icinga2/manifests/pki/ca.pp_(IaC)_']]",['1a9648985cb25ea20f754c19db08385461238e9d'],[1.0],[0.06976744186046512],[0.13043478260869565],[1],[1.0]
[3],"[[133, 134, 135, 136, 105, 139, 120, 121, 123, 93]]","[['puppet-icinga2/manifests/feature/idopgsql.pp_(IaC)_', 'puppet-icinga2/manifests/feature/graphite.pp_(IaC)_', 'puppet-icinga2/manifests/feature/compatlog.pp_(IaC)_', 'puppet-icinga2/manifests/feature/api.pp_(IaC)_', 'puppet-icinga2/manifests/init.pp_(IaC)_', 'puppet-icinga2/manifests/feature/influxdb.pp_(IaC)_', 'puppet-icinga2/manifests/object/checkresultreader.pp_(IaC)_', 'puppet-icinga2/manifests/object/endpoint.pp_(IaC)_', 'puppet-icinga2/manifests/object/zone.pp_(IaC)_', 'puppet-icinga2/functions/db/connect.pp_(IaC)_']]","[['puppet-icinga2/manifests/config/fragment.pp_(IaC)_', 'puppet-icinga2/manifests/feature/api.pp_(IaC)_', 'puppet-icinga2/manifests/feature/checker.pp_(IaC)_', 'puppet-icinga2/manifests/feature/command.pp_(IaC)_', 'puppet-icinga2/manifests/feature/compatlog.pp_(IaC)_', 'puppet-icinga2/manifests/feature/elasticsearch.pp_(IaC)_', 'puppet-icinga2/manifests/feature/gelf.pp_(IaC)_', 'puppet-icinga2/manifests/feature/graphite.pp_(IaC)_', 'puppet-icinga2/manifests/feature/icingadb.pp_(IaC)_', 'puppet-icinga2/manifests/feature/idomysql.pp_(IaC)_', 'puppet-icinga2/manifests/feature/idopgsql.pp_(IaC)_', 'puppet-icinga2/manifests/feature/influxdb.pp_(IaC)_', 'puppet-icinga2/manifests/feature/influxdb2.pp_(IaC)_', 'puppet-icinga2/manifests/feature/livestatus.pp_(IaC)_', 'puppet-icinga2/manifests/feature/mainlog.pp_(IaC)_', 'puppet-icinga2/manifests/feature/notification.pp_(IaC)_', 'puppet-icinga2/manifests/feature/opentsdb.pp_(IaC)_', 'puppet-icinga2/manifests/feature/perfdata.pp_(IaC)_', 'puppet-icinga2/manifests/feature/statusdata.pp_(IaC)_', 'puppet-icinga2/manifests/feature/syslog.pp_(IaC)_', 'puppet-icinga2/manifests/feature/windowseventlog.pp_(IaC)_', 'puppet-icinga2/manifests/globals.pp_(IaC)_', 'puppet-icinga2/manifests/init.pp_(IaC)_', 'puppet-icinga2/manifests/object.pp_(IaC)_', 'puppet-icinga2/manifests/object/apiuser.pp_(IaC)_', 'puppet-icinga2/manifests/object/checkcommand.pp_(IaC)_', 'puppet-icinga2/manifests/object/checkresultreader.pp_(IaC)_', 'puppet-icinga2/manifests/object/dependency.pp_(IaC)_', 'puppet-icinga2/manifests/object/endpoint.pp_(IaC)_', 'puppet-icinga2/manifests/object/eventcommand.pp_(IaC)_', 'puppet-icinga2/manifests/object/host.pp_(IaC)_', 'puppet-icinga2/manifests/object/hostgroup.pp_(IaC)_', 'puppet-icinga2/manifests/object/icingaapplication.pp_(IaC)_', 'puppet-icinga2/manifests/object/notification.pp_(IaC)_', 'puppet-icinga2/manifests/object/notificationcommand.pp_(IaC)_', 'puppet-icinga2/manifests/object/scheduleddowntime.pp_(IaC)_', 'puppet-icinga2/manifests/object/service.pp_(IaC)_', 'puppet-icinga2/manifests/object/servicegroup.pp_(IaC)_', 'puppet-icinga2/manifests/object/timeperiod.pp_(IaC)_', 'puppet-icinga2/manifests/object/user.pp_(IaC)_', 'puppet-icinga2/manifests/object/usergroup.pp_(IaC)_', 'puppet-icinga2/manifests/object/zone.pp_(IaC)_', 'puppet-icinga2/manifests/pki/ca.pp_(IaC)_']]",['1a9648985cb25ea20f754c19db08385461238e9d'],[1.0],[0.06976744186046512],[0.13043478260869565],[1],[1.0]
[3],"[[128, 130, 132, 133, 134, 76, 45, 115, 116, 59]]","[['puppet-icinga2/manifests/feature/command.pp_(IaC)_', 'puppet-icinga2/manifests/feature/livestatus.pp_(IaC)_', 'puppet-icinga2/manifests/feature/notification.pp_(IaC)_', 'puppet-icinga2/manifests/feature/idopgsql.pp_(IaC)_', 'puppet-icinga2/manifests/feature/graphite.pp_(IaC)_', 'puppet-icinga2/examples/init_worker_validate.pp_(IaC)_', 'puppet-icinga2/spec/classes/influxdb2_spec.rb_(Other)_', 'puppet-icinga2/manifests/object/host.pp_(IaC)_', 'puppet-icinga2/manifests/object/notification.pp_(IaC)_', 'puppet-icinga2/examples/apply_service.pp_(IaC)_']]","[['puppet-icinga2/manifests/config/fragment.pp_(IaC)_', 'puppet-icinga2/manifests/feature/api.pp_(IaC)_', 'puppet-icinga2/manifests/feature/checker.pp_(IaC)_', 'puppet-icinga2/manifests/feature/command.pp_(IaC)_', 'puppet-icinga2/manifests/feature/compatlog.pp_(IaC)_', 'puppet-icinga2/manifests/feature/elasticsearch.pp_(IaC)_', 'puppet-icinga2/manifests/feature/gelf.pp_(IaC)_', 'puppet-icinga2/manifests/feature/graphite.pp_(IaC)_', 'puppet-icinga2/manifests/feature/icingadb.pp_(IaC)_', 'puppet-icinga2/manifests/feature/idomysql.pp_(IaC)_', 'puppet-icinga2/manifests/feature/idopgsql.pp_(IaC)_', 'puppet-icinga2/manifests/feature/influxdb.pp_(IaC)_', 'puppet-icinga2/manifests/feature/influxdb2.pp_(IaC)_', 'puppet-icinga2/manifests/feature/livestatus.pp_(IaC)_', 'puppet-icinga2/manifests/feature/mainlog.pp_(IaC)_', 'puppet-icinga2/manifests/feature/notification.pp_(IaC)_', 'puppet-icinga2/manifests/feature/opentsdb.pp_(IaC)_', 'puppet-icinga2/manifests/feature/perfdata.pp_(IaC)_', 'puppet-icinga2/manifests/feature/statusdata.pp_(IaC)_', 'puppet-icinga2/manifests/feature/syslog.pp_(IaC)_', 'puppet-icinga2/manifests/feature/windowseventlog.pp_(IaC)_', 'puppet-icinga2/manifests/globals.pp_(IaC)_', 'puppet-icinga2/manifests/init.pp_(IaC)_', 'puppet-icinga2/manifests/object.pp_(IaC)_', 'puppet-icinga2/manifests/object/apiuser.pp_(IaC)_', 'puppet-icinga2/manifests/object/checkcommand.pp_(IaC)_', 'puppet-icinga2/manifests/object/checkresultreader.pp_(IaC)_', 'puppet-icinga2/manifests/object/dependency.pp_(IaC)_', 'puppet-icinga2/manifests/object/endpoint.pp_(IaC)_', 'puppet-icinga2/manifests/object/eventcommand.pp_(IaC)_', 'puppet-icinga2/manifests/object/host.pp_(IaC)_', 'puppet-icinga2/manifests/object/hostgroup.pp_(IaC)_', 'puppet-icinga2/manifests/object/icingaapplication.pp_(IaC)_', 'puppet-icinga2/manifests/object/notification.pp_(IaC)_', 'puppet-icinga2/manifests/object/notificationcommand.pp_(IaC)_', 'puppet-icinga2/manifests/object/scheduleddowntime.pp_(IaC)_', 'puppet-icinga2/manifests/object/service.pp_(IaC)_', 'puppet-icinga2/manifests/object/servicegroup.pp_(IaC)_', 'puppet-icinga2/manifests/object/timeperiod.pp_(IaC)_', 'puppet-icinga2/manifests/object/user.pp_(IaC)_', 'puppet-icinga2/manifests/object/usergroup.pp_(IaC)_', 'puppet-icinga2/manifests/object/zone.pp_(IaC)_', 'puppet-icinga2/manifests/pki/ca.pp_(IaC)_']]",['1a9648985cb25ea20f754c19db08385461238e9d'],[1.0],[0.06976744186046512],[0.13043478260869565],[1],[1.0]
[3],"[[132, 133, 135, 137, 105, 109, 115, 90, 155, 125]]","[['puppet-icinga2/manifests/feature/notification.pp_(IaC)_', 'puppet-icinga2/manifests/feature/idopgsql.pp_(IaC)_', 'puppet-icinga2/manifests/feature/compatlog.pp_(IaC)_', 'puppet-icinga2/manifests/feature/mainlog.pp_(IaC)_', 'puppet-icinga2/manifests/init.pp_(IaC)_', 'puppet-icinga2/manifests/object/timeperiod.pp_(IaC)_', 'puppet-icinga2/manifests/object/host.pp_(IaC)_', 'puppet-icinga2/functions/cert.pp_(IaC)_', 'puppet-icinga2/data/RedHat-family.yaml_(Other)_', 'puppet-icinga2/manifests/object/checkcommand.pp_(IaC)_']]","[['puppet-icinga2/manifests/config/fragment.pp_(IaC)_', 'puppet-icinga2/manifests/feature/api.pp_(IaC)_', 'puppet-icinga2/manifests/feature/checker.pp_(IaC)_', 'puppet-icinga2/manifests/feature/command.pp_(IaC)_', 'puppet-icinga2/manifests/feature/compatlog.pp_(IaC)_', 'puppet-icinga2/manifests/feature/elasticsearch.pp_(IaC)_', 'puppet-icinga2/manifests/feature/gelf.pp_(IaC)_', 'puppet-icinga2/manifests/feature/graphite.pp_(IaC)_', 'puppet-icinga2/manifests/feature/icingadb.pp_(IaC)_', 'puppet-icinga2/manifests/feature/idomysql.pp_(IaC)_', 'puppet-icinga2/manifests/feature/idopgsql.pp_(IaC)_', 'puppet-icinga2/manifests/feature/influxdb.pp_(IaC)_', 'puppet-icinga2/manifests/feature/influxdb2.pp_(IaC)_', 'puppet-icinga2/manifests/feature/livestatus.pp_(IaC)_', 'puppet-icinga2/manifests/feature/mainlog.pp_(IaC)_', 'puppet-icinga2/manifests/feature/notification.pp_(IaC)_', 'puppet-icinga2/manifests/feature/opentsdb.pp_(IaC)_', 'puppet-icinga2/manifests/feature/perfdata.pp_(IaC)_', 'puppet-icinga2/manifests/feature/statusdata.pp_(IaC)_', 'puppet-icinga2/manifests/feature/syslog.pp_(IaC)_', 'puppet-icinga2/manifests/feature/windowseventlog.pp_(IaC)_', 'puppet-icinga2/manifests/globals.pp_(IaC)_', 'puppet-icinga2/manifests/init.pp_(IaC)_', 'puppet-icinga2/manifests/object.pp_(IaC)_', 'puppet-icinga2/manifests/object/apiuser.pp_(IaC)_', 'puppet-icinga2/manifests/object/checkcommand.pp_(IaC)_', 'puppet-icinga2/manifests/object/checkresultreader.pp_(IaC)_', 'puppet-icinga2/manifests/object/dependency.pp_(IaC)_', 'puppet-icinga2/manifests/object/endpoint.pp_(IaC)_', 'puppet-icinga2/manifests/object/eventcommand.pp_(IaC)_', 'puppet-icinga2/manifests/object/host.pp_(IaC)_', 'puppet-icinga2/manifests/object/hostgroup.pp_(IaC)_', 'puppet-icinga2/manifests/object/icingaapplication.pp_(IaC)_', 'puppet-icinga2/manifests/object/notification.pp_(IaC)_', 'puppet-icinga2/manifests/object/notificationcommand.pp_(IaC)_', 'puppet-icinga2/manifests/object/scheduleddowntime.pp_(IaC)_', 'puppet-icinga2/manifests/object/service.pp_(IaC)_', 'puppet-icinga2/manifests/object/servicegroup.pp_(IaC)_', 'puppet-icinga2/manifests/object/timeperiod.pp_(IaC)_', 'puppet-icinga2/manifests/object/user.pp_(IaC)_', 'puppet-icinga2/manifests/object/usergroup.pp_(IaC)_', 'puppet-icinga2/manifests/object/zone.pp_(IaC)_', 'puppet-icinga2/manifests/pki/ca.pp_(IaC)_']]",['1a9648985cb25ea20f754c19db08385461238e9d'],[1.0],[0.06976744186046512],[0.13043478260869565],[1],[1.0]
[3],"[[131, 134, 136, 137, 139, 141, 142, 16, 114, 119]]","[['puppet-icinga2/manifests/feature/windowseventlog.pp_(IaC)_', 'puppet-icinga2/manifests/feature/graphite.pp_(IaC)_', 'puppet-icinga2/manifests/feature/api.pp_(IaC)_', 'puppet-icinga2/manifests/feature/mainlog.pp_(IaC)_', 'puppet-icinga2/manifests/feature/influxdb.pp_(IaC)_', 'puppet-icinga2/manifests/feature/syslog.pp_(IaC)_', 'puppet-icinga2/manifests/feature/perfdata.pp_(IaC)_', 'puppet-icinga2/types/logseverity.pp_(IaC)_', 'puppet-icinga2/manifests/object/scheduleddowntime.pp_(IaC)_', 'puppet-icinga2/manifests/object/icingaapplication.pp_(IaC)_']]","[['puppet-icinga2/manifests/config/fragment.pp_(IaC)_', 'puppet-icinga2/manifests/feature/api.pp_(IaC)_', 'puppet-icinga2/manifests/feature/checker.pp_(IaC)_', 'puppet-icinga2/manifests/feature/command.pp_(IaC)_', 'puppet-icinga2/manifests/feature/compatlog.pp_(IaC)_', 'puppet-icinga2/manifests/feature/elasticsearch.pp_(IaC)_', 'puppet-icinga2/manifests/feature/gelf.pp_(IaC)_', 'puppet-icinga2/manifests/feature/graphite.pp_(IaC)_', 'puppet-icinga2/manifests/feature/icingadb.pp_(IaC)_', 'puppet-icinga2/manifests/feature/idomysql.pp_(IaC)_', 'puppet-icinga2/manifests/feature/idopgsql.pp_(IaC)_', 'puppet-icinga2/manifests/feature/influxdb.pp_(IaC)_', 'puppet-icinga2/manifests/feature/influxdb2.pp_(IaC)_', 'puppet-icinga2/manifests/feature/livestatus.pp_(IaC)_', 'puppet-icinga2/manifests/feature/mainlog.pp_(IaC)_', 'puppet-icinga2/manifests/feature/notification.pp_(IaC)_', 'puppet-icinga2/manifests/feature/opentsdb.pp_(IaC)_', 'puppet-icinga2/manifests/feature/perfdata.pp_(IaC)_', 'puppet-icinga2/manifests/feature/statusdata.pp_(IaC)_', 'puppet-icinga2/manifests/feature/syslog.pp_(IaC)_', 'puppet-icinga2/manifests/feature/windowseventlog.pp_(IaC)_', 'puppet-icinga2/manifests/globals.pp_(IaC)_', 'puppet-icinga2/manifests/init.pp_(IaC)_', 'puppet-icinga2/manifests/object.pp_(IaC)_', 'puppet-icinga2/manifests/object/apiuser.pp_(IaC)_', 'puppet-icinga2/manifests/object/checkcommand.pp_(IaC)_', 'puppet-icinga2/manifests/object/checkresultreader.pp_(IaC)_', 'puppet-icinga2/manifests/object/dependency.pp_(IaC)_', 'puppet-icinga2/manifests/object/endpoint.pp_(IaC)_', 'puppet-icinga2/manifests/object/eventcommand.pp_(IaC)_', 'puppet-icinga2/manifests/object/host.pp_(IaC)_', 'puppet-icinga2/manifests/object/hostgroup.pp_(IaC)_', 'puppet-icinga2/manifests/object/icingaapplication.pp_(IaC)_', 'puppet-icinga2/manifests/object/notification.pp_(IaC)_', 'puppet-icinga2/manifests/object/notificationcommand.pp_(IaC)_', 'puppet-icinga2/manifests/object/scheduleddowntime.pp_(IaC)_', 'puppet-icinga2/manifests/object/service.pp_(IaC)_', 'puppet-icinga2/manifests/object/servicegroup.pp_(IaC)_', 'puppet-icinga2/manifests/object/timeperiod.pp_(IaC)_', 'puppet-icinga2/manifests/object/user.pp_(IaC)_', 'puppet-icinga2/manifests/object/usergroup.pp_(IaC)_', 'puppet-icinga2/manifests/object/zone.pp_(IaC)_', 'puppet-icinga2/manifests/pki/ca.pp_(IaC)_']]",['1a9648985cb25ea20f754c19db08385461238e9d'],[1.0],[0.06976744186046512],[0.13043478260869565],[1],[1.0]
[3],"[[130, 132, 134, 135, 136, 141, 109, 112, 113, 121, 58, 125]]","[['puppet-icinga2/manifests/feature/livestatus.pp_(IaC)_', 'puppet-icinga2/manifests/feature/notification.pp_(IaC)_', 'puppet-icinga2/manifests/feature/graphite.pp_(IaC)_', 'puppet-icinga2/manifests/feature/compatlog.pp_(IaC)_', 'puppet-icinga2/manifests/feature/api.pp_(IaC)_', 'puppet-icinga2/manifests/feature/syslog.pp_(IaC)_', 'puppet-icinga2/manifests/object/timeperiod.pp_(IaC)_', 'puppet-icinga2/manifests/object/usergroup.pp_(IaC)_', 'puppet-icinga2/manifests/object/eventcommand.pp_(IaC)_', 'puppet-icinga2/manifests/object/endpoint.pp_(IaC)_', 'puppet-icinga2/examples/init_server.pp_(IaC)_', 'puppet-icinga2/manifests/object/checkcommand.pp_(IaC)_']]","[['puppet-icinga2/manifests/config/fragment.pp_(IaC)_', 'puppet-icinga2/manifests/feature/api.pp_(IaC)_', 'puppet-icinga2/manifests/feature/checker.pp_(IaC)_', 'puppet-icinga2/manifests/feature/command.pp_(IaC)_', 'puppet-icinga2/manifests/feature/compatlog.pp_(IaC)_', 'puppet-icinga2/manifests/feature/elasticsearch.pp_(IaC)_', 'puppet-icinga2/manifests/feature/gelf.pp_(IaC)_', 'puppet-icinga2/manifests/feature/graphite.pp_(IaC)_', 'puppet-icinga2/manifests/feature/icingadb.pp_(IaC)_', 'puppet-icinga2/manifests/feature/idomysql.pp_(IaC)_', 'puppet-icinga2/manifests/feature/idopgsql.pp_(IaC)_', 'puppet-icinga2/manifests/feature/influxdb.pp_(IaC)_', 'puppet-icinga2/manifests/feature/influxdb2.pp_(IaC)_', 'puppet-icinga2/manifests/feature/livestatus.pp_(IaC)_', 'puppet-icinga2/manifests/feature/mainlog.pp_(IaC)_', 'puppet-icinga2/manifests/feature/notification.pp_(IaC)_', 'puppet-icinga2/manifests/feature/opentsdb.pp_(IaC)_', 'puppet-icinga2/manifests/feature/perfdata.pp_(IaC)_', 'puppet-icinga2/manifests/feature/statusdata.pp_(IaC)_', 'puppet-icinga2/manifests/feature/syslog.pp_(IaC)_', 'puppet-icinga2/manifests/feature/windowseventlog.pp_(IaC)_', 'puppet-icinga2/manifests/globals.pp_(IaC)_', 'puppet-icinga2/manifests/init.pp_(IaC)_', 'puppet-icinga2/manifests/object.pp_(IaC)_', 'puppet-icinga2/manifests/object/apiuser.pp_(IaC)_', 'puppet-icinga2/manifests/object/checkcommand.pp_(IaC)_', 'puppet-icinga2/manifests/object/checkresultreader.pp_(IaC)_', 'puppet-icinga2/manifests/object/dependency.pp_(IaC)_', 'puppet-icinga2/manifests/object/endpoint.pp_(IaC)_', 'puppet-icinga2/manifests/object/eventcommand.pp_(IaC)_', 'puppet-icinga2/manifests/object/host.pp_(IaC)_', 'puppet-icinga2/manifests/object/hostgroup.pp_(IaC)_', 'puppet-icinga2/manifests/object/icingaapplication.pp_(IaC)_', 'puppet-icinga2/manifests/object/notification.pp_(IaC)_', 'puppet-icinga2/manifests/object/notificationcommand.pp_(IaC)_', 'puppet-icinga2/manifests/object/scheduleddowntime.pp_(IaC)_', 'puppet-icinga2/manifests/object/service.pp_(IaC)_', 'puppet-icinga2/manifests/object/servicegroup.pp_(IaC)_', 'puppet-icinga2/manifests/object/timeperiod.pp_(IaC)_', 'puppet-icinga2/manifests/object/user.pp_(IaC)_', 'puppet-icinga2/manifests/object/usergroup.pp_(IaC)_', 'puppet-icinga2/manifests/object/zone.pp_(IaC)_', 'puppet-icinga2/manifests/pki/ca.pp_(IaC)_']]",['1a9648985cb25ea20f754c19db08385461238e9d'],[1.0],[0.06976744186046512],[0.13043478260869565],[1],[1.0]
[3],"[[132, 105, 137, 139, 142, 47, 144, 147, 83, 151]]","[['puppet-icinga2/manifests/feature/notification.pp_(IaC)_', 'puppet-icinga2/manifests/init.pp_(IaC)_', 'puppet-icinga2/manifests/feature/mainlog.pp_(IaC)_', 'puppet-icinga2/manifests/feature/influxdb.pp_(IaC)_', 'puppet-icinga2/manifests/feature/perfdata.pp_(IaC)_', 'puppet-icinga2/spec/classes/debuglog_spec.rb_(Other)_', 'puppet-icinga2/manifests/feature/opentsdb.pp_(IaC)_', 'puppet-icinga2/manifests/pki/ca.pp_(IaC)_', 'puppet-icinga2/lib/puppet_x/icinga2/pbkdf2.rb_(Other)_', 'puppet-icinga2/data/RedHat-family-6.yaml_(Other)_']]","[['puppet-icinga2/manifests/config/fragment.pp_(IaC)_', 'puppet-icinga2/manifests/feature/api.pp_(IaC)_', 'puppet-icinga2/manifests/feature/checker.pp_(IaC)_', 'puppet-icinga2/manifests/feature/command.pp_(IaC)_', 'puppet-icinga2/manifests/feature/compatlog.pp_(IaC)_', 'puppet-icinga2/manifests/feature/elasticsearch.pp_(IaC)_', 'puppet-icinga2/manifests/feature/gelf.pp_(IaC)_', 'puppet-icinga2/manifests/feature/graphite.pp_(IaC)_', 'puppet-icinga2/manifests/feature/icingadb.pp_(IaC)_', 'puppet-icinga2/manifests/feature/idomysql.pp_(IaC)_', 'puppet-icinga2/manifests/feature/idopgsql.pp_(IaC)_', 'puppet-icinga2/manifests/feature/influxdb.pp_(IaC)_', 'puppet-icinga2/manifests/feature/influxdb2.pp_(IaC)_', 'puppet-icinga2/manifests/feature/livestatus.pp_(IaC)_', 'puppet-icinga2/manifests/feature/mainlog.pp_(IaC)_', 'puppet-icinga2/manifests/feature/notification.pp_(IaC)_', 'puppet-icinga2/manifests/feature/opentsdb.pp_(IaC)_', 'puppet-icinga2/manifests/feature/perfdata.pp_(IaC)_', 'puppet-icinga2/manifests/feature/statusdata.pp_(IaC)_', 'puppet-icinga2/manifests/feature/syslog.pp_(IaC)_', 'puppet-icinga2/manifests/feature/windowseventlog.pp_(IaC)_', 'puppet-icinga2/manifests/globals.pp_(IaC)_', 'puppet-icinga2/manifests/init.pp_(IaC)_', 'puppet-icinga2/manifests/object.pp_(IaC)_', 'puppet-icinga2/manifests/object/apiuser.pp_(IaC)_', 'puppet-icinga2/manifests/object/checkcommand.pp_(IaC)_', 'puppet-icinga2/manifests/object/checkresultreader.pp_(IaC)_', 'puppet-icinga2/manifests/object/dependency.pp_(IaC)_', 'puppet-icinga2/manifests/object/endpoint.pp_(IaC)_', 'puppet-icinga2/manifests/object/eventcommand.pp_(IaC)_', 'puppet-icinga2/manifests/object/host.pp_(IaC)_', 'puppet-icinga2/manifests/object/hostgroup.pp_(IaC)_', 'puppet-icinga2/manifests/object/icingaapplication.pp_(IaC)_', 'puppet-icinga2/manifests/object/notification.pp_(IaC)_', 'puppet-icinga2/manifests/object/notificationcommand.pp_(IaC)_', 'puppet-icinga2/manifests/object/scheduleddowntime.pp_(IaC)_', 'puppet-icinga2/manifests/object/service.pp_(IaC)_', 'puppet-icinga2/manifests/object/servicegroup.pp_(IaC)_', 'puppet-icinga2/manifests/object/timeperiod.pp_(IaC)_', 'puppet-icinga2/manifests/object/user.pp_(IaC)_', 'puppet-icinga2/manifests/object/usergroup.pp_(IaC)_', 'puppet-icinga2/manifests/object/zone.pp_(IaC)_', 'puppet-icinga2/manifests/pki/ca.pp_(IaC)_']]",['1a9648985cb25ea20f754c19db08385461238e9d'],[1.0],[0.06976744186046512],[0.13043478260869565],[1],[1.0]
[3],"[[128, 130, 132, 135, 136, 107, 140, 157, 56, 93, 31]]","[['puppet-icinga2/manifests/feature/command.pp_(IaC)_', 'puppet-icinga2/manifests/feature/livestatus.pp_(IaC)_', 'puppet-icinga2/manifests/feature/notification.pp_(IaC)_', 'puppet-icinga2/manifests/feature/compatlog.pp_(IaC)_', 'puppet-icinga2/manifests/feature/api.pp_(IaC)_', 'puppet-icinga2/manifests/tls/client.pp_(IaC)_', 'puppet-icinga2/manifests/feature/statusdata.pp_(IaC)_', 'puppet-icinga2/data/OpenBSD-kernel.yaml_(Other)_', 'puppet-icinga2/examples/init_elasticsearch.pp_(IaC)_', 'puppet-icinga2/functions/db/connect.pp_(IaC)_', 'puppet-icinga2/spec/classes/mainlog_spec.rb_(Other)_']]","[['puppet-icinga2/manifests/config/fragment.pp_(IaC)_', 'puppet-icinga2/manifests/feature/api.pp_(IaC)_', 'puppet-icinga2/manifests/feature/checker.pp_(IaC)_', 'puppet-icinga2/manifests/feature/command.pp_(IaC)_', 'puppet-icinga2/manifests/feature/compatlog.pp_(IaC)_', 'puppet-icinga2/manifests/feature/elasticsearch.pp_(IaC)_', 'puppet-icinga2/manifests/feature/gelf.pp_(IaC)_', 'puppet-icinga2/manifests/feature/graphite.pp_(IaC)_', 'puppet-icinga2/manifests/feature/icingadb.pp_(IaC)_', 'puppet-icinga2/manifests/feature/idomysql.pp_(IaC)_', 'puppet-icinga2/manifests/feature/idopgsql.pp_(IaC)_', 'puppet-icinga2/manifests/feature/influxdb.pp_(IaC)_', 'puppet-icinga2/manifests/feature/influxdb2.pp_(IaC)_', 'puppet-icinga2/manifests/feature/livestatus.pp_(IaC)_', 'puppet-icinga2/manifests/feature/mainlog.pp_(IaC)_', 'puppet-icinga2/manifests/feature/notification.pp_(IaC)_', 'puppet-icinga2/manifests/feature/opentsdb.pp_(IaC)_', 'puppet-icinga2/manifests/feature/perfdata.pp_(IaC)_', 'puppet-icinga2/manifests/feature/statusdata.pp_(IaC)_', 'puppet-icinga2/manifests/feature/syslog.pp_(IaC)_', 'puppet-icinga2/manifests/feature/windowseventlog.pp_(IaC)_', 'puppet-icinga2/manifests/globals.pp_(IaC)_', 'puppet-icinga2/manifests/init.pp_(IaC)_', 'puppet-icinga2/manifests/object.pp_(IaC)_', 'puppet-icinga2/manifests/object/apiuser.pp_(IaC)_', 'puppet-icinga2/manifests/object/checkcommand.pp_(IaC)_', 'puppet-icinga2/manifests/object/checkresultreader.pp_(IaC)_', 'puppet-icinga2/manifests/object/dependency.pp_(IaC)_', 'puppet-icinga2/manifests/object/endpoint.pp_(IaC)_', 'puppet-icinga2/manifests/object/eventcommand.pp_(IaC)_', 'puppet-icinga2/manifests/object/host.pp_(IaC)_', 'puppet-icinga2/manifests/object/hostgroup.pp_(IaC)_', 'puppet-icinga2/manifests/object/icingaapplication.pp_(IaC)_', 'puppet-icinga2/manifests/object/notification.pp_(IaC)_', 'puppet-icinga2/manifests/object/notificationcommand.pp_(IaC)_', 'puppet-icinga2/manifests/object/scheduleddowntime.pp_(IaC)_', 'puppet-icinga2/manifests/object/service.pp_(IaC)_', 'puppet-icinga2/manifests/object/servicegroup.pp_(IaC)_', 'puppet-icinga2/manifests/object/timeperiod.pp_(IaC)_', 'puppet-icinga2/manifests/object/user.pp_(IaC)_', 'puppet-icinga2/manifests/object/usergroup.pp_(IaC)_', 'puppet-icinga2/manifests/object/zone.pp_(IaC)_', 'puppet-icinga2/manifests/pki/ca.pp_(IaC)_']]",['1a9648985cb25ea20f754c19db08385461238e9d'],[1.0],[0.06976744186046512],[0.13043478260869565],[1],[1.0]
