NB_recommended_files,Best_solution,Recommended_files,Co_modified_files,Commits_hash,PRECISION,RECALL,FSCORE,SUCCESS_RATE,MRR
"[7, 7, 7, 7, 7, 7, 7, 7]","[[228, 227, 225, 232, 332, 299, 294], [228, 227, 225, 232, 332, 299, 294], [228, 227, 225, 232, 332, 299, 294], [228, 227, 225, 232, 332, 299, 294], [228, 227, 225, 232, 332, 299, 294], [228, 227, 225, 232, 332, 299, 294], [228, 227, 225, 232, 332, 299, 294], [228, 227, 225, 232, 332, 299, 294]]","[['puppet-tripleo/manifests/profile/base/keystone.pp_(IaC)_', 'puppet-tripleo/manifests/profile/base/heat.pp_(IaC)_', 'puppet-tripleo/manifests/profile/base/neutron.pp_(IaC)_', 'puppet-tripleo/manifests/profile/base/horizon.pp_(IaC)_', 'puppet-tripleo/manifests/profile/base/nova/api.pp_(IaC)_', 'puppet-tripleo/manifests/profile/base/heat/authtoken.pp_(IaC)_', 'puppet-tripleo/manifests/profile/base/gnocchi/authtoken.pp_(IaC)_'], ['puppet-tripleo/manifests/profile/base/keystone.pp_(IaC)_', 'puppet-tripleo/manifests/profile/base/heat.pp_(IaC)_', 'puppet-tripleo/manifests/profile/base/neutron.pp_(IaC)_', 'puppet-tripleo/manifests/profile/base/horizon.pp_(IaC)_', 'puppet-tripleo/manifests/profile/base/nova/api.pp_(IaC)_', 'puppet-tripleo/manifests/profile/base/heat/authtoken.pp_(IaC)_', 'puppet-tripleo/manifests/profile/base/gnocchi/authtoken.pp_(IaC)_'], ['puppet-tripleo/manifests/profile/base/keystone.pp_(IaC)_', 'puppet-tripleo/manifests/profile/base/heat.pp_(IaC)_', 'puppet-tripleo/manifests/profile/base/neutron.pp_(IaC)_', 'puppet-tripleo/manifests/profile/base/horizon.pp_(IaC)_', 'puppet-tripleo/manifests/profile/base/nova/api.pp_(IaC)_', 'puppet-tripleo/manifests/profile/base/heat/authtoken.pp_(IaC)_', 'puppet-tripleo/manifests/profile/base/gnocchi/authtoken.pp_(IaC)_'], ['puppet-tripleo/manifests/profile/base/keystone.pp_(IaC)_', 'puppet-tripleo/manifests/profile/base/heat.pp_(IaC)_', 'puppet-tripleo/manifests/profile/base/neutron.pp_(IaC)_', 'puppet-tripleo/manifests/profile/base/horizon.pp_(IaC)_', 'puppet-tripleo/manifests/profile/base/nova/api.pp_(IaC)_', 'puppet-tripleo/manifests/profile/base/heat/authtoken.pp_(IaC)_', 'puppet-tripleo/manifests/profile/base/gnocchi/authtoken.pp_(IaC)_'], ['puppet-tripleo/manifests/profile/base/keystone.pp_(IaC)_', 'puppet-tripleo/manifests/profile/base/heat.pp_(IaC)_', 'puppet-tripleo/manifests/profile/base/neutron.pp_(IaC)_', 'puppet-tripleo/manifests/profile/base/horizon.pp_(IaC)_', 'puppet-tripleo/manifests/profile/base/nova/api.pp_(IaC)_', 'puppet-tripleo/manifests/profile/base/heat/authtoken.pp_(IaC)_', 'puppet-tripleo/manifests/profile/base/gnocchi/authtoken.pp_(IaC)_'], ['puppet-tripleo/manifests/profile/base/keystone.pp_(IaC)_', 'puppet-tripleo/manifests/profile/base/heat.pp_(IaC)_', 'puppet-tripleo/manifests/profile/base/neutron.pp_(IaC)_', 'puppet-tripleo/manifests/profile/base/horizon.pp_(IaC)_', 'puppet-tripleo/manifests/profile/base/nova/api.pp_(IaC)_', 'puppet-tripleo/manifests/profile/base/heat/authtoken.pp_(IaC)_', 'puppet-tripleo/manifests/profile/base/gnocchi/authtoken.pp_(IaC)_'], ['puppet-tripleo/manifests/profile/base/keystone.pp_(IaC)_', 'puppet-tripleo/manifests/profile/base/heat.pp_(IaC)_', 'puppet-tripleo/manifests/profile/base/neutron.pp_(IaC)_', 'puppet-tripleo/manifests/profile/base/horizon.pp_(IaC)_', 'puppet-tripleo/manifests/profile/base/nova/api.pp_(IaC)_', 'puppet-tripleo/manifests/profile/base/heat/authtoken.pp_(IaC)_', 'puppet-tripleo/manifests/profile/base/gnocchi/authtoken.pp_(IaC)_'], ['puppet-tripleo/manifests/profile/base/keystone.pp_(IaC)_', 'puppet-tripleo/manifests/profile/base/heat.pp_(IaC)_', 'puppet-tripleo/manifests/profile/base/neutron.pp_(IaC)_', 'puppet-tripleo/manifests/profile/base/horizon.pp_(IaC)_', 'puppet-tripleo/manifests/profile/base/nova/api.pp_(IaC)_', 'puppet-tripleo/manifests/profile/base/heat/authtoken.pp_(IaC)_', 'puppet-tripleo/manifests/profile/base/gnocchi/authtoken.pp_(IaC)_']]","[['puppet-tripleo/manifests/haproxy/stats.pp_(IaC)_'], ['puppet-tripleo/spec/classes/tripleo_haproxy_spec.rb_(Other)_'], ['puppet-tripleo/manifests/haproxy/endpoint.pp_(IaC)_'], ['puppet-tripleo/releasenotes/notes/haproxy-remove-activate_httplog-87325732ab9ca721.yaml_(Other)_', 'puppet-tripleo/spec/classes/tripleo_haproxy_spec.rb_(Other)_'], ['puppet-tripleo/manifests/firewall.pp_(IaC)_', 'puppet-tripleo/manifests/firewall/post.pp_(IaC)_', 'puppet-tripleo/manifests/firewall/pre.pp_(IaC)_', 'puppet-tripleo/manifests/firewall/service_rules.pp_(IaC)_', 'puppet-tripleo/manifests/haproxy/endpoint.pp_(IaC)_', 'puppet-tripleo/manifests/haproxy/horizon_endpoint.pp_(IaC)_', 'puppet-tripleo/manifests/profile/base/haproxy.pp_(IaC)_', 'puppet-tripleo/spec/classes/tripleo_firewall_spec.rb_(Other)_', 'puppet-tripleo/spec/defines/tripleo_firewall_service_rules_spec.rb_(Other)_'], ['puppet-tripleo/manifests/haproxy/endpoint.pp_(IaC)_', 'puppet-tripleo/manifests/haproxy/horizon_endpoint.pp_(IaC)_', 'puppet-tripleo/manifests/haproxy/service_endpoints.pp_(IaC)_', 'puppet-tripleo/manifests/haproxy/stats.pp_(IaC)_'], ['puppet-tripleo/manifests/fencing.pp_(IaC)_', 'puppet-tripleo/manifests/haproxy/endpoint.pp_(IaC)_', 'puppet-tripleo/manifests/haproxy/horizon_endpoint.pp_(IaC)_', 'puppet-tripleo/manifests/profile/base/aodh/authtoken.pp_(IaC)_', 'puppet-tripleo/manifests/profile/base/apache.pp_(IaC)_', 'puppet-tripleo/manifests/profile/base/cinder.pp_(IaC)_', 'puppet-tripleo/manifests/profile/base/cinder/authtoken.pp_(IaC)_', 'puppet-tripleo/manifests/profile/base/cinder/volume/dellsc.pp_(IaC)_', 'puppet-tripleo/manifests/profile/base/cinder/volume/nvmeof.pp_(IaC)_', 'puppet-tripleo/manifests/profile/base/designate/authtoken.pp_(IaC)_', 'puppet-tripleo/manifests/profile/base/glance/authtoken.pp_(IaC)_', 'puppet-tripleo/manifests/profile/base/glance/backend/cinder.pp_(IaC)_', 'puppet-tripleo/manifests/profile/base/gnocchi/authtoken.pp_(IaC)_', 'puppet-tripleo/manifests/profile/base/heat.pp_(IaC)_', 'puppet-tripleo/manifests/profile/base/heat/authtoken.pp_(IaC)_', 'puppet-tripleo/manifests/profile/base/ironic/authtoken.pp_(IaC)_', 'puppet-tripleo/manifests/profile/base/ironic_inspector/authtoken.pp_(IaC)_', 'puppet-tripleo/manifests/profile/base/keystone.pp_(IaC)_', 'puppet-tripleo/manifests/profile/base/manila/authtoken.pp_(IaC)_', 'puppet-tripleo/manifests/profile/base/metrics/collectd.pp_(IaC)_', 'puppet-tripleo/manifests/profile/base/metrics/collectd/sensubility.pp_(IaC)_', 'puppet-tripleo/manifests/profile/base/metrics/qdr.pp_(IaC)_', 'puppet-tripleo/manifests/profile/base/neutron.pp_(IaC)_', 'puppet-tripleo/manifests/profile/base/neutron/authtoken.pp_(IaC)_', 'puppet-tripleo/manifests/profile/base/neutron/dhcp_agent_wrappers.pp_(IaC)_', 'puppet-tripleo/manifests/profile/base/neutron/l3_agent_wrappers.pp_(IaC)_', 'puppet-tripleo/manifests/profile/base/neutron/linuxbridge.pp_(IaC)_', 'puppet-tripleo/manifests/profile/base/neutron/ovn_metadata_agent_wrappers.pp_(IaC)_', 'puppet-tripleo/manifests/profile/base/nova.pp_(IaC)_', 'puppet-tripleo/manifests/profile/base/nova/api.pp_(IaC)_', 'puppet-tripleo/manifests/profile/base/nova/authtoken.pp_(IaC)_', 'puppet-tripleo/manifests/profile/base/nova/compute_libvirt_shared.pp_(IaC)_', 'puppet-tripleo/manifests/profile/base/nova/migration/client.pp_(IaC)_', 'puppet-tripleo/manifests/profile/base/octavia/authtoken.pp_(IaC)_', 'puppet-tripleo/manifests/profile/base/pacemaker.pp_(IaC)_', 'puppet-tripleo/manifests/profile/base/placement/authtoken.pp_(IaC)_', 'puppet-tripleo/manifests/profile/base/qdr.pp_(IaC)_', 'puppet-tripleo/manifests/profile/base/rabbitmq.pp_(IaC)_', 'puppet-tripleo/manifests/tls_proxy.pp_(IaC)_', 'puppet-tripleo/spec/classes/tripleo_profile_base_designate_central_spec.rb_(Other)_', 'puppet-tripleo/spec/classes/tripleo_profile_base_metrics_collectd_spec.rb_(Other)_', 'puppet-tripleo/spec/classes/tripleo_profile_base_nova_conductor_spec.rb_(Other)_', 'puppet-tripleo/spec/classes/tripleo_profile_base_octavia_api_spec.rb_(Other)_', 'puppet-tripleo/spec/classes/tripleo_profile_base_swift_proxy_spec.rb_(Other)_', 'puppet-tripleo/spec/fixtures/hieradata/default.yaml_(Other)_'], ['puppet-tripleo/manifests/profile/base/glance/api.pp_(IaC)_']]","['12f14d95bb1ea4bd78e96f1f350b4bf9e2d38c3a', 'c9ba6a26219dbee9e8fd168f2b76bf7602c00f30', 'd4afc29038916ef88c5cfdb67028b3ff6d7133fb', '8794022fcb72f0ca4c4a33675bbfba960c84e8f9', '373dee4156a628384c774abdbd65e890901d678c', '31b1caa15e2e0c807b90cd46133fe94a7ca1d8f3', 'c4890a2b0072367f1bc8f182f5285e4eb33f2e05', 'b3be1dc18c8284852905797d91b67d2dcd6a1a10']","[0.0, 0.0, 0.0, 0.0, 0.0, 0.0, 0.8571428571428571, 0.0]","[0.0, 0.0, 0.0, 0.0, 0.0, 0.0, 0.13333333333333333, 0.0]","[0, 0, 0, 0, 0, 0, 0.23076923076923078, 0]","[0, 0, 0, 0, 0, 0, 1, 0]","[0, 0, 0, 0, 0, 0, 1.0, 0]"
"[7, 7, 7, 7, 7, 7, 7, 7]","[[228, 225, 249, 235, 391, 232, 256], [228, 225, 249, 235, 391, 232, 256], [228, 225, 249, 235, 391, 232, 256], [228, 225, 249, 235, 391, 232, 256], [228, 225, 249, 235, 391, 232, 256], [228, 225, 249, 235, 391, 232, 256], [228, 225, 249, 235, 391, 232, 256], [228, 225, 249, 235, 391, 232, 256]]","[['puppet-tripleo/manifests/profile/base/keystone.pp_(IaC)_', 'puppet-tripleo/manifests/profile/base/neutron.pp_(IaC)_', 'puppet-tripleo/manifests/profile/base/ceilometer.pp_(IaC)_', 'puppet-tripleo/manifests/profile/base/manila.pp_(IaC)_', 'puppet-tripleo/manifests/profile/base/glance/api.pp_(IaC)_', 'puppet-tripleo/manifests/profile/base/horizon.pp_(IaC)_', 'puppet-tripleo/manifests/profile/base/cinder/authtoken.pp_(IaC)_'], ['puppet-tripleo/manifests/profile/base/keystone.pp_(IaC)_', 'puppet-tripleo/manifests/profile/base/neutron.pp_(IaC)_', 'puppet-tripleo/manifests/profile/base/ceilometer.pp_(IaC)_', 'puppet-tripleo/manifests/profile/base/manila.pp_(IaC)_', 'puppet-tripleo/manifests/profile/base/glance/api.pp_(IaC)_', 'puppet-tripleo/manifests/profile/base/horizon.pp_(IaC)_', 'puppet-tripleo/manifests/profile/base/cinder/authtoken.pp_(IaC)_'], ['puppet-tripleo/manifests/profile/base/keystone.pp_(IaC)_', 'puppet-tripleo/manifests/profile/base/neutron.pp_(IaC)_', 'puppet-tripleo/manifests/profile/base/ceilometer.pp_(IaC)_', 'puppet-tripleo/manifests/profile/base/manila.pp_(IaC)_', 'puppet-tripleo/manifests/profile/base/glance/api.pp_(IaC)_', 'puppet-tripleo/manifests/profile/base/horizon.pp_(IaC)_', 'puppet-tripleo/manifests/profile/base/cinder/authtoken.pp_(IaC)_'], ['puppet-tripleo/manifests/profile/base/keystone.pp_(IaC)_', 'puppet-tripleo/manifests/profile/base/neutron.pp_(IaC)_', 'puppet-tripleo/manifests/profile/base/ceilometer.pp_(IaC)_', 'puppet-tripleo/manifests/profile/base/manila.pp_(IaC)_', 'puppet-tripleo/manifests/profile/base/glance/api.pp_(IaC)_', 'puppet-tripleo/manifests/profile/base/horizon.pp_(IaC)_', 'puppet-tripleo/manifests/profile/base/cinder/authtoken.pp_(IaC)_'], ['puppet-tripleo/manifests/profile/base/keystone.pp_(IaC)_', 'puppet-tripleo/manifests/profile/base/neutron.pp_(IaC)_', 'puppet-tripleo/manifests/profile/base/ceilometer.pp_(IaC)_', 'puppet-tripleo/manifests/profile/base/manila.pp_(IaC)_', 'puppet-tripleo/manifests/profile/base/glance/api.pp_(IaC)_', 'puppet-tripleo/manifests/profile/base/horizon.pp_(IaC)_', 'puppet-tripleo/manifests/profile/base/cinder/authtoken.pp_(IaC)_'], ['puppet-tripleo/manifests/profile/base/keystone.pp_(IaC)_', 'puppet-tripleo/manifests/profile/base/neutron.pp_(IaC)_', 'puppet-tripleo/manifests/profile/base/ceilometer.pp_(IaC)_', 'puppet-tripleo/manifests/profile/base/manila.pp_(IaC)_', 'puppet-tripleo/manifests/profile/base/glance/api.pp_(IaC)_', 'puppet-tripleo/manifests/profile/base/horizon.pp_(IaC)_', 'puppet-tripleo/manifests/profile/base/cinder/authtoken.pp_(IaC)_'], ['puppet-tripleo/manifests/profile/base/keystone.pp_(IaC)_', 'puppet-tripleo/manifests/profile/base/neutron.pp_(IaC)_', 'puppet-tripleo/manifests/profile/base/ceilometer.pp_(IaC)_', 'puppet-tripleo/manifests/profile/base/manila.pp_(IaC)_', 'puppet-tripleo/manifests/profile/base/glance/api.pp_(IaC)_', 'puppet-tripleo/manifests/profile/base/horizon.pp_(IaC)_', 'puppet-tripleo/manifests/profile/base/cinder/authtoken.pp_(IaC)_'], ['puppet-tripleo/manifests/profile/base/keystone.pp_(IaC)_', 'puppet-tripleo/manifests/profile/base/neutron.pp_(IaC)_', 'puppet-tripleo/manifests/profile/base/ceilometer.pp_(IaC)_', 'puppet-tripleo/manifests/profile/base/manila.pp_(IaC)_', 'puppet-tripleo/manifests/profile/base/glance/api.pp_(IaC)_', 'puppet-tripleo/manifests/profile/base/horizon.pp_(IaC)_', 'puppet-tripleo/manifests/profile/base/cinder/authtoken.pp_(IaC)_']]","[['puppet-tripleo/manifests/haproxy/stats.pp_(IaC)_'], ['puppet-tripleo/spec/classes/tripleo_haproxy_spec.rb_(Other)_'], ['puppet-tripleo/manifests/haproxy/endpoint.pp_(IaC)_'], ['puppet-tripleo/releasenotes/notes/haproxy-remove-activate_httplog-87325732ab9ca721.yaml_(Other)_', 'puppet-tripleo/spec/classes/tripleo_haproxy_spec.rb_(Other)_'], ['puppet-tripleo/manifests/firewall.pp_(IaC)_', 'puppet-tripleo/manifests/firewall/post.pp_(IaC)_', 'puppet-tripleo/manifests/firewall/pre.pp_(IaC)_', 'puppet-tripleo/manifests/firewall/service_rules.pp_(IaC)_', 'puppet-tripleo/manifests/haproxy/endpoint.pp_(IaC)_', 'puppet-tripleo/manifests/haproxy/horizon_endpoint.pp_(IaC)_', 'puppet-tripleo/manifests/profile/base/haproxy.pp_(IaC)_', 'puppet-tripleo/spec/classes/tripleo_firewall_spec.rb_(Other)_', 'puppet-tripleo/spec/defines/tripleo_firewall_service_rules_spec.rb_(Other)_'], ['puppet-tripleo/manifests/haproxy/endpoint.pp_(IaC)_', 'puppet-tripleo/manifests/haproxy/horizon_endpoint.pp_(IaC)_', 'puppet-tripleo/manifests/haproxy/service_endpoints.pp_(IaC)_', 'puppet-tripleo/manifests/haproxy/stats.pp_(IaC)_'], ['puppet-tripleo/manifests/fencing.pp_(IaC)_', 'puppet-tripleo/manifests/haproxy/endpoint.pp_(IaC)_', 'puppet-tripleo/manifests/haproxy/horizon_endpoint.pp_(IaC)_', 'puppet-tripleo/manifests/profile/base/aodh/authtoken.pp_(IaC)_', 'puppet-tripleo/manifests/profile/base/apache.pp_(IaC)_', 'puppet-tripleo/manifests/profile/base/cinder.pp_(IaC)_', 'puppet-tripleo/manifests/profile/base/cinder/authtoken.pp_(IaC)_', 'puppet-tripleo/manifests/profile/base/cinder/volume/dellsc.pp_(IaC)_', 'puppet-tripleo/manifests/profile/base/cinder/volume/nvmeof.pp_(IaC)_', 'puppet-tripleo/manifests/profile/base/designate/authtoken.pp_(IaC)_', 'puppet-tripleo/manifests/profile/base/glance/authtoken.pp_(IaC)_', 'puppet-tripleo/manifests/profile/base/glance/backend/cinder.pp_(IaC)_', 'puppet-tripleo/manifests/profile/base/gnocchi/authtoken.pp_(IaC)_', 'puppet-tripleo/manifests/profile/base/heat.pp_(IaC)_', 'puppet-tripleo/manifests/profile/base/heat/authtoken.pp_(IaC)_', 'puppet-tripleo/manifests/profile/base/ironic/authtoken.pp_(IaC)_', 'puppet-tripleo/manifests/profile/base/ironic_inspector/authtoken.pp_(IaC)_', 'puppet-tripleo/manifests/profile/base/keystone.pp_(IaC)_', 'puppet-tripleo/manifests/profile/base/manila/authtoken.pp_(IaC)_', 'puppet-tripleo/manifests/profile/base/metrics/collectd.pp_(IaC)_', 'puppet-tripleo/manifests/profile/base/metrics/collectd/sensubility.pp_(IaC)_', 'puppet-tripleo/manifests/profile/base/metrics/qdr.pp_(IaC)_', 'puppet-tripleo/manifests/profile/base/neutron.pp_(IaC)_', 'puppet-tripleo/manifests/profile/base/neutron/authtoken.pp_(IaC)_', 'puppet-tripleo/manifests/profile/base/neutron/dhcp_agent_wrappers.pp_(IaC)_', 'puppet-tripleo/manifests/profile/base/neutron/l3_agent_wrappers.pp_(IaC)_', 'puppet-tripleo/manifests/profile/base/neutron/linuxbridge.pp_(IaC)_', 'puppet-tripleo/manifests/profile/base/neutron/ovn_metadata_agent_wrappers.pp_(IaC)_', 'puppet-tripleo/manifests/profile/base/nova.pp_(IaC)_', 'puppet-tripleo/manifests/profile/base/nova/api.pp_(IaC)_', 'puppet-tripleo/manifests/profile/base/nova/authtoken.pp_(IaC)_', 'puppet-tripleo/manifests/profile/base/nova/compute_libvirt_shared.pp_(IaC)_', 'puppet-tripleo/manifests/profile/base/nova/migration/client.pp_(IaC)_', 'puppet-tripleo/manifests/profile/base/octavia/authtoken.pp_(IaC)_', 'puppet-tripleo/manifests/profile/base/pacemaker.pp_(IaC)_', 'puppet-tripleo/manifests/profile/base/placement/authtoken.pp_(IaC)_', 'puppet-tripleo/manifests/profile/base/qdr.pp_(IaC)_', 'puppet-tripleo/manifests/profile/base/rabbitmq.pp_(IaC)_', 'puppet-tripleo/manifests/tls_proxy.pp_(IaC)_', 'puppet-tripleo/spec/classes/tripleo_profile_base_designate_central_spec.rb_(Other)_', 'puppet-tripleo/spec/classes/tripleo_profile_base_metrics_collectd_spec.rb_(Other)_', 'puppet-tripleo/spec/classes/tripleo_profile_base_nova_conductor_spec.rb_(Other)_', 'puppet-tripleo/spec/classes/tripleo_profile_base_octavia_api_spec.rb_(Other)_', 'puppet-tripleo/spec/classes/tripleo_profile_base_swift_proxy_spec.rb_(Other)_', 'puppet-tripleo/spec/fixtures/hieradata/default.yaml_(Other)_'], ['puppet-tripleo/manifests/profile/base/glance/api.pp_(IaC)_']]","['12f14d95bb1ea4bd78e96f1f350b4bf9e2d38c3a', 'c9ba6a26219dbee9e8fd168f2b76bf7602c00f30', 'd4afc29038916ef88c5cfdb67028b3ff6d7133fb', '8794022fcb72f0ca4c4a33675bbfba960c84e8f9', '373dee4156a628384c774abdbd65e890901d678c', '31b1caa15e2e0c807b90cd46133fe94a7ca1d8f3', 'c4890a2b0072367f1bc8f182f5285e4eb33f2e05', 'b3be1dc18c8284852905797d91b67d2dcd6a1a10']","[0.0, 0.0, 0.0, 0.0, 0.0, 0.0, 0.42857142857142855, 0.14285714285714285]","[0.0, 0.0, 0.0, 0.0, 0.0, 0.0, 0.06666666666666667, 1.0]","[0, 0, 0, 0, 0, 0, 0.11538461538461539, 0.25]","[0, 0, 0, 0, 0, 0, 1, 1]","[0, 0, 0, 0, 0, 0, 1.0, 0.2]"
"[7, 7, 7, 7, 7, 7, 7, 7]","[[406, 225, 249, 235, 233, 306, 301], [406, 225, 249, 235, 233, 306, 301], [406, 225, 249, 235, 233, 306, 301], [406, 225, 249, 235, 233, 306, 301], [406, 225, 249, 235, 233, 306, 301], [406, 225, 249, 235, 233, 306, 301], [406, 225, 249, 235, 233, 306, 301], [406, 225, 249, 235, 233, 306, 301]]","[['puppet-tripleo/manifests/haproxy/endpoint.pp_(IaC)_', 'puppet-tripleo/manifests/profile/base/neutron.pp_(IaC)_', 'puppet-tripleo/manifests/profile/base/ceilometer.pp_(IaC)_', 'puppet-tripleo/manifests/profile/base/manila.pp_(IaC)_', 'puppet-tripleo/manifests/profile/base/ironic.pp_(IaC)_', 'puppet-tripleo/manifests/profile/base/manila/share.pp_(IaC)_', 'puppet-tripleo/manifests/profile/base/aodh/api.pp_(IaC)_'], ['puppet-tripleo/manifests/haproxy/endpoint.pp_(IaC)_', 'puppet-tripleo/manifests/profile/base/neutron.pp_(IaC)_', 'puppet-tripleo/manifests/profile/base/ceilometer.pp_(IaC)_', 'puppet-tripleo/manifests/profile/base/manila.pp_(IaC)_', 'puppet-tripleo/manifests/profile/base/ironic.pp_(IaC)_', 'puppet-tripleo/manifests/profile/base/manila/share.pp_(IaC)_', 'puppet-tripleo/manifests/profile/base/aodh/api.pp_(IaC)_'], ['puppet-tripleo/manifests/haproxy/endpoint.pp_(IaC)_', 'puppet-tripleo/manifests/profile/base/neutron.pp_(IaC)_', 'puppet-tripleo/manifests/profile/base/ceilometer.pp_(IaC)_', 'puppet-tripleo/manifests/profile/base/manila.pp_(IaC)_', 'puppet-tripleo/manifests/profile/base/ironic.pp_(IaC)_', 'puppet-tripleo/manifests/profile/base/manila/share.pp_(IaC)_', 'puppet-tripleo/manifests/profile/base/aodh/api.pp_(IaC)_'], ['puppet-tripleo/manifests/haproxy/endpoint.pp_(IaC)_', 'puppet-tripleo/manifests/profile/base/neutron.pp_(IaC)_', 'puppet-tripleo/manifests/profile/base/ceilometer.pp_(IaC)_', 'puppet-tripleo/manifests/profile/base/manila.pp_(IaC)_', 'puppet-tripleo/manifests/profile/base/ironic.pp_(IaC)_', 'puppet-tripleo/manifests/profile/base/manila/share.pp_(IaC)_', 'puppet-tripleo/manifests/profile/base/aodh/api.pp_(IaC)_'], ['puppet-tripleo/manifests/haproxy/endpoint.pp_(IaC)_', 'puppet-tripleo/manifests/profile/base/neutron.pp_(IaC)_', 'puppet-tripleo/manifests/profile/base/ceilometer.pp_(IaC)_', 'puppet-tripleo/manifests/profile/base/manila.pp_(IaC)_', 'puppet-tripleo/manifests/profile/base/ironic.pp_(IaC)_', 'puppet-tripleo/manifests/profile/base/manila/share.pp_(IaC)_', 'puppet-tripleo/manifests/profile/base/aodh/api.pp_(IaC)_'], ['puppet-tripleo/manifests/haproxy/endpoint.pp_(IaC)_', 'puppet-tripleo/manifests/profile/base/neutron.pp_(IaC)_', 'puppet-tripleo/manifests/profile/base/ceilometer.pp_(IaC)_', 'puppet-tripleo/manifests/profile/base/manila.pp_(IaC)_', 'puppet-tripleo/manifests/profile/base/ironic.pp_(IaC)_', 'puppet-tripleo/manifests/profile/base/manila/share.pp_(IaC)_', 'puppet-tripleo/manifests/profile/base/aodh/api.pp_(IaC)_'], ['puppet-tripleo/manifests/haproxy/endpoint.pp_(IaC)_', 'puppet-tripleo/manifests/profile/base/neutron.pp_(IaC)_', 'puppet-tripleo/manifests/profile/base/ceilometer.pp_(IaC)_', 'puppet-tripleo/manifests/profile/base/manila.pp_(IaC)_', 'puppet-tripleo/manifests/profile/base/ironic.pp_(IaC)_', 'puppet-tripleo/manifests/profile/base/manila/share.pp_(IaC)_', 'puppet-tripleo/manifests/profile/base/aodh/api.pp_(IaC)_'], ['puppet-tripleo/manifests/haproxy/endpoint.pp_(IaC)_', 'puppet-tripleo/manifests/profile/base/neutron.pp_(IaC)_', 'puppet-tripleo/manifests/profile/base/ceilometer.pp_(IaC)_', 'puppet-tripleo/manifests/profile/base/manila.pp_(IaC)_', 'puppet-tripleo/manifests/profile/base/ironic.pp_(IaC)_', 'puppet-tripleo/manifests/profile/base/manila/share.pp_(IaC)_', 'puppet-tripleo/manifests/profile/base/aodh/api.pp_(IaC)_']]","[['puppet-tripleo/manifests/haproxy/stats.pp_(IaC)_'], ['puppet-tripleo/spec/classes/tripleo_haproxy_spec.rb_(Other)_'], ['puppet-tripleo/manifests/haproxy/endpoint.pp_(IaC)_'], ['puppet-tripleo/releasenotes/notes/haproxy-remove-activate_httplog-87325732ab9ca721.yaml_(Other)_', 'puppet-tripleo/spec/classes/tripleo_haproxy_spec.rb_(Other)_'], ['puppet-tripleo/manifests/firewall.pp_(IaC)_', 'puppet-tripleo/manifests/firewall/post.pp_(IaC)_', 'puppet-tripleo/manifests/firewall/pre.pp_(IaC)_', 'puppet-tripleo/manifests/firewall/service_rules.pp_(IaC)_', 'puppet-tripleo/manifests/haproxy/endpoint.pp_(IaC)_', 'puppet-tripleo/manifests/haproxy/horizon_endpoint.pp_(IaC)_', 'puppet-tripleo/manifests/profile/base/haproxy.pp_(IaC)_', 'puppet-tripleo/spec/classes/tripleo_firewall_spec.rb_(Other)_', 'puppet-tripleo/spec/defines/tripleo_firewall_service_rules_spec.rb_(Other)_'], ['puppet-tripleo/manifests/haproxy/endpoint.pp_(IaC)_', 'puppet-tripleo/manifests/haproxy/horizon_endpoint.pp_(IaC)_', 'puppet-tripleo/manifests/haproxy/service_endpoints.pp_(IaC)_', 'puppet-tripleo/manifests/haproxy/stats.pp_(IaC)_'], ['puppet-tripleo/manifests/fencing.pp_(IaC)_', 'puppet-tripleo/manifests/haproxy/endpoint.pp_(IaC)_', 'puppet-tripleo/manifests/haproxy/horizon_endpoint.pp_(IaC)_', 'puppet-tripleo/manifests/profile/base/aodh/authtoken.pp_(IaC)_', 'puppet-tripleo/manifests/profile/base/apache.pp_(IaC)_', 'puppet-tripleo/manifests/profile/base/cinder.pp_(IaC)_', 'puppet-tripleo/manifests/profile/base/cinder/authtoken.pp_(IaC)_', 'puppet-tripleo/manifests/profile/base/cinder/volume/dellsc.pp_(IaC)_', 'puppet-tripleo/manifests/profile/base/cinder/volume/nvmeof.pp_(IaC)_', 'puppet-tripleo/manifests/profile/base/designate/authtoken.pp_(IaC)_', 'puppet-tripleo/manifests/profile/base/glance/authtoken.pp_(IaC)_', 'puppet-tripleo/manifests/profile/base/glance/backend/cinder.pp_(IaC)_', 'puppet-tripleo/manifests/profile/base/gnocchi/authtoken.pp_(IaC)_', 'puppet-tripleo/manifests/profile/base/heat.pp_(IaC)_', 'puppet-tripleo/manifests/profile/base/heat/authtoken.pp_(IaC)_', 'puppet-tripleo/manifests/profile/base/ironic/authtoken.pp_(IaC)_', 'puppet-tripleo/manifests/profile/base/ironic_inspector/authtoken.pp_(IaC)_', 'puppet-tripleo/manifests/profile/base/keystone.pp_(IaC)_', 'puppet-tripleo/manifests/profile/base/manila/authtoken.pp_(IaC)_', 'puppet-tripleo/manifests/profile/base/metrics/collectd.pp_(IaC)_', 'puppet-tripleo/manifests/profile/base/metrics/collectd/sensubility.pp_(IaC)_', 'puppet-tripleo/manifests/profile/base/metrics/qdr.pp_(IaC)_', 'puppet-tripleo/manifests/profile/base/neutron.pp_(IaC)_', 'puppet-tripleo/manifests/profile/base/neutron/authtoken.pp_(IaC)_', 'puppet-tripleo/manifests/profile/base/neutron/dhcp_agent_wrappers.pp_(IaC)_', 'puppet-tripleo/manifests/profile/base/neutron/l3_agent_wrappers.pp_(IaC)_', 'puppet-tripleo/manifests/profile/base/neutron/linuxbridge.pp_(IaC)_', 'puppet-tripleo/manifests/profile/base/neutron/ovn_metadata_agent_wrappers.pp_(IaC)_', 'puppet-tripleo/manifests/profile/base/nova.pp_(IaC)_', 'puppet-tripleo/manifests/profile/base/nova/api.pp_(IaC)_', 'puppet-tripleo/manifests/profile/base/nova/authtoken.pp_(IaC)_', 'puppet-tripleo/manifests/profile/base/nova/compute_libvirt_shared.pp_(IaC)_', 'puppet-tripleo/manifests/profile/base/nova/migration/client.pp_(IaC)_', 'puppet-tripleo/manifests/profile/base/octavia/authtoken.pp_(IaC)_', 'puppet-tripleo/manifests/profile/base/pacemaker.pp_(IaC)_', 'puppet-tripleo/manifests/profile/base/placement/authtoken.pp_(IaC)_', 'puppet-tripleo/manifests/profile/base/qdr.pp_(IaC)_', 'puppet-tripleo/manifests/profile/base/rabbitmq.pp_(IaC)_', 'puppet-tripleo/manifests/tls_proxy.pp_(IaC)_', 'puppet-tripleo/spec/classes/tripleo_profile_base_designate_central_spec.rb_(Other)_', 'puppet-tripleo/spec/classes/tripleo_profile_base_metrics_collectd_spec.rb_(Other)_', 'puppet-tripleo/spec/classes/tripleo_profile_base_nova_conductor_spec.rb_(Other)_', 'puppet-tripleo/spec/classes/tripleo_profile_base_octavia_api_spec.rb_(Other)_', 'puppet-tripleo/spec/classes/tripleo_profile_base_swift_proxy_spec.rb_(Other)_', 'puppet-tripleo/spec/fixtures/hieradata/default.yaml_(Other)_'], ['puppet-tripleo/manifests/profile/base/glance/api.pp_(IaC)_']]","['12f14d95bb1ea4bd78e96f1f350b4bf9e2d38c3a', 'c9ba6a26219dbee9e8fd168f2b76bf7602c00f30', 'd4afc29038916ef88c5cfdb67028b3ff6d7133fb', '8794022fcb72f0ca4c4a33675bbfba960c84e8f9', '373dee4156a628384c774abdbd65e890901d678c', '31b1caa15e2e0c807b90cd46133fe94a7ca1d8f3', 'c4890a2b0072367f1bc8f182f5285e4eb33f2e05', 'b3be1dc18c8284852905797d91b67d2dcd6a1a10']","[0.0, 0.0, 0.14285714285714285, 0.0, 0.14285714285714285, 0.14285714285714285, 0.2857142857142857, 0.0]","[0.0, 0.0, 1.0, 0.0, 0.1111111111111111, 0.25, 0.044444444444444446, 0.0]","[0, 0, 0.25, 0, 0.125, 0.18181818181818182, 0.07692307692307693, 0]","[0, 0, 1, 0, 1, 1, 1, 0]","[0, 0, 1.0, 0, 1.0, 1.0, 1.0, 0]"
"[7, 7, 7, 7, 7, 7, 7, 7]","[[228, 305, 391, 233, 306, 355, 299], [228, 305, 391, 233, 306, 355, 299], [228, 305, 391, 233, 306, 355, 299], [228, 305, 391, 233, 306, 355, 299], [228, 305, 391, 233, 306, 355, 299], [228, 305, 391, 233, 306, 355, 299], [228, 305, 391, 233, 306, 355, 299], [228, 305, 391, 233, 306, 355, 299]]","[['puppet-tripleo/manifests/profile/base/keystone.pp_(IaC)_', 'puppet-tripleo/manifests/profile/base/manila/api.pp_(IaC)_', 'puppet-tripleo/manifests/profile/base/glance/api.pp_(IaC)_', 'puppet-tripleo/manifests/profile/base/ironic.pp_(IaC)_', 'puppet-tripleo/manifests/profile/base/manila/share.pp_(IaC)_', 'puppet-tripleo/manifests/profile/base/neutron/authtoken.pp_(IaC)_', 'puppet-tripleo/manifests/profile/base/heat/authtoken.pp_(IaC)_'], ['puppet-tripleo/manifests/profile/base/keystone.pp_(IaC)_', 'puppet-tripleo/manifests/profile/base/manila/api.pp_(IaC)_', 'puppet-tripleo/manifests/profile/base/glance/api.pp_(IaC)_', 'puppet-tripleo/manifests/profile/base/ironic.pp_(IaC)_', 'puppet-tripleo/manifests/profile/base/manila/share.pp_(IaC)_', 'puppet-tripleo/manifests/profile/base/neutron/authtoken.pp_(IaC)_', 'puppet-tripleo/manifests/profile/base/heat/authtoken.pp_(IaC)_'], ['puppet-tripleo/manifests/profile/base/keystone.pp_(IaC)_', 'puppet-tripleo/manifests/profile/base/manila/api.pp_(IaC)_', 'puppet-tripleo/manifests/profile/base/glance/api.pp_(IaC)_', 'puppet-tripleo/manifests/profile/base/ironic.pp_(IaC)_', 'puppet-tripleo/manifests/profile/base/manila/share.pp_(IaC)_', 'puppet-tripleo/manifests/profile/base/neutron/authtoken.pp_(IaC)_', 'puppet-tripleo/manifests/profile/base/heat/authtoken.pp_(IaC)_'], ['puppet-tripleo/manifests/profile/base/keystone.pp_(IaC)_', 'puppet-tripleo/manifests/profile/base/manila/api.pp_(IaC)_', 'puppet-tripleo/manifests/profile/base/glance/api.pp_(IaC)_', 'puppet-tripleo/manifests/profile/base/ironic.pp_(IaC)_', 'puppet-tripleo/manifests/profile/base/manila/share.pp_(IaC)_', 'puppet-tripleo/manifests/profile/base/neutron/authtoken.pp_(IaC)_', 'puppet-tripleo/manifests/profile/base/heat/authtoken.pp_(IaC)_'], ['puppet-tripleo/manifests/profile/base/keystone.pp_(IaC)_', 'puppet-tripleo/manifests/profile/base/manila/api.pp_(IaC)_', 'puppet-tripleo/manifests/profile/base/glance/api.pp_(IaC)_', 'puppet-tripleo/manifests/profile/base/ironic.pp_(IaC)_', 'puppet-tripleo/manifests/profile/base/manila/share.pp_(IaC)_', 'puppet-tripleo/manifests/profile/base/neutron/authtoken.pp_(IaC)_', 'puppet-tripleo/manifests/profile/base/heat/authtoken.pp_(IaC)_'], ['puppet-tripleo/manifests/profile/base/keystone.pp_(IaC)_', 'puppet-tripleo/manifests/profile/base/manila/api.pp_(IaC)_', 'puppet-tripleo/manifests/profile/base/glance/api.pp_(IaC)_', 'puppet-tripleo/manifests/profile/base/ironic.pp_(IaC)_', 'puppet-tripleo/manifests/profile/base/manila/share.pp_(IaC)_', 'puppet-tripleo/manifests/profile/base/neutron/authtoken.pp_(IaC)_', 'puppet-tripleo/manifests/profile/base/heat/authtoken.pp_(IaC)_'], ['puppet-tripleo/manifests/profile/base/keystone.pp_(IaC)_', 'puppet-tripleo/manifests/profile/base/manila/api.pp_(IaC)_', 'puppet-tripleo/manifests/profile/base/glance/api.pp_(IaC)_', 'puppet-tripleo/manifests/profile/base/ironic.pp_(IaC)_', 'puppet-tripleo/manifests/profile/base/manila/share.pp_(IaC)_', 'puppet-tripleo/manifests/profile/base/neutron/authtoken.pp_(IaC)_', 'puppet-tripleo/manifests/profile/base/heat/authtoken.pp_(IaC)_'], ['puppet-tripleo/manifests/profile/base/keystone.pp_(IaC)_', 'puppet-tripleo/manifests/profile/base/manila/api.pp_(IaC)_', 'puppet-tripleo/manifests/profile/base/glance/api.pp_(IaC)_', 'puppet-tripleo/manifests/profile/base/ironic.pp_(IaC)_', 'puppet-tripleo/manifests/profile/base/manila/share.pp_(IaC)_', 'puppet-tripleo/manifests/profile/base/neutron/authtoken.pp_(IaC)_', 'puppet-tripleo/manifests/profile/base/heat/authtoken.pp_(IaC)_']]","[['puppet-tripleo/manifests/haproxy/stats.pp_(IaC)_'], ['puppet-tripleo/spec/classes/tripleo_haproxy_spec.rb_(Other)_'], ['puppet-tripleo/manifests/haproxy/endpoint.pp_(IaC)_'], ['puppet-tripleo/releasenotes/notes/haproxy-remove-activate_httplog-87325732ab9ca721.yaml_(Other)_', 'puppet-tripleo/spec/classes/tripleo_haproxy_spec.rb_(Other)_'], ['puppet-tripleo/manifests/firewall.pp_(IaC)_', 'puppet-tripleo/manifests/firewall/post.pp_(IaC)_', 'puppet-tripleo/manifests/firewall/pre.pp_(IaC)_', 'puppet-tripleo/manifests/firewall/service_rules.pp_(IaC)_', 'puppet-tripleo/manifests/haproxy/endpoint.pp_(IaC)_', 'puppet-tripleo/manifests/haproxy/horizon_endpoint.pp_(IaC)_', 'puppet-tripleo/manifests/profile/base/haproxy.pp_(IaC)_', 'puppet-tripleo/spec/classes/tripleo_firewall_spec.rb_(Other)_', 'puppet-tripleo/spec/defines/tripleo_firewall_service_rules_spec.rb_(Other)_'], ['puppet-tripleo/manifests/haproxy/endpoint.pp_(IaC)_', 'puppet-tripleo/manifests/haproxy/horizon_endpoint.pp_(IaC)_', 'puppet-tripleo/manifests/haproxy/service_endpoints.pp_(IaC)_', 'puppet-tripleo/manifests/haproxy/stats.pp_(IaC)_'], ['puppet-tripleo/manifests/fencing.pp_(IaC)_', 'puppet-tripleo/manifests/haproxy/endpoint.pp_(IaC)_', 'puppet-tripleo/manifests/haproxy/horizon_endpoint.pp_(IaC)_', 'puppet-tripleo/manifests/profile/base/aodh/authtoken.pp_(IaC)_', 'puppet-tripleo/manifests/profile/base/apache.pp_(IaC)_', 'puppet-tripleo/manifests/profile/base/cinder.pp_(IaC)_', 'puppet-tripleo/manifests/profile/base/cinder/authtoken.pp_(IaC)_', 'puppet-tripleo/manifests/profile/base/cinder/volume/dellsc.pp_(IaC)_', 'puppet-tripleo/manifests/profile/base/cinder/volume/nvmeof.pp_(IaC)_', 'puppet-tripleo/manifests/profile/base/designate/authtoken.pp_(IaC)_', 'puppet-tripleo/manifests/profile/base/glance/authtoken.pp_(IaC)_', 'puppet-tripleo/manifests/profile/base/glance/backend/cinder.pp_(IaC)_', 'puppet-tripleo/manifests/profile/base/gnocchi/authtoken.pp_(IaC)_', 'puppet-tripleo/manifests/profile/base/heat.pp_(IaC)_', 'puppet-tripleo/manifests/profile/base/heat/authtoken.pp_(IaC)_', 'puppet-tripleo/manifests/profile/base/ironic/authtoken.pp_(IaC)_', 'puppet-tripleo/manifests/profile/base/ironic_inspector/authtoken.pp_(IaC)_', 'puppet-tripleo/manifests/profile/base/keystone.pp_(IaC)_', 'puppet-tripleo/manifests/profile/base/manila/authtoken.pp_(IaC)_', 'puppet-tripleo/manifests/profile/base/metrics/collectd.pp_(IaC)_', 'puppet-tripleo/manifests/profile/base/metrics/collectd/sensubility.pp_(IaC)_', 'puppet-tripleo/manifests/profile/base/metrics/qdr.pp_(IaC)_', 'puppet-tripleo/manifests/profile/base/neutron.pp_(IaC)_', 'puppet-tripleo/manifests/profile/base/neutron/authtoken.pp_(IaC)_', 'puppet-tripleo/manifests/profile/base/neutron/dhcp_agent_wrappers.pp_(IaC)_', 'puppet-tripleo/manifests/profile/base/neutron/l3_agent_wrappers.pp_(IaC)_', 'puppet-tripleo/manifests/profile/base/neutron/linuxbridge.pp_(IaC)_', 'puppet-tripleo/manifests/profile/base/neutron/ovn_metadata_agent_wrappers.pp_(IaC)_', 'puppet-tripleo/manifests/profile/base/nova.pp_(IaC)_', 'puppet-tripleo/manifests/profile/base/nova/api.pp_(IaC)_', 'puppet-tripleo/manifests/profile/base/nova/authtoken.pp_(IaC)_', 'puppet-tripleo/manifests/profile/base/nova/compute_libvirt_shared.pp_(IaC)_', 'puppet-tripleo/manifests/profile/base/nova/migration/client.pp_(IaC)_', 'puppet-tripleo/manifests/profile/base/octavia/authtoken.pp_(IaC)_', 'puppet-tripleo/manifests/profile/base/pacemaker.pp_(IaC)_', 'puppet-tripleo/manifests/profile/base/placement/authtoken.pp_(IaC)_', 'puppet-tripleo/manifests/profile/base/qdr.pp_(IaC)_', 'puppet-tripleo/manifests/profile/base/rabbitmq.pp_(IaC)_', 'puppet-tripleo/manifests/tls_proxy.pp_(IaC)_', 'puppet-tripleo/spec/classes/tripleo_profile_base_designate_central_spec.rb_(Other)_', 'puppet-tripleo/spec/classes/tripleo_profile_base_metrics_collectd_spec.rb_(Other)_', 'puppet-tripleo/spec/classes/tripleo_profile_base_nova_conductor_spec.rb_(Other)_', 'puppet-tripleo/spec/classes/tripleo_profile_base_octavia_api_spec.rb_(Other)_', 'puppet-tripleo/spec/classes/tripleo_profile_base_swift_proxy_spec.rb_(Other)_', 'puppet-tripleo/spec/fixtures/hieradata/default.yaml_(Other)_'], ['puppet-tripleo/manifests/profile/base/glance/api.pp_(IaC)_']]","['12f14d95bb1ea4bd78e96f1f350b4bf9e2d38c3a', 'c9ba6a26219dbee9e8fd168f2b76bf7602c00f30', 'd4afc29038916ef88c5cfdb67028b3ff6d7133fb', '8794022fcb72f0ca4c4a33675bbfba960c84e8f9', '373dee4156a628384c774abdbd65e890901d678c', '31b1caa15e2e0c807b90cd46133fe94a7ca1d8f3', 'c4890a2b0072367f1bc8f182f5285e4eb33f2e05', 'b3be1dc18c8284852905797d91b67d2dcd6a1a10']","[0.0, 0.0, 0.0, 0.0, 0.0, 0.0, 0.42857142857142855, 0.14285714285714285]","[0.0, 0.0, 0.0, 0.0, 0.0, 0.0, 0.06666666666666667, 1.0]","[0, 0, 0, 0, 0, 0, 0.11538461538461539, 0.25]","[0, 0, 0, 0, 0, 0, 1, 1]","[0, 0, 0, 0, 0, 0, 1.0, 0.3333333333333333]"
"[7, 7, 7, 7, 7, 7, 7, 7]","[[228, 305, 332, 256, 293, 392, 400], [228, 305, 332, 256, 293, 392, 400], [228, 305, 332, 256, 293, 392, 400], [228, 305, 332, 256, 293, 392, 400], [228, 305, 332, 256, 293, 392, 400], [228, 305, 332, 256, 293, 392, 400], [228, 305, 332, 256, 293, 392, 400], [228, 305, 332, 256, 293, 392, 400]]","[['puppet-tripleo/manifests/profile/base/keystone.pp_(IaC)_', 'puppet-tripleo/manifests/profile/base/manila/api.pp_(IaC)_', 'puppet-tripleo/manifests/profile/base/nova/api.pp_(IaC)_', 'puppet-tripleo/manifests/profile/base/cinder/authtoken.pp_(IaC)_', 'puppet-tripleo/manifests/profile/base/gnocchi/api.pp_(IaC)_', 'puppet-tripleo/manifests/profile/base/glance/authtoken.pp_(IaC)_', 'puppet-tripleo/manifests/profile/base/placement/api.pp_(IaC)_'], ['puppet-tripleo/manifests/profile/base/keystone.pp_(IaC)_', 'puppet-tripleo/manifests/profile/base/manila/api.pp_(IaC)_', 'puppet-tripleo/manifests/profile/base/nova/api.pp_(IaC)_', 'puppet-tripleo/manifests/profile/base/cinder/authtoken.pp_(IaC)_', 'puppet-tripleo/manifests/profile/base/gnocchi/api.pp_(IaC)_', 'puppet-tripleo/manifests/profile/base/glance/authtoken.pp_(IaC)_', 'puppet-tripleo/manifests/profile/base/placement/api.pp_(IaC)_'], ['puppet-tripleo/manifests/profile/base/keystone.pp_(IaC)_', 'puppet-tripleo/manifests/profile/base/manila/api.pp_(IaC)_', 'puppet-tripleo/manifests/profile/base/nova/api.pp_(IaC)_', 'puppet-tripleo/manifests/profile/base/cinder/authtoken.pp_(IaC)_', 'puppet-tripleo/manifests/profile/base/gnocchi/api.pp_(IaC)_', 'puppet-tripleo/manifests/profile/base/glance/authtoken.pp_(IaC)_', 'puppet-tripleo/manifests/profile/base/placement/api.pp_(IaC)_'], ['puppet-tripleo/manifests/profile/base/keystone.pp_(IaC)_', 'puppet-tripleo/manifests/profile/base/manila/api.pp_(IaC)_', 'puppet-tripleo/manifests/profile/base/nova/api.pp_(IaC)_', 'puppet-tripleo/manifests/profile/base/cinder/authtoken.pp_(IaC)_', 'puppet-tripleo/manifests/profile/base/gnocchi/api.pp_(IaC)_', 'puppet-tripleo/manifests/profile/base/glance/authtoken.pp_(IaC)_', 'puppet-tripleo/manifests/profile/base/placement/api.pp_(IaC)_'], ['puppet-tripleo/manifests/profile/base/keystone.pp_(IaC)_', 'puppet-tripleo/manifests/profile/base/manila/api.pp_(IaC)_', 'puppet-tripleo/manifests/profile/base/nova/api.pp_(IaC)_', 'puppet-tripleo/manifests/profile/base/cinder/authtoken.pp_(IaC)_', 'puppet-tripleo/manifests/profile/base/gnocchi/api.pp_(IaC)_', 'puppet-tripleo/manifests/profile/base/glance/authtoken.pp_(IaC)_', 'puppet-tripleo/manifests/profile/base/placement/api.pp_(IaC)_'], ['puppet-tripleo/manifests/profile/base/keystone.pp_(IaC)_', 'puppet-tripleo/manifests/profile/base/manila/api.pp_(IaC)_', 'puppet-tripleo/manifests/profile/base/nova/api.pp_(IaC)_', 'puppet-tripleo/manifests/profile/base/cinder/authtoken.pp_(IaC)_', 'puppet-tripleo/manifests/profile/base/gnocchi/api.pp_(IaC)_', 'puppet-tripleo/manifests/profile/base/glance/authtoken.pp_(IaC)_', 'puppet-tripleo/manifests/profile/base/placement/api.pp_(IaC)_'], ['puppet-tripleo/manifests/profile/base/keystone.pp_(IaC)_', 'puppet-tripleo/manifests/profile/base/manila/api.pp_(IaC)_', 'puppet-tripleo/manifests/profile/base/nova/api.pp_(IaC)_', 'puppet-tripleo/manifests/profile/base/cinder/authtoken.pp_(IaC)_', 'puppet-tripleo/manifests/profile/base/gnocchi/api.pp_(IaC)_', 'puppet-tripleo/manifests/profile/base/glance/authtoken.pp_(IaC)_', 'puppet-tripleo/manifests/profile/base/placement/api.pp_(IaC)_'], ['puppet-tripleo/manifests/profile/base/keystone.pp_(IaC)_', 'puppet-tripleo/manifests/profile/base/manila/api.pp_(IaC)_', 'puppet-tripleo/manifests/profile/base/nova/api.pp_(IaC)_', 'puppet-tripleo/manifests/profile/base/cinder/authtoken.pp_(IaC)_', 'puppet-tripleo/manifests/profile/base/gnocchi/api.pp_(IaC)_', 'puppet-tripleo/manifests/profile/base/glance/authtoken.pp_(IaC)_', 'puppet-tripleo/manifests/profile/base/placement/api.pp_(IaC)_']]","[['puppet-tripleo/manifests/haproxy/stats.pp_(IaC)_'], ['puppet-tripleo/spec/classes/tripleo_haproxy_spec.rb_(Other)_'], ['puppet-tripleo/manifests/haproxy/endpoint.pp_(IaC)_'], ['puppet-tripleo/releasenotes/notes/haproxy-remove-activate_httplog-87325732ab9ca721.yaml_(Other)_', 'puppet-tripleo/spec/classes/tripleo_haproxy_spec.rb_(Other)_'], ['puppet-tripleo/manifests/firewall.pp_(IaC)_', 'puppet-tripleo/manifests/firewall/post.pp_(IaC)_', 'puppet-tripleo/manifests/firewall/pre.pp_(IaC)_', 'puppet-tripleo/manifests/firewall/service_rules.pp_(IaC)_', 'puppet-tripleo/manifests/haproxy/endpoint.pp_(IaC)_', 'puppet-tripleo/manifests/haproxy/horizon_endpoint.pp_(IaC)_', 'puppet-tripleo/manifests/profile/base/haproxy.pp_(IaC)_', 'puppet-tripleo/spec/classes/tripleo_firewall_spec.rb_(Other)_', 'puppet-tripleo/spec/defines/tripleo_firewall_service_rules_spec.rb_(Other)_'], ['puppet-tripleo/manifests/haproxy/endpoint.pp_(IaC)_', 'puppet-tripleo/manifests/haproxy/horizon_endpoint.pp_(IaC)_', 'puppet-tripleo/manifests/haproxy/service_endpoints.pp_(IaC)_', 'puppet-tripleo/manifests/haproxy/stats.pp_(IaC)_'], ['puppet-tripleo/manifests/fencing.pp_(IaC)_', 'puppet-tripleo/manifests/haproxy/endpoint.pp_(IaC)_', 'puppet-tripleo/manifests/haproxy/horizon_endpoint.pp_(IaC)_', 'puppet-tripleo/manifests/profile/base/aodh/authtoken.pp_(IaC)_', 'puppet-tripleo/manifests/profile/base/apache.pp_(IaC)_', 'puppet-tripleo/manifests/profile/base/cinder.pp_(IaC)_', 'puppet-tripleo/manifests/profile/base/cinder/authtoken.pp_(IaC)_', 'puppet-tripleo/manifests/profile/base/cinder/volume/dellsc.pp_(IaC)_', 'puppet-tripleo/manifests/profile/base/cinder/volume/nvmeof.pp_(IaC)_', 'puppet-tripleo/manifests/profile/base/designate/authtoken.pp_(IaC)_', 'puppet-tripleo/manifests/profile/base/glance/authtoken.pp_(IaC)_', 'puppet-tripleo/manifests/profile/base/glance/backend/cinder.pp_(IaC)_', 'puppet-tripleo/manifests/profile/base/gnocchi/authtoken.pp_(IaC)_', 'puppet-tripleo/manifests/profile/base/heat.pp_(IaC)_', 'puppet-tripleo/manifests/profile/base/heat/authtoken.pp_(IaC)_', 'puppet-tripleo/manifests/profile/base/ironic/authtoken.pp_(IaC)_', 'puppet-tripleo/manifests/profile/base/ironic_inspector/authtoken.pp_(IaC)_', 'puppet-tripleo/manifests/profile/base/keystone.pp_(IaC)_', 'puppet-tripleo/manifests/profile/base/manila/authtoken.pp_(IaC)_', 'puppet-tripleo/manifests/profile/base/metrics/collectd.pp_(IaC)_', 'puppet-tripleo/manifests/profile/base/metrics/collectd/sensubility.pp_(IaC)_', 'puppet-tripleo/manifests/profile/base/metrics/qdr.pp_(IaC)_', 'puppet-tripleo/manifests/profile/base/neutron.pp_(IaC)_', 'puppet-tripleo/manifests/profile/base/neutron/authtoken.pp_(IaC)_', 'puppet-tripleo/manifests/profile/base/neutron/dhcp_agent_wrappers.pp_(IaC)_', 'puppet-tripleo/manifests/profile/base/neutron/l3_agent_wrappers.pp_(IaC)_', 'puppet-tripleo/manifests/profile/base/neutron/linuxbridge.pp_(IaC)_', 'puppet-tripleo/manifests/profile/base/neutron/ovn_metadata_agent_wrappers.pp_(IaC)_', 'puppet-tripleo/manifests/profile/base/nova.pp_(IaC)_', 'puppet-tripleo/manifests/profile/base/nova/api.pp_(IaC)_', 'puppet-tripleo/manifests/profile/base/nova/authtoken.pp_(IaC)_', 'puppet-tripleo/manifests/profile/base/nova/compute_libvirt_shared.pp_(IaC)_', 'puppet-tripleo/manifests/profile/base/nova/migration/client.pp_(IaC)_', 'puppet-tripleo/manifests/profile/base/octavia/authtoken.pp_(IaC)_', 'puppet-tripleo/manifests/profile/base/pacemaker.pp_(IaC)_', 'puppet-tripleo/manifests/profile/base/placement/authtoken.pp_(IaC)_', 'puppet-tripleo/manifests/profile/base/qdr.pp_(IaC)_', 'puppet-tripleo/manifests/profile/base/rabbitmq.pp_(IaC)_', 'puppet-tripleo/manifests/tls_proxy.pp_(IaC)_', 'puppet-tripleo/spec/classes/tripleo_profile_base_designate_central_spec.rb_(Other)_', 'puppet-tripleo/spec/classes/tripleo_profile_base_metrics_collectd_spec.rb_(Other)_', 'puppet-tripleo/spec/classes/tripleo_profile_base_nova_conductor_spec.rb_(Other)_', 'puppet-tripleo/spec/classes/tripleo_profile_base_octavia_api_spec.rb_(Other)_', 'puppet-tripleo/spec/classes/tripleo_profile_base_swift_proxy_spec.rb_(Other)_', 'puppet-tripleo/spec/fixtures/hieradata/default.yaml_(Other)_'], ['puppet-tripleo/manifests/profile/base/glance/api.pp_(IaC)_']]","['12f14d95bb1ea4bd78e96f1f350b4bf9e2d38c3a', 'c9ba6a26219dbee9e8fd168f2b76bf7602c00f30', 'd4afc29038916ef88c5cfdb67028b3ff6d7133fb', '8794022fcb72f0ca4c4a33675bbfba960c84e8f9', '373dee4156a628384c774abdbd65e890901d678c', '31b1caa15e2e0c807b90cd46133fe94a7ca1d8f3', 'c4890a2b0072367f1bc8f182f5285e4eb33f2e05', 'b3be1dc18c8284852905797d91b67d2dcd6a1a10']","[0.0, 0.0, 0.0, 0.0, 0.0, 0.0, 0.5714285714285714, 0.0]","[0.0, 0.0, 0.0, 0.0, 0.0, 0.0, 0.08888888888888889, 0.0]","[0, 0, 0, 0, 0, 0, 0.15384615384615385, 0]","[0, 0, 0, 0, 0, 0, 1, 0]","[0, 0, 0, 0, 0, 0, 1.0, 0]"
"[7, 7, 7, 7, 7, 7, 7, 7]","[[228, 287, 305, 227, 225, 235, 310], [228, 287, 305, 227, 225, 235, 310], [228, 287, 305, 227, 225, 235, 310], [228, 287, 305, 227, 225, 235, 310], [228, 287, 305, 227, 225, 235, 310], [228, 287, 305, 227, 225, 235, 310], [228, 287, 305, 227, 225, 235, 310], [228, 287, 305, 227, 225, 235, 310]]","[['puppet-tripleo/manifests/profile/base/keystone.pp_(IaC)_', 'puppet-tripleo/manifests/profile/base/database/mysql.pp_(IaC)_', 'puppet-tripleo/manifests/profile/base/manila/api.pp_(IaC)_', 'puppet-tripleo/manifests/profile/base/heat.pp_(IaC)_', 'puppet-tripleo/manifests/profile/base/neutron.pp_(IaC)_', 'puppet-tripleo/manifests/profile/base/manila.pp_(IaC)_', 'puppet-tripleo/manifests/profile/base/octavia/api.pp_(IaC)_'], ['puppet-tripleo/manifests/profile/base/keystone.pp_(IaC)_', 'puppet-tripleo/manifests/profile/base/database/mysql.pp_(IaC)_', 'puppet-tripleo/manifests/profile/base/manila/api.pp_(IaC)_', 'puppet-tripleo/manifests/profile/base/heat.pp_(IaC)_', 'puppet-tripleo/manifests/profile/base/neutron.pp_(IaC)_', 'puppet-tripleo/manifests/profile/base/manila.pp_(IaC)_', 'puppet-tripleo/manifests/profile/base/octavia/api.pp_(IaC)_'], ['puppet-tripleo/manifests/profile/base/keystone.pp_(IaC)_', 'puppet-tripleo/manifests/profile/base/database/mysql.pp_(IaC)_', 'puppet-tripleo/manifests/profile/base/manila/api.pp_(IaC)_', 'puppet-tripleo/manifests/profile/base/heat.pp_(IaC)_', 'puppet-tripleo/manifests/profile/base/neutron.pp_(IaC)_', 'puppet-tripleo/manifests/profile/base/manila.pp_(IaC)_', 'puppet-tripleo/manifests/profile/base/octavia/api.pp_(IaC)_'], ['puppet-tripleo/manifests/profile/base/keystone.pp_(IaC)_', 'puppet-tripleo/manifests/profile/base/database/mysql.pp_(IaC)_', 'puppet-tripleo/manifests/profile/base/manila/api.pp_(IaC)_', 'puppet-tripleo/manifests/profile/base/heat.pp_(IaC)_', 'puppet-tripleo/manifests/profile/base/neutron.pp_(IaC)_', 'puppet-tripleo/manifests/profile/base/manila.pp_(IaC)_', 'puppet-tripleo/manifests/profile/base/octavia/api.pp_(IaC)_'], ['puppet-tripleo/manifests/profile/base/keystone.pp_(IaC)_', 'puppet-tripleo/manifests/profile/base/database/mysql.pp_(IaC)_', 'puppet-tripleo/manifests/profile/base/manila/api.pp_(IaC)_', 'puppet-tripleo/manifests/profile/base/heat.pp_(IaC)_', 'puppet-tripleo/manifests/profile/base/neutron.pp_(IaC)_', 'puppet-tripleo/manifests/profile/base/manila.pp_(IaC)_', 'puppet-tripleo/manifests/profile/base/octavia/api.pp_(IaC)_'], ['puppet-tripleo/manifests/profile/base/keystone.pp_(IaC)_', 'puppet-tripleo/manifests/profile/base/database/mysql.pp_(IaC)_', 'puppet-tripleo/manifests/profile/base/manila/api.pp_(IaC)_', 'puppet-tripleo/manifests/profile/base/heat.pp_(IaC)_', 'puppet-tripleo/manifests/profile/base/neutron.pp_(IaC)_', 'puppet-tripleo/manifests/profile/base/manila.pp_(IaC)_', 'puppet-tripleo/manifests/profile/base/octavia/api.pp_(IaC)_'], ['puppet-tripleo/manifests/profile/base/keystone.pp_(IaC)_', 'puppet-tripleo/manifests/profile/base/database/mysql.pp_(IaC)_', 'puppet-tripleo/manifests/profile/base/manila/api.pp_(IaC)_', 'puppet-tripleo/manifests/profile/base/heat.pp_(IaC)_', 'puppet-tripleo/manifests/profile/base/neutron.pp_(IaC)_', 'puppet-tripleo/manifests/profile/base/manila.pp_(IaC)_', 'puppet-tripleo/manifests/profile/base/octavia/api.pp_(IaC)_'], ['puppet-tripleo/manifests/profile/base/keystone.pp_(IaC)_', 'puppet-tripleo/manifests/profile/base/database/mysql.pp_(IaC)_', 'puppet-tripleo/manifests/profile/base/manila/api.pp_(IaC)_', 'puppet-tripleo/manifests/profile/base/heat.pp_(IaC)_', 'puppet-tripleo/manifests/profile/base/neutron.pp_(IaC)_', 'puppet-tripleo/manifests/profile/base/manila.pp_(IaC)_', 'puppet-tripleo/manifests/profile/base/octavia/api.pp_(IaC)_']]","[['puppet-tripleo/manifests/haproxy/stats.pp_(IaC)_'], ['puppet-tripleo/spec/classes/tripleo_haproxy_spec.rb_(Other)_'], ['puppet-tripleo/manifests/haproxy/endpoint.pp_(IaC)_'], ['puppet-tripleo/releasenotes/notes/haproxy-remove-activate_httplog-87325732ab9ca721.yaml_(Other)_', 'puppet-tripleo/spec/classes/tripleo_haproxy_spec.rb_(Other)_'], ['puppet-tripleo/manifests/firewall.pp_(IaC)_', 'puppet-tripleo/manifests/firewall/post.pp_(IaC)_', 'puppet-tripleo/manifests/firewall/pre.pp_(IaC)_', 'puppet-tripleo/manifests/firewall/service_rules.pp_(IaC)_', 'puppet-tripleo/manifests/haproxy/endpoint.pp_(IaC)_', 'puppet-tripleo/manifests/haproxy/horizon_endpoint.pp_(IaC)_', 'puppet-tripleo/manifests/profile/base/haproxy.pp_(IaC)_', 'puppet-tripleo/spec/classes/tripleo_firewall_spec.rb_(Other)_', 'puppet-tripleo/spec/defines/tripleo_firewall_service_rules_spec.rb_(Other)_'], ['puppet-tripleo/manifests/haproxy/endpoint.pp_(IaC)_', 'puppet-tripleo/manifests/haproxy/horizon_endpoint.pp_(IaC)_', 'puppet-tripleo/manifests/haproxy/service_endpoints.pp_(IaC)_', 'puppet-tripleo/manifests/haproxy/stats.pp_(IaC)_'], ['puppet-tripleo/manifests/fencing.pp_(IaC)_', 'puppet-tripleo/manifests/haproxy/endpoint.pp_(IaC)_', 'puppet-tripleo/manifests/haproxy/horizon_endpoint.pp_(IaC)_', 'puppet-tripleo/manifests/profile/base/aodh/authtoken.pp_(IaC)_', 'puppet-tripleo/manifests/profile/base/apache.pp_(IaC)_', 'puppet-tripleo/manifests/profile/base/cinder.pp_(IaC)_', 'puppet-tripleo/manifests/profile/base/cinder/authtoken.pp_(IaC)_', 'puppet-tripleo/manifests/profile/base/cinder/volume/dellsc.pp_(IaC)_', 'puppet-tripleo/manifests/profile/base/cinder/volume/nvmeof.pp_(IaC)_', 'puppet-tripleo/manifests/profile/base/designate/authtoken.pp_(IaC)_', 'puppet-tripleo/manifests/profile/base/glance/authtoken.pp_(IaC)_', 'puppet-tripleo/manifests/profile/base/glance/backend/cinder.pp_(IaC)_', 'puppet-tripleo/manifests/profile/base/gnocchi/authtoken.pp_(IaC)_', 'puppet-tripleo/manifests/profile/base/heat.pp_(IaC)_', 'puppet-tripleo/manifests/profile/base/heat/authtoken.pp_(IaC)_', 'puppet-tripleo/manifests/profile/base/ironic/authtoken.pp_(IaC)_', 'puppet-tripleo/manifests/profile/base/ironic_inspector/authtoken.pp_(IaC)_', 'puppet-tripleo/manifests/profile/base/keystone.pp_(IaC)_', 'puppet-tripleo/manifests/profile/base/manila/authtoken.pp_(IaC)_', 'puppet-tripleo/manifests/profile/base/metrics/collectd.pp_(IaC)_', 'puppet-tripleo/manifests/profile/base/metrics/collectd/sensubility.pp_(IaC)_', 'puppet-tripleo/manifests/profile/base/metrics/qdr.pp_(IaC)_', 'puppet-tripleo/manifests/profile/base/neutron.pp_(IaC)_', 'puppet-tripleo/manifests/profile/base/neutron/authtoken.pp_(IaC)_', 'puppet-tripleo/manifests/profile/base/neutron/dhcp_agent_wrappers.pp_(IaC)_', 'puppet-tripleo/manifests/profile/base/neutron/l3_agent_wrappers.pp_(IaC)_', 'puppet-tripleo/manifests/profile/base/neutron/linuxbridge.pp_(IaC)_', 'puppet-tripleo/manifests/profile/base/neutron/ovn_metadata_agent_wrappers.pp_(IaC)_', 'puppet-tripleo/manifests/profile/base/nova.pp_(IaC)_', 'puppet-tripleo/manifests/profile/base/nova/api.pp_(IaC)_', 'puppet-tripleo/manifests/profile/base/nova/authtoken.pp_(IaC)_', 'puppet-tripleo/manifests/profile/base/nova/compute_libvirt_shared.pp_(IaC)_', 'puppet-tripleo/manifests/profile/base/nova/migration/client.pp_(IaC)_', 'puppet-tripleo/manifests/profile/base/octavia/authtoken.pp_(IaC)_', 'puppet-tripleo/manifests/profile/base/pacemaker.pp_(IaC)_', 'puppet-tripleo/manifests/profile/base/placement/authtoken.pp_(IaC)_', 'puppet-tripleo/manifests/profile/base/qdr.pp_(IaC)_', 'puppet-tripleo/manifests/profile/base/rabbitmq.pp_(IaC)_', 'puppet-tripleo/manifests/tls_proxy.pp_(IaC)_', 'puppet-tripleo/spec/classes/tripleo_profile_base_designate_central_spec.rb_(Other)_', 'puppet-tripleo/spec/classes/tripleo_profile_base_metrics_collectd_spec.rb_(Other)_', 'puppet-tripleo/spec/classes/tripleo_profile_base_nova_conductor_spec.rb_(Other)_', 'puppet-tripleo/spec/classes/tripleo_profile_base_octavia_api_spec.rb_(Other)_', 'puppet-tripleo/spec/classes/tripleo_profile_base_swift_proxy_spec.rb_(Other)_', 'puppet-tripleo/spec/fixtures/hieradata/default.yaml_(Other)_'], ['puppet-tripleo/manifests/profile/base/glance/api.pp_(IaC)_']]","['12f14d95bb1ea4bd78e96f1f350b4bf9e2d38c3a', 'c9ba6a26219dbee9e8fd168f2b76bf7602c00f30', 'd4afc29038916ef88c5cfdb67028b3ff6d7133fb', '8794022fcb72f0ca4c4a33675bbfba960c84e8f9', '373dee4156a628384c774abdbd65e890901d678c', '31b1caa15e2e0c807b90cd46133fe94a7ca1d8f3', 'c4890a2b0072367f1bc8f182f5285e4eb33f2e05', 'b3be1dc18c8284852905797d91b67d2dcd6a1a10']","[0.0, 0.0, 0.0, 0.0, 0.0, 0.0, 0.42857142857142855, 0.0]","[0.0, 0.0, 0.0, 0.0, 0.0, 0.0, 0.06666666666666667, 0.0]","[0, 0, 0, 0, 0, 0, 0.11538461538461539, 0]","[0, 0, 0, 0, 0, 0, 1, 0]","[0, 0, 0, 0, 0, 0, 1.0, 0]"
"[7, 7, 7, 7, 7, 7, 7, 7]","[[228, 287, 249, 248, 391, 301, 330], [228, 287, 249, 248, 391, 301, 330], [228, 287, 249, 248, 391, 301, 330], [228, 287, 249, 248, 391, 301, 330], [228, 287, 249, 248, 391, 301, 330], [228, 287, 249, 248, 391, 301, 330], [228, 287, 249, 248, 391, 301, 330], [228, 287, 249, 248, 391, 301, 330]]","[['puppet-tripleo/manifests/profile/base/keystone.pp_(IaC)_', 'puppet-tripleo/manifests/profile/base/database/mysql.pp_(IaC)_', 'puppet-tripleo/manifests/profile/base/ceilometer.pp_(IaC)_', 'puppet-tripleo/manifests/profile/base/aodh.pp_(IaC)_', 'puppet-tripleo/manifests/profile/base/glance/api.pp_(IaC)_', 'puppet-tripleo/manifests/profile/base/aodh/api.pp_(IaC)_', 'puppet-tripleo/manifests/profile/base/nova/metadata.pp_(IaC)_'], ['puppet-tripleo/manifests/profile/base/keystone.pp_(IaC)_', 'puppet-tripleo/manifests/profile/base/database/mysql.pp_(IaC)_', 'puppet-tripleo/manifests/profile/base/ceilometer.pp_(IaC)_', 'puppet-tripleo/manifests/profile/base/aodh.pp_(IaC)_', 'puppet-tripleo/manifests/profile/base/glance/api.pp_(IaC)_', 'puppet-tripleo/manifests/profile/base/aodh/api.pp_(IaC)_', 'puppet-tripleo/manifests/profile/base/nova/metadata.pp_(IaC)_'], ['puppet-tripleo/manifests/profile/base/keystone.pp_(IaC)_', 'puppet-tripleo/manifests/profile/base/database/mysql.pp_(IaC)_', 'puppet-tripleo/manifests/profile/base/ceilometer.pp_(IaC)_', 'puppet-tripleo/manifests/profile/base/aodh.pp_(IaC)_', 'puppet-tripleo/manifests/profile/base/glance/api.pp_(IaC)_', 'puppet-tripleo/manifests/profile/base/aodh/api.pp_(IaC)_', 'puppet-tripleo/manifests/profile/base/nova/metadata.pp_(IaC)_'], ['puppet-tripleo/manifests/profile/base/keystone.pp_(IaC)_', 'puppet-tripleo/manifests/profile/base/database/mysql.pp_(IaC)_', 'puppet-tripleo/manifests/profile/base/ceilometer.pp_(IaC)_', 'puppet-tripleo/manifests/profile/base/aodh.pp_(IaC)_', 'puppet-tripleo/manifests/profile/base/glance/api.pp_(IaC)_', 'puppet-tripleo/manifests/profile/base/aodh/api.pp_(IaC)_', 'puppet-tripleo/manifests/profile/base/nova/metadata.pp_(IaC)_'], ['puppet-tripleo/manifests/profile/base/keystone.pp_(IaC)_', 'puppet-tripleo/manifests/profile/base/database/mysql.pp_(IaC)_', 'puppet-tripleo/manifests/profile/base/ceilometer.pp_(IaC)_', 'puppet-tripleo/manifests/profile/base/aodh.pp_(IaC)_', 'puppet-tripleo/manifests/profile/base/glance/api.pp_(IaC)_', 'puppet-tripleo/manifests/profile/base/aodh/api.pp_(IaC)_', 'puppet-tripleo/manifests/profile/base/nova/metadata.pp_(IaC)_'], ['puppet-tripleo/manifests/profile/base/keystone.pp_(IaC)_', 'puppet-tripleo/manifests/profile/base/database/mysql.pp_(IaC)_', 'puppet-tripleo/manifests/profile/base/ceilometer.pp_(IaC)_', 'puppet-tripleo/manifests/profile/base/aodh.pp_(IaC)_', 'puppet-tripleo/manifests/profile/base/glance/api.pp_(IaC)_', 'puppet-tripleo/manifests/profile/base/aodh/api.pp_(IaC)_', 'puppet-tripleo/manifests/profile/base/nova/metadata.pp_(IaC)_'], ['puppet-tripleo/manifests/profile/base/keystone.pp_(IaC)_', 'puppet-tripleo/manifests/profile/base/database/mysql.pp_(IaC)_', 'puppet-tripleo/manifests/profile/base/ceilometer.pp_(IaC)_', 'puppet-tripleo/manifests/profile/base/aodh.pp_(IaC)_', 'puppet-tripleo/manifests/profile/base/glance/api.pp_(IaC)_', 'puppet-tripleo/manifests/profile/base/aodh/api.pp_(IaC)_', 'puppet-tripleo/manifests/profile/base/nova/metadata.pp_(IaC)_'], ['puppet-tripleo/manifests/profile/base/keystone.pp_(IaC)_', 'puppet-tripleo/manifests/profile/base/database/mysql.pp_(IaC)_', 'puppet-tripleo/manifests/profile/base/ceilometer.pp_(IaC)_', 'puppet-tripleo/manifests/profile/base/aodh.pp_(IaC)_', 'puppet-tripleo/manifests/profile/base/glance/api.pp_(IaC)_', 'puppet-tripleo/manifests/profile/base/aodh/api.pp_(IaC)_', 'puppet-tripleo/manifests/profile/base/nova/metadata.pp_(IaC)_']]","[['puppet-tripleo/manifests/haproxy/stats.pp_(IaC)_'], ['puppet-tripleo/spec/classes/tripleo_haproxy_spec.rb_(Other)_'], ['puppet-tripleo/manifests/haproxy/endpoint.pp_(IaC)_'], ['puppet-tripleo/releasenotes/notes/haproxy-remove-activate_httplog-87325732ab9ca721.yaml_(Other)_', 'puppet-tripleo/spec/classes/tripleo_haproxy_spec.rb_(Other)_'], ['puppet-tripleo/manifests/firewall.pp_(IaC)_', 'puppet-tripleo/manifests/firewall/post.pp_(IaC)_', 'puppet-tripleo/manifests/firewall/pre.pp_(IaC)_', 'puppet-tripleo/manifests/firewall/service_rules.pp_(IaC)_', 'puppet-tripleo/manifests/haproxy/endpoint.pp_(IaC)_', 'puppet-tripleo/manifests/haproxy/horizon_endpoint.pp_(IaC)_', 'puppet-tripleo/manifests/profile/base/haproxy.pp_(IaC)_', 'puppet-tripleo/spec/classes/tripleo_firewall_spec.rb_(Other)_', 'puppet-tripleo/spec/defines/tripleo_firewall_service_rules_spec.rb_(Other)_'], ['puppet-tripleo/manifests/haproxy/endpoint.pp_(IaC)_', 'puppet-tripleo/manifests/haproxy/horizon_endpoint.pp_(IaC)_', 'puppet-tripleo/manifests/haproxy/service_endpoints.pp_(IaC)_', 'puppet-tripleo/manifests/haproxy/stats.pp_(IaC)_'], ['puppet-tripleo/manifests/fencing.pp_(IaC)_', 'puppet-tripleo/manifests/haproxy/endpoint.pp_(IaC)_', 'puppet-tripleo/manifests/haproxy/horizon_endpoint.pp_(IaC)_', 'puppet-tripleo/manifests/profile/base/aodh/authtoken.pp_(IaC)_', 'puppet-tripleo/manifests/profile/base/apache.pp_(IaC)_', 'puppet-tripleo/manifests/profile/base/cinder.pp_(IaC)_', 'puppet-tripleo/manifests/profile/base/cinder/authtoken.pp_(IaC)_', 'puppet-tripleo/manifests/profile/base/cinder/volume/dellsc.pp_(IaC)_', 'puppet-tripleo/manifests/profile/base/cinder/volume/nvmeof.pp_(IaC)_', 'puppet-tripleo/manifests/profile/base/designate/authtoken.pp_(IaC)_', 'puppet-tripleo/manifests/profile/base/glance/authtoken.pp_(IaC)_', 'puppet-tripleo/manifests/profile/base/glance/backend/cinder.pp_(IaC)_', 'puppet-tripleo/manifests/profile/base/gnocchi/authtoken.pp_(IaC)_', 'puppet-tripleo/manifests/profile/base/heat.pp_(IaC)_', 'puppet-tripleo/manifests/profile/base/heat/authtoken.pp_(IaC)_', 'puppet-tripleo/manifests/profile/base/ironic/authtoken.pp_(IaC)_', 'puppet-tripleo/manifests/profile/base/ironic_inspector/authtoken.pp_(IaC)_', 'puppet-tripleo/manifests/profile/base/keystone.pp_(IaC)_', 'puppet-tripleo/manifests/profile/base/manila/authtoken.pp_(IaC)_', 'puppet-tripleo/manifests/profile/base/metrics/collectd.pp_(IaC)_', 'puppet-tripleo/manifests/profile/base/metrics/collectd/sensubility.pp_(IaC)_', 'puppet-tripleo/manifests/profile/base/metrics/qdr.pp_(IaC)_', 'puppet-tripleo/manifests/profile/base/neutron.pp_(IaC)_', 'puppet-tripleo/manifests/profile/base/neutron/authtoken.pp_(IaC)_', 'puppet-tripleo/manifests/profile/base/neutron/dhcp_agent_wrappers.pp_(IaC)_', 'puppet-tripleo/manifests/profile/base/neutron/l3_agent_wrappers.pp_(IaC)_', 'puppet-tripleo/manifests/profile/base/neutron/linuxbridge.pp_(IaC)_', 'puppet-tripleo/manifests/profile/base/neutron/ovn_metadata_agent_wrappers.pp_(IaC)_', 'puppet-tripleo/manifests/profile/base/nova.pp_(IaC)_', 'puppet-tripleo/manifests/profile/base/nova/api.pp_(IaC)_', 'puppet-tripleo/manifests/profile/base/nova/authtoken.pp_(IaC)_', 'puppet-tripleo/manifests/profile/base/nova/compute_libvirt_shared.pp_(IaC)_', 'puppet-tripleo/manifests/profile/base/nova/migration/client.pp_(IaC)_', 'puppet-tripleo/manifests/profile/base/octavia/authtoken.pp_(IaC)_', 'puppet-tripleo/manifests/profile/base/pacemaker.pp_(IaC)_', 'puppet-tripleo/manifests/profile/base/placement/authtoken.pp_(IaC)_', 'puppet-tripleo/manifests/profile/base/qdr.pp_(IaC)_', 'puppet-tripleo/manifests/profile/base/rabbitmq.pp_(IaC)_', 'puppet-tripleo/manifests/tls_proxy.pp_(IaC)_', 'puppet-tripleo/spec/classes/tripleo_profile_base_designate_central_spec.rb_(Other)_', 'puppet-tripleo/spec/classes/tripleo_profile_base_metrics_collectd_spec.rb_(Other)_', 'puppet-tripleo/spec/classes/tripleo_profile_base_nova_conductor_spec.rb_(Other)_', 'puppet-tripleo/spec/classes/tripleo_profile_base_octavia_api_spec.rb_(Other)_', 'puppet-tripleo/spec/classes/tripleo_profile_base_swift_proxy_spec.rb_(Other)_', 'puppet-tripleo/spec/fixtures/hieradata/default.yaml_(Other)_'], ['puppet-tripleo/manifests/profile/base/glance/api.pp_(IaC)_']]","['12f14d95bb1ea4bd78e96f1f350b4bf9e2d38c3a', 'c9ba6a26219dbee9e8fd168f2b76bf7602c00f30', 'd4afc29038916ef88c5cfdb67028b3ff6d7133fb', '8794022fcb72f0ca4c4a33675bbfba960c84e8f9', '373dee4156a628384c774abdbd65e890901d678c', '31b1caa15e2e0c807b90cd46133fe94a7ca1d8f3', 'c4890a2b0072367f1bc8f182f5285e4eb33f2e05', 'b3be1dc18c8284852905797d91b67d2dcd6a1a10']","[0.0, 0.0, 0.0, 0.0, 0.0, 0.0, 0.14285714285714285, 0.14285714285714285]","[0.0, 0.0, 0.0, 0.0, 0.0, 0.0, 0.022222222222222223, 1.0]","[0, 0, 0, 0, 0, 0, 0.038461538461538464, 0.25]","[0, 0, 0, 0, 0, 0, 1, 1]","[0, 0, 0, 0, 0, 0, 1.0, 0.2]"
"[7, 7, 7, 7, 7, 7, 7, 7]","[[228, 225, 235, 232, 301, 299, 293], [228, 225, 235, 232, 301, 299, 293], [228, 225, 235, 232, 301, 299, 293], [228, 225, 235, 232, 301, 299, 293], [228, 225, 235, 232, 301, 299, 293], [228, 225, 235, 232, 301, 299, 293], [228, 225, 235, 232, 301, 299, 293], [228, 225, 235, 232, 301, 299, 293]]","[['puppet-tripleo/manifests/profile/base/keystone.pp_(IaC)_', 'puppet-tripleo/manifests/profile/base/neutron.pp_(IaC)_', 'puppet-tripleo/manifests/profile/base/manila.pp_(IaC)_', 'puppet-tripleo/manifests/profile/base/horizon.pp_(IaC)_', 'puppet-tripleo/manifests/profile/base/aodh/api.pp_(IaC)_', 'puppet-tripleo/manifests/profile/base/heat/authtoken.pp_(IaC)_', 'puppet-tripleo/manifests/profile/base/gnocchi/api.pp_(IaC)_'], ['puppet-tripleo/manifests/profile/base/keystone.pp_(IaC)_', 'puppet-tripleo/manifests/profile/base/neutron.pp_(IaC)_', 'puppet-tripleo/manifests/profile/base/manila.pp_(IaC)_', 'puppet-tripleo/manifests/profile/base/horizon.pp_(IaC)_', 'puppet-tripleo/manifests/profile/base/aodh/api.pp_(IaC)_', 'puppet-tripleo/manifests/profile/base/heat/authtoken.pp_(IaC)_', 'puppet-tripleo/manifests/profile/base/gnocchi/api.pp_(IaC)_'], ['puppet-tripleo/manifests/profile/base/keystone.pp_(IaC)_', 'puppet-tripleo/manifests/profile/base/neutron.pp_(IaC)_', 'puppet-tripleo/manifests/profile/base/manila.pp_(IaC)_', 'puppet-tripleo/manifests/profile/base/horizon.pp_(IaC)_', 'puppet-tripleo/manifests/profile/base/aodh/api.pp_(IaC)_', 'puppet-tripleo/manifests/profile/base/heat/authtoken.pp_(IaC)_', 'puppet-tripleo/manifests/profile/base/gnocchi/api.pp_(IaC)_'], ['puppet-tripleo/manifests/profile/base/keystone.pp_(IaC)_', 'puppet-tripleo/manifests/profile/base/neutron.pp_(IaC)_', 'puppet-tripleo/manifests/profile/base/manila.pp_(IaC)_', 'puppet-tripleo/manifests/profile/base/horizon.pp_(IaC)_', 'puppet-tripleo/manifests/profile/base/aodh/api.pp_(IaC)_', 'puppet-tripleo/manifests/profile/base/heat/authtoken.pp_(IaC)_', 'puppet-tripleo/manifests/profile/base/gnocchi/api.pp_(IaC)_'], ['puppet-tripleo/manifests/profile/base/keystone.pp_(IaC)_', 'puppet-tripleo/manifests/profile/base/neutron.pp_(IaC)_', 'puppet-tripleo/manifests/profile/base/manila.pp_(IaC)_', 'puppet-tripleo/manifests/profile/base/horizon.pp_(IaC)_', 'puppet-tripleo/manifests/profile/base/aodh/api.pp_(IaC)_', 'puppet-tripleo/manifests/profile/base/heat/authtoken.pp_(IaC)_', 'puppet-tripleo/manifests/profile/base/gnocchi/api.pp_(IaC)_'], ['puppet-tripleo/manifests/profile/base/keystone.pp_(IaC)_', 'puppet-tripleo/manifests/profile/base/neutron.pp_(IaC)_', 'puppet-tripleo/manifests/profile/base/manila.pp_(IaC)_', 'puppet-tripleo/manifests/profile/base/horizon.pp_(IaC)_', 'puppet-tripleo/manifests/profile/base/aodh/api.pp_(IaC)_', 'puppet-tripleo/manifests/profile/base/heat/authtoken.pp_(IaC)_', 'puppet-tripleo/manifests/profile/base/gnocchi/api.pp_(IaC)_'], ['puppet-tripleo/manifests/profile/base/keystone.pp_(IaC)_', 'puppet-tripleo/manifests/profile/base/neutron.pp_(IaC)_', 'puppet-tripleo/manifests/profile/base/manila.pp_(IaC)_', 'puppet-tripleo/manifests/profile/base/horizon.pp_(IaC)_', 'puppet-tripleo/manifests/profile/base/aodh/api.pp_(IaC)_', 'puppet-tripleo/manifests/profile/base/heat/authtoken.pp_(IaC)_', 'puppet-tripleo/manifests/profile/base/gnocchi/api.pp_(IaC)_'], ['puppet-tripleo/manifests/profile/base/keystone.pp_(IaC)_', 'puppet-tripleo/manifests/profile/base/neutron.pp_(IaC)_', 'puppet-tripleo/manifests/profile/base/manila.pp_(IaC)_', 'puppet-tripleo/manifests/profile/base/horizon.pp_(IaC)_', 'puppet-tripleo/manifests/profile/base/aodh/api.pp_(IaC)_', 'puppet-tripleo/manifests/profile/base/heat/authtoken.pp_(IaC)_', 'puppet-tripleo/manifests/profile/base/gnocchi/api.pp_(IaC)_']]","[['puppet-tripleo/manifests/haproxy/stats.pp_(IaC)_'], ['puppet-tripleo/spec/classes/tripleo_haproxy_spec.rb_(Other)_'], ['puppet-tripleo/manifests/haproxy/endpoint.pp_(IaC)_'], ['puppet-tripleo/releasenotes/notes/haproxy-remove-activate_httplog-87325732ab9ca721.yaml_(Other)_', 'puppet-tripleo/spec/classes/tripleo_haproxy_spec.rb_(Other)_'], ['puppet-tripleo/manifests/firewall.pp_(IaC)_', 'puppet-tripleo/manifests/firewall/post.pp_(IaC)_', 'puppet-tripleo/manifests/firewall/pre.pp_(IaC)_', 'puppet-tripleo/manifests/firewall/service_rules.pp_(IaC)_', 'puppet-tripleo/manifests/haproxy/endpoint.pp_(IaC)_', 'puppet-tripleo/manifests/haproxy/horizon_endpoint.pp_(IaC)_', 'puppet-tripleo/manifests/profile/base/haproxy.pp_(IaC)_', 'puppet-tripleo/spec/classes/tripleo_firewall_spec.rb_(Other)_', 'puppet-tripleo/spec/defines/tripleo_firewall_service_rules_spec.rb_(Other)_'], ['puppet-tripleo/manifests/haproxy/endpoint.pp_(IaC)_', 'puppet-tripleo/manifests/haproxy/horizon_endpoint.pp_(IaC)_', 'puppet-tripleo/manifests/haproxy/service_endpoints.pp_(IaC)_', 'puppet-tripleo/manifests/haproxy/stats.pp_(IaC)_'], ['puppet-tripleo/manifests/fencing.pp_(IaC)_', 'puppet-tripleo/manifests/haproxy/endpoint.pp_(IaC)_', 'puppet-tripleo/manifests/haproxy/horizon_endpoint.pp_(IaC)_', 'puppet-tripleo/manifests/profile/base/aodh/authtoken.pp_(IaC)_', 'puppet-tripleo/manifests/profile/base/apache.pp_(IaC)_', 'puppet-tripleo/manifests/profile/base/cinder.pp_(IaC)_', 'puppet-tripleo/manifests/profile/base/cinder/authtoken.pp_(IaC)_', 'puppet-tripleo/manifests/profile/base/cinder/volume/dellsc.pp_(IaC)_', 'puppet-tripleo/manifests/profile/base/cinder/volume/nvmeof.pp_(IaC)_', 'puppet-tripleo/manifests/profile/base/designate/authtoken.pp_(IaC)_', 'puppet-tripleo/manifests/profile/base/glance/authtoken.pp_(IaC)_', 'puppet-tripleo/manifests/profile/base/glance/backend/cinder.pp_(IaC)_', 'puppet-tripleo/manifests/profile/base/gnocchi/authtoken.pp_(IaC)_', 'puppet-tripleo/manifests/profile/base/heat.pp_(IaC)_', 'puppet-tripleo/manifests/profile/base/heat/authtoken.pp_(IaC)_', 'puppet-tripleo/manifests/profile/base/ironic/authtoken.pp_(IaC)_', 'puppet-tripleo/manifests/profile/base/ironic_inspector/authtoken.pp_(IaC)_', 'puppet-tripleo/manifests/profile/base/keystone.pp_(IaC)_', 'puppet-tripleo/manifests/profile/base/manila/authtoken.pp_(IaC)_', 'puppet-tripleo/manifests/profile/base/metrics/collectd.pp_(IaC)_', 'puppet-tripleo/manifests/profile/base/metrics/collectd/sensubility.pp_(IaC)_', 'puppet-tripleo/manifests/profile/base/metrics/qdr.pp_(IaC)_', 'puppet-tripleo/manifests/profile/base/neutron.pp_(IaC)_', 'puppet-tripleo/manifests/profile/base/neutron/authtoken.pp_(IaC)_', 'puppet-tripleo/manifests/profile/base/neutron/dhcp_agent_wrappers.pp_(IaC)_', 'puppet-tripleo/manifests/profile/base/neutron/l3_agent_wrappers.pp_(IaC)_', 'puppet-tripleo/manifests/profile/base/neutron/linuxbridge.pp_(IaC)_', 'puppet-tripleo/manifests/profile/base/neutron/ovn_metadata_agent_wrappers.pp_(IaC)_', 'puppet-tripleo/manifests/profile/base/nova.pp_(IaC)_', 'puppet-tripleo/manifests/profile/base/nova/api.pp_(IaC)_', 'puppet-tripleo/manifests/profile/base/nova/authtoken.pp_(IaC)_', 'puppet-tripleo/manifests/profile/base/nova/compute_libvirt_shared.pp_(IaC)_', 'puppet-tripleo/manifests/profile/base/nova/migration/client.pp_(IaC)_', 'puppet-tripleo/manifests/profile/base/octavia/authtoken.pp_(IaC)_', 'puppet-tripleo/manifests/profile/base/pacemaker.pp_(IaC)_', 'puppet-tripleo/manifests/profile/base/placement/authtoken.pp_(IaC)_', 'puppet-tripleo/manifests/profile/base/qdr.pp_(IaC)_', 'puppet-tripleo/manifests/profile/base/rabbitmq.pp_(IaC)_', 'puppet-tripleo/manifests/tls_proxy.pp_(IaC)_', 'puppet-tripleo/spec/classes/tripleo_profile_base_designate_central_spec.rb_(Other)_', 'puppet-tripleo/spec/classes/tripleo_profile_base_metrics_collectd_spec.rb_(Other)_', 'puppet-tripleo/spec/classes/tripleo_profile_base_nova_conductor_spec.rb_(Other)_', 'puppet-tripleo/spec/classes/tripleo_profile_base_octavia_api_spec.rb_(Other)_', 'puppet-tripleo/spec/classes/tripleo_profile_base_swift_proxy_spec.rb_(Other)_', 'puppet-tripleo/spec/fixtures/hieradata/default.yaml_(Other)_'], ['puppet-tripleo/manifests/profile/base/glance/api.pp_(IaC)_']]","['12f14d95bb1ea4bd78e96f1f350b4bf9e2d38c3a', 'c9ba6a26219dbee9e8fd168f2b76bf7602c00f30', 'd4afc29038916ef88c5cfdb67028b3ff6d7133fb', '8794022fcb72f0ca4c4a33675bbfba960c84e8f9', '373dee4156a628384c774abdbd65e890901d678c', '31b1caa15e2e0c807b90cd46133fe94a7ca1d8f3', 'c4890a2b0072367f1bc8f182f5285e4eb33f2e05', 'b3be1dc18c8284852905797d91b67d2dcd6a1a10']","[0.0, 0.0, 0.0, 0.0, 0.0, 0.0, 0.42857142857142855, 0.0]","[0.0, 0.0, 0.0, 0.0, 0.0, 0.0, 0.06666666666666667, 0.0]","[0, 0, 0, 0, 0, 0, 0.11538461538461539, 0]","[0, 0, 0, 0, 0, 0, 1, 0]","[0, 0, 0, 0, 0, 0, 1.0, 0]"
"[7, 7, 7, 7, 7, 7, 7, 7]","[[228, 403, 235, 232, 392, 226, 325], [228, 403, 235, 232, 392, 226, 325], [228, 403, 235, 232, 392, 226, 325], [228, 403, 235, 232, 392, 226, 325], [228, 403, 235, 232, 392, 226, 325], [228, 403, 235, 232, 392, 226, 325], [228, 403, 235, 232, 392, 226, 325], [228, 403, 235, 232, 392, 226, 325]]","[['puppet-tripleo/manifests/profile/base/keystone.pp_(IaC)_', 'puppet-tripleo/manifests/haproxy/horizon_endpoint.pp_(IaC)_', 'puppet-tripleo/manifests/profile/base/manila.pp_(IaC)_', 'puppet-tripleo/manifests/profile/base/horizon.pp_(IaC)_', 'puppet-tripleo/manifests/profile/base/glance/authtoken.pp_(IaC)_', 'puppet-tripleo/manifests/profile/base/octavia.pp_(IaC)_', 'puppet-tripleo/manifests/profile/base/designate/authtoken.pp_(IaC)_'], ['puppet-tripleo/manifests/profile/base/keystone.pp_(IaC)_', 'puppet-tripleo/manifests/haproxy/horizon_endpoint.pp_(IaC)_', 'puppet-tripleo/manifests/profile/base/manila.pp_(IaC)_', 'puppet-tripleo/manifests/profile/base/horizon.pp_(IaC)_', 'puppet-tripleo/manifests/profile/base/glance/authtoken.pp_(IaC)_', 'puppet-tripleo/manifests/profile/base/octavia.pp_(IaC)_', 'puppet-tripleo/manifests/profile/base/designate/authtoken.pp_(IaC)_'], ['puppet-tripleo/manifests/profile/base/keystone.pp_(IaC)_', 'puppet-tripleo/manifests/haproxy/horizon_endpoint.pp_(IaC)_', 'puppet-tripleo/manifests/profile/base/manila.pp_(IaC)_', 'puppet-tripleo/manifests/profile/base/horizon.pp_(IaC)_', 'puppet-tripleo/manifests/profile/base/glance/authtoken.pp_(IaC)_', 'puppet-tripleo/manifests/profile/base/octavia.pp_(IaC)_', 'puppet-tripleo/manifests/profile/base/designate/authtoken.pp_(IaC)_'], ['puppet-tripleo/manifests/profile/base/keystone.pp_(IaC)_', 'puppet-tripleo/manifests/haproxy/horizon_endpoint.pp_(IaC)_', 'puppet-tripleo/manifests/profile/base/manila.pp_(IaC)_', 'puppet-tripleo/manifests/profile/base/horizon.pp_(IaC)_', 'puppet-tripleo/manifests/profile/base/glance/authtoken.pp_(IaC)_', 'puppet-tripleo/manifests/profile/base/octavia.pp_(IaC)_', 'puppet-tripleo/manifests/profile/base/designate/authtoken.pp_(IaC)_'], ['puppet-tripleo/manifests/profile/base/keystone.pp_(IaC)_', 'puppet-tripleo/manifests/haproxy/horizon_endpoint.pp_(IaC)_', 'puppet-tripleo/manifests/profile/base/manila.pp_(IaC)_', 'puppet-tripleo/manifests/profile/base/horizon.pp_(IaC)_', 'puppet-tripleo/manifests/profile/base/glance/authtoken.pp_(IaC)_', 'puppet-tripleo/manifests/profile/base/octavia.pp_(IaC)_', 'puppet-tripleo/manifests/profile/base/designate/authtoken.pp_(IaC)_'], ['puppet-tripleo/manifests/profile/base/keystone.pp_(IaC)_', 'puppet-tripleo/manifests/haproxy/horizon_endpoint.pp_(IaC)_', 'puppet-tripleo/manifests/profile/base/manila.pp_(IaC)_', 'puppet-tripleo/manifests/profile/base/horizon.pp_(IaC)_', 'puppet-tripleo/manifests/profile/base/glance/authtoken.pp_(IaC)_', 'puppet-tripleo/manifests/profile/base/octavia.pp_(IaC)_', 'puppet-tripleo/manifests/profile/base/designate/authtoken.pp_(IaC)_'], ['puppet-tripleo/manifests/profile/base/keystone.pp_(IaC)_', 'puppet-tripleo/manifests/haproxy/horizon_endpoint.pp_(IaC)_', 'puppet-tripleo/manifests/profile/base/manila.pp_(IaC)_', 'puppet-tripleo/manifests/profile/base/horizon.pp_(IaC)_', 'puppet-tripleo/manifests/profile/base/glance/authtoken.pp_(IaC)_', 'puppet-tripleo/manifests/profile/base/octavia.pp_(IaC)_', 'puppet-tripleo/manifests/profile/base/designate/authtoken.pp_(IaC)_'], ['puppet-tripleo/manifests/profile/base/keystone.pp_(IaC)_', 'puppet-tripleo/manifests/haproxy/horizon_endpoint.pp_(IaC)_', 'puppet-tripleo/manifests/profile/base/manila.pp_(IaC)_', 'puppet-tripleo/manifests/profile/base/horizon.pp_(IaC)_', 'puppet-tripleo/manifests/profile/base/glance/authtoken.pp_(IaC)_', 'puppet-tripleo/manifests/profile/base/octavia.pp_(IaC)_', 'puppet-tripleo/manifests/profile/base/designate/authtoken.pp_(IaC)_']]","[['puppet-tripleo/manifests/haproxy/stats.pp_(IaC)_'], ['puppet-tripleo/spec/classes/tripleo_haproxy_spec.rb_(Other)_'], ['puppet-tripleo/manifests/haproxy/endpoint.pp_(IaC)_'], ['puppet-tripleo/releasenotes/notes/haproxy-remove-activate_httplog-87325732ab9ca721.yaml_(Other)_', 'puppet-tripleo/spec/classes/tripleo_haproxy_spec.rb_(Other)_'], ['puppet-tripleo/manifests/firewall.pp_(IaC)_', 'puppet-tripleo/manifests/firewall/post.pp_(IaC)_', 'puppet-tripleo/manifests/firewall/pre.pp_(IaC)_', 'puppet-tripleo/manifests/firewall/service_rules.pp_(IaC)_', 'puppet-tripleo/manifests/haproxy/endpoint.pp_(IaC)_', 'puppet-tripleo/manifests/haproxy/horizon_endpoint.pp_(IaC)_', 'puppet-tripleo/manifests/profile/base/haproxy.pp_(IaC)_', 'puppet-tripleo/spec/classes/tripleo_firewall_spec.rb_(Other)_', 'puppet-tripleo/spec/defines/tripleo_firewall_service_rules_spec.rb_(Other)_'], ['puppet-tripleo/manifests/haproxy/endpoint.pp_(IaC)_', 'puppet-tripleo/manifests/haproxy/horizon_endpoint.pp_(IaC)_', 'puppet-tripleo/manifests/haproxy/service_endpoints.pp_(IaC)_', 'puppet-tripleo/manifests/haproxy/stats.pp_(IaC)_'], ['puppet-tripleo/manifests/fencing.pp_(IaC)_', 'puppet-tripleo/manifests/haproxy/endpoint.pp_(IaC)_', 'puppet-tripleo/manifests/haproxy/horizon_endpoint.pp_(IaC)_', 'puppet-tripleo/manifests/profile/base/aodh/authtoken.pp_(IaC)_', 'puppet-tripleo/manifests/profile/base/apache.pp_(IaC)_', 'puppet-tripleo/manifests/profile/base/cinder.pp_(IaC)_', 'puppet-tripleo/manifests/profile/base/cinder/authtoken.pp_(IaC)_', 'puppet-tripleo/manifests/profile/base/cinder/volume/dellsc.pp_(IaC)_', 'puppet-tripleo/manifests/profile/base/cinder/volume/nvmeof.pp_(IaC)_', 'puppet-tripleo/manifests/profile/base/designate/authtoken.pp_(IaC)_', 'puppet-tripleo/manifests/profile/base/glance/authtoken.pp_(IaC)_', 'puppet-tripleo/manifests/profile/base/glance/backend/cinder.pp_(IaC)_', 'puppet-tripleo/manifests/profile/base/gnocchi/authtoken.pp_(IaC)_', 'puppet-tripleo/manifests/profile/base/heat.pp_(IaC)_', 'puppet-tripleo/manifests/profile/base/heat/authtoken.pp_(IaC)_', 'puppet-tripleo/manifests/profile/base/ironic/authtoken.pp_(IaC)_', 'puppet-tripleo/manifests/profile/base/ironic_inspector/authtoken.pp_(IaC)_', 'puppet-tripleo/manifests/profile/base/keystone.pp_(IaC)_', 'puppet-tripleo/manifests/profile/base/manila/authtoken.pp_(IaC)_', 'puppet-tripleo/manifests/profile/base/metrics/collectd.pp_(IaC)_', 'puppet-tripleo/manifests/profile/base/metrics/collectd/sensubility.pp_(IaC)_', 'puppet-tripleo/manifests/profile/base/metrics/qdr.pp_(IaC)_', 'puppet-tripleo/manifests/profile/base/neutron.pp_(IaC)_', 'puppet-tripleo/manifests/profile/base/neutron/authtoken.pp_(IaC)_', 'puppet-tripleo/manifests/profile/base/neutron/dhcp_agent_wrappers.pp_(IaC)_', 'puppet-tripleo/manifests/profile/base/neutron/l3_agent_wrappers.pp_(IaC)_', 'puppet-tripleo/manifests/profile/base/neutron/linuxbridge.pp_(IaC)_', 'puppet-tripleo/manifests/profile/base/neutron/ovn_metadata_agent_wrappers.pp_(IaC)_', 'puppet-tripleo/manifests/profile/base/nova.pp_(IaC)_', 'puppet-tripleo/manifests/profile/base/nova/api.pp_(IaC)_', 'puppet-tripleo/manifests/profile/base/nova/authtoken.pp_(IaC)_', 'puppet-tripleo/manifests/profile/base/nova/compute_libvirt_shared.pp_(IaC)_', 'puppet-tripleo/manifests/profile/base/nova/migration/client.pp_(IaC)_', 'puppet-tripleo/manifests/profile/base/octavia/authtoken.pp_(IaC)_', 'puppet-tripleo/manifests/profile/base/pacemaker.pp_(IaC)_', 'puppet-tripleo/manifests/profile/base/placement/authtoken.pp_(IaC)_', 'puppet-tripleo/manifests/profile/base/qdr.pp_(IaC)_', 'puppet-tripleo/manifests/profile/base/rabbitmq.pp_(IaC)_', 'puppet-tripleo/manifests/tls_proxy.pp_(IaC)_', 'puppet-tripleo/spec/classes/tripleo_profile_base_designate_central_spec.rb_(Other)_', 'puppet-tripleo/spec/classes/tripleo_profile_base_metrics_collectd_spec.rb_(Other)_', 'puppet-tripleo/spec/classes/tripleo_profile_base_nova_conductor_spec.rb_(Other)_', 'puppet-tripleo/spec/classes/tripleo_profile_base_octavia_api_spec.rb_(Other)_', 'puppet-tripleo/spec/classes/tripleo_profile_base_swift_proxy_spec.rb_(Other)_', 'puppet-tripleo/spec/fixtures/hieradata/default.yaml_(Other)_'], ['puppet-tripleo/manifests/profile/base/glance/api.pp_(IaC)_']]","['12f14d95bb1ea4bd78e96f1f350b4bf9e2d38c3a', 'c9ba6a26219dbee9e8fd168f2b76bf7602c00f30', 'd4afc29038916ef88c5cfdb67028b3ff6d7133fb', '8794022fcb72f0ca4c4a33675bbfba960c84e8f9', '373dee4156a628384c774abdbd65e890901d678c', '31b1caa15e2e0c807b90cd46133fe94a7ca1d8f3', 'c4890a2b0072367f1bc8f182f5285e4eb33f2e05', 'b3be1dc18c8284852905797d91b67d2dcd6a1a10']","[0.0, 0.0, 0.0, 0.0, 0.14285714285714285, 0.14285714285714285, 0.5714285714285714, 0.0]","[0.0, 0.0, 0.0, 0.0, 0.1111111111111111, 0.25, 0.08888888888888889, 0.0]","[0, 0, 0, 0, 0.125, 0.18181818181818182, 0.15384615384615385, 0]","[0, 0, 0, 0, 1, 1, 1, 0]","[0, 0, 0, 0, 0.5, 0.5, 1.0, 0]"
"[7, 7, 7, 7, 7, 7, 7, 7]","[[287, 249, 233, 401, 306, 384, 317], [287, 249, 233, 401, 306, 384, 317], [287, 249, 233, 401, 306, 384, 317], [287, 249, 233, 401, 306, 384, 317], [287, 249, 233, 401, 306, 384, 317], [287, 249, 233, 401, 306, 384, 317], [287, 249, 233, 401, 306, 384, 317], [287, 249, 233, 401, 306, 384, 317]]","[['puppet-tripleo/manifests/profile/base/database/mysql.pp_(IaC)_', 'puppet-tripleo/manifests/profile/base/ceilometer.pp_(IaC)_', 'puppet-tripleo/manifests/profile/base/ironic.pp_(IaC)_', 'puppet-tripleo/manifests/profile/base/placement/authtoken.pp_(IaC)_', 'puppet-tripleo/manifests/profile/base/manila/share.pp_(IaC)_', 'puppet-tripleo/manifests/profile/base/ironic/authtoken.pp_(IaC)_', 'puppet-tripleo/manifests/profile/base/barbican/authtoken.pp_(IaC)_'], ['puppet-tripleo/manifests/profile/base/database/mysql.pp_(IaC)_', 'puppet-tripleo/manifests/profile/base/ceilometer.pp_(IaC)_', 'puppet-tripleo/manifests/profile/base/ironic.pp_(IaC)_', 'puppet-tripleo/manifests/profile/base/placement/authtoken.pp_(IaC)_', 'puppet-tripleo/manifests/profile/base/manila/share.pp_(IaC)_', 'puppet-tripleo/manifests/profile/base/ironic/authtoken.pp_(IaC)_', 'puppet-tripleo/manifests/profile/base/barbican/authtoken.pp_(IaC)_'], ['puppet-tripleo/manifests/profile/base/database/mysql.pp_(IaC)_', 'puppet-tripleo/manifests/profile/base/ceilometer.pp_(IaC)_', 'puppet-tripleo/manifests/profile/base/ironic.pp_(IaC)_', 'puppet-tripleo/manifests/profile/base/placement/authtoken.pp_(IaC)_', 'puppet-tripleo/manifests/profile/base/manila/share.pp_(IaC)_', 'puppet-tripleo/manifests/profile/base/ironic/authtoken.pp_(IaC)_', 'puppet-tripleo/manifests/profile/base/barbican/authtoken.pp_(IaC)_'], ['puppet-tripleo/manifests/profile/base/database/mysql.pp_(IaC)_', 'puppet-tripleo/manifests/profile/base/ceilometer.pp_(IaC)_', 'puppet-tripleo/manifests/profile/base/ironic.pp_(IaC)_', 'puppet-tripleo/manifests/profile/base/placement/authtoken.pp_(IaC)_', 'puppet-tripleo/manifests/profile/base/manila/share.pp_(IaC)_', 'puppet-tripleo/manifests/profile/base/ironic/authtoken.pp_(IaC)_', 'puppet-tripleo/manifests/profile/base/barbican/authtoken.pp_(IaC)_'], ['puppet-tripleo/manifests/profile/base/database/mysql.pp_(IaC)_', 'puppet-tripleo/manifests/profile/base/ceilometer.pp_(IaC)_', 'puppet-tripleo/manifests/profile/base/ironic.pp_(IaC)_', 'puppet-tripleo/manifests/profile/base/placement/authtoken.pp_(IaC)_', 'puppet-tripleo/manifests/profile/base/manila/share.pp_(IaC)_', 'puppet-tripleo/manifests/profile/base/ironic/authtoken.pp_(IaC)_', 'puppet-tripleo/manifests/profile/base/barbican/authtoken.pp_(IaC)_'], ['puppet-tripleo/manifests/profile/base/database/mysql.pp_(IaC)_', 'puppet-tripleo/manifests/profile/base/ceilometer.pp_(IaC)_', 'puppet-tripleo/manifests/profile/base/ironic.pp_(IaC)_', 'puppet-tripleo/manifests/profile/base/placement/authtoken.pp_(IaC)_', 'puppet-tripleo/manifests/profile/base/manila/share.pp_(IaC)_', 'puppet-tripleo/manifests/profile/base/ironic/authtoken.pp_(IaC)_', 'puppet-tripleo/manifests/profile/base/barbican/authtoken.pp_(IaC)_'], ['puppet-tripleo/manifests/profile/base/database/mysql.pp_(IaC)_', 'puppet-tripleo/manifests/profile/base/ceilometer.pp_(IaC)_', 'puppet-tripleo/manifests/profile/base/ironic.pp_(IaC)_', 'puppet-tripleo/manifests/profile/base/placement/authtoken.pp_(IaC)_', 'puppet-tripleo/manifests/profile/base/manila/share.pp_(IaC)_', 'puppet-tripleo/manifests/profile/base/ironic/authtoken.pp_(IaC)_', 'puppet-tripleo/manifests/profile/base/barbican/authtoken.pp_(IaC)_'], ['puppet-tripleo/manifests/profile/base/database/mysql.pp_(IaC)_', 'puppet-tripleo/manifests/profile/base/ceilometer.pp_(IaC)_', 'puppet-tripleo/manifests/profile/base/ironic.pp_(IaC)_', 'puppet-tripleo/manifests/profile/base/placement/authtoken.pp_(IaC)_', 'puppet-tripleo/manifests/profile/base/manila/share.pp_(IaC)_', 'puppet-tripleo/manifests/profile/base/ironic/authtoken.pp_(IaC)_', 'puppet-tripleo/manifests/profile/base/barbican/authtoken.pp_(IaC)_']]","[['puppet-tripleo/manifests/haproxy/stats.pp_(IaC)_'], ['puppet-tripleo/spec/classes/tripleo_haproxy_spec.rb_(Other)_'], ['puppet-tripleo/manifests/haproxy/endpoint.pp_(IaC)_'], ['puppet-tripleo/releasenotes/notes/haproxy-remove-activate_httplog-87325732ab9ca721.yaml_(Other)_', 'puppet-tripleo/spec/classes/tripleo_haproxy_spec.rb_(Other)_'], ['puppet-tripleo/manifests/firewall.pp_(IaC)_', 'puppet-tripleo/manifests/firewall/post.pp_(IaC)_', 'puppet-tripleo/manifests/firewall/pre.pp_(IaC)_', 'puppet-tripleo/manifests/firewall/service_rules.pp_(IaC)_', 'puppet-tripleo/manifests/haproxy/endpoint.pp_(IaC)_', 'puppet-tripleo/manifests/haproxy/horizon_endpoint.pp_(IaC)_', 'puppet-tripleo/manifests/profile/base/haproxy.pp_(IaC)_', 'puppet-tripleo/spec/classes/tripleo_firewall_spec.rb_(Other)_', 'puppet-tripleo/spec/defines/tripleo_firewall_service_rules_spec.rb_(Other)_'], ['puppet-tripleo/manifests/haproxy/endpoint.pp_(IaC)_', 'puppet-tripleo/manifests/haproxy/horizon_endpoint.pp_(IaC)_', 'puppet-tripleo/manifests/haproxy/service_endpoints.pp_(IaC)_', 'puppet-tripleo/manifests/haproxy/stats.pp_(IaC)_'], ['puppet-tripleo/manifests/fencing.pp_(IaC)_', 'puppet-tripleo/manifests/haproxy/endpoint.pp_(IaC)_', 'puppet-tripleo/manifests/haproxy/horizon_endpoint.pp_(IaC)_', 'puppet-tripleo/manifests/profile/base/aodh/authtoken.pp_(IaC)_', 'puppet-tripleo/manifests/profile/base/apache.pp_(IaC)_', 'puppet-tripleo/manifests/profile/base/cinder.pp_(IaC)_', 'puppet-tripleo/manifests/profile/base/cinder/authtoken.pp_(IaC)_', 'puppet-tripleo/manifests/profile/base/cinder/volume/dellsc.pp_(IaC)_', 'puppet-tripleo/manifests/profile/base/cinder/volume/nvmeof.pp_(IaC)_', 'puppet-tripleo/manifests/profile/base/designate/authtoken.pp_(IaC)_', 'puppet-tripleo/manifests/profile/base/glance/authtoken.pp_(IaC)_', 'puppet-tripleo/manifests/profile/base/glance/backend/cinder.pp_(IaC)_', 'puppet-tripleo/manifests/profile/base/gnocchi/authtoken.pp_(IaC)_', 'puppet-tripleo/manifests/profile/base/heat.pp_(IaC)_', 'puppet-tripleo/manifests/profile/base/heat/authtoken.pp_(IaC)_', 'puppet-tripleo/manifests/profile/base/ironic/authtoken.pp_(IaC)_', 'puppet-tripleo/manifests/profile/base/ironic_inspector/authtoken.pp_(IaC)_', 'puppet-tripleo/manifests/profile/base/keystone.pp_(IaC)_', 'puppet-tripleo/manifests/profile/base/manila/authtoken.pp_(IaC)_', 'puppet-tripleo/manifests/profile/base/metrics/collectd.pp_(IaC)_', 'puppet-tripleo/manifests/profile/base/metrics/collectd/sensubility.pp_(IaC)_', 'puppet-tripleo/manifests/profile/base/metrics/qdr.pp_(IaC)_', 'puppet-tripleo/manifests/profile/base/neutron.pp_(IaC)_', 'puppet-tripleo/manifests/profile/base/neutron/authtoken.pp_(IaC)_', 'puppet-tripleo/manifests/profile/base/neutron/dhcp_agent_wrappers.pp_(IaC)_', 'puppet-tripleo/manifests/profile/base/neutron/l3_agent_wrappers.pp_(IaC)_', 'puppet-tripleo/manifests/profile/base/neutron/linuxbridge.pp_(IaC)_', 'puppet-tripleo/manifests/profile/base/neutron/ovn_metadata_agent_wrappers.pp_(IaC)_', 'puppet-tripleo/manifests/profile/base/nova.pp_(IaC)_', 'puppet-tripleo/manifests/profile/base/nova/api.pp_(IaC)_', 'puppet-tripleo/manifests/profile/base/nova/authtoken.pp_(IaC)_', 'puppet-tripleo/manifests/profile/base/nova/compute_libvirt_shared.pp_(IaC)_', 'puppet-tripleo/manifests/profile/base/nova/migration/client.pp_(IaC)_', 'puppet-tripleo/manifests/profile/base/octavia/authtoken.pp_(IaC)_', 'puppet-tripleo/manifests/profile/base/pacemaker.pp_(IaC)_', 'puppet-tripleo/manifests/profile/base/placement/authtoken.pp_(IaC)_', 'puppet-tripleo/manifests/profile/base/qdr.pp_(IaC)_', 'puppet-tripleo/manifests/profile/base/rabbitmq.pp_(IaC)_', 'puppet-tripleo/manifests/tls_proxy.pp_(IaC)_', 'puppet-tripleo/spec/classes/tripleo_profile_base_designate_central_spec.rb_(Other)_', 'puppet-tripleo/spec/classes/tripleo_profile_base_metrics_collectd_spec.rb_(Other)_', 'puppet-tripleo/spec/classes/tripleo_profile_base_nova_conductor_spec.rb_(Other)_', 'puppet-tripleo/spec/classes/tripleo_profile_base_octavia_api_spec.rb_(Other)_', 'puppet-tripleo/spec/classes/tripleo_profile_base_swift_proxy_spec.rb_(Other)_', 'puppet-tripleo/spec/fixtures/hieradata/default.yaml_(Other)_'], ['puppet-tripleo/manifests/profile/base/glance/api.pp_(IaC)_']]","['12f14d95bb1ea4bd78e96f1f350b4bf9e2d38c3a', 'c9ba6a26219dbee9e8fd168f2b76bf7602c00f30', 'd4afc29038916ef88c5cfdb67028b3ff6d7133fb', '8794022fcb72f0ca4c4a33675bbfba960c84e8f9', '373dee4156a628384c774abdbd65e890901d678c', '31b1caa15e2e0c807b90cd46133fe94a7ca1d8f3', 'c4890a2b0072367f1bc8f182f5285e4eb33f2e05', 'b3be1dc18c8284852905797d91b67d2dcd6a1a10']","[0.0, 0.0, 0.0, 0.0, 0.0, 0.0, 0.2857142857142857, 0.0]","[0.0, 0.0, 0.0, 0.0, 0.0, 0.0, 0.044444444444444446, 0.0]","[0, 0, 0, 0, 0, 0, 0.07692307692307693, 0]","[0, 0, 0, 0, 0, 0, 1, 0]","[0, 0, 0, 0, 0, 0, 0.25, 0]"
"[7, 7, 7, 7, 7, 7, 7, 7]","[[316, 227, 391, 232, 334, 236, 265], [316, 227, 391, 232, 334, 236, 265], [316, 227, 391, 232, 334, 236, 265], [316, 227, 391, 232, 334, 236, 265], [316, 227, 391, 232, 334, 236, 265], [316, 227, 391, 232, 334, 236, 265], [316, 227, 391, 232, 334, 236, 265], [316, 227, 391, 232, 334, 236, 265]]","[['puppet-tripleo/manifests/profile/base/barbican/api.pp_(IaC)_', 'puppet-tripleo/manifests/profile/base/heat.pp_(IaC)_', 'puppet-tripleo/manifests/profile/base/glance/api.pp_(IaC)_', 'puppet-tripleo/manifests/profile/base/horizon.pp_(IaC)_', 'puppet-tripleo/manifests/profile/base/nova/authtoken.pp_(IaC)_', 'puppet-tripleo/manifests/profile/base/haproxy.pp_(IaC)_', 'puppet-tripleo/manifests/profile/base/cinder/volume/netapp.pp_(IaC)_'], ['puppet-tripleo/manifests/profile/base/barbican/api.pp_(IaC)_', 'puppet-tripleo/manifests/profile/base/heat.pp_(IaC)_', 'puppet-tripleo/manifests/profile/base/glance/api.pp_(IaC)_', 'puppet-tripleo/manifests/profile/base/horizon.pp_(IaC)_', 'puppet-tripleo/manifests/profile/base/nova/authtoken.pp_(IaC)_', 'puppet-tripleo/manifests/profile/base/haproxy.pp_(IaC)_', 'puppet-tripleo/manifests/profile/base/cinder/volume/netapp.pp_(IaC)_'], ['puppet-tripleo/manifests/profile/base/barbican/api.pp_(IaC)_', 'puppet-tripleo/manifests/profile/base/heat.pp_(IaC)_', 'puppet-tripleo/manifests/profile/base/glance/api.pp_(IaC)_', 'puppet-tripleo/manifests/profile/base/horizon.pp_(IaC)_', 'puppet-tripleo/manifests/profile/base/nova/authtoken.pp_(IaC)_', 'puppet-tripleo/manifests/profile/base/haproxy.pp_(IaC)_', 'puppet-tripleo/manifests/profile/base/cinder/volume/netapp.pp_(IaC)_'], ['puppet-tripleo/manifests/profile/base/barbican/api.pp_(IaC)_', 'puppet-tripleo/manifests/profile/base/heat.pp_(IaC)_', 'puppet-tripleo/manifests/profile/base/glance/api.pp_(IaC)_', 'puppet-tripleo/manifests/profile/base/horizon.pp_(IaC)_', 'puppet-tripleo/manifests/profile/base/nova/authtoken.pp_(IaC)_', 'puppet-tripleo/manifests/profile/base/haproxy.pp_(IaC)_', 'puppet-tripleo/manifests/profile/base/cinder/volume/netapp.pp_(IaC)_'], ['puppet-tripleo/manifests/profile/base/barbican/api.pp_(IaC)_', 'puppet-tripleo/manifests/profile/base/heat.pp_(IaC)_', 'puppet-tripleo/manifests/profile/base/glance/api.pp_(IaC)_', 'puppet-tripleo/manifests/profile/base/horizon.pp_(IaC)_', 'puppet-tripleo/manifests/profile/base/nova/authtoken.pp_(IaC)_', 'puppet-tripleo/manifests/profile/base/haproxy.pp_(IaC)_', 'puppet-tripleo/manifests/profile/base/cinder/volume/netapp.pp_(IaC)_'], ['puppet-tripleo/manifests/profile/base/barbican/api.pp_(IaC)_', 'puppet-tripleo/manifests/profile/base/heat.pp_(IaC)_', 'puppet-tripleo/manifests/profile/base/glance/api.pp_(IaC)_', 'puppet-tripleo/manifests/profile/base/horizon.pp_(IaC)_', 'puppet-tripleo/manifests/profile/base/nova/authtoken.pp_(IaC)_', 'puppet-tripleo/manifests/profile/base/haproxy.pp_(IaC)_', 'puppet-tripleo/manifests/profile/base/cinder/volume/netapp.pp_(IaC)_'], ['puppet-tripleo/manifests/profile/base/barbican/api.pp_(IaC)_', 'puppet-tripleo/manifests/profile/base/heat.pp_(IaC)_', 'puppet-tripleo/manifests/profile/base/glance/api.pp_(IaC)_', 'puppet-tripleo/manifests/profile/base/horizon.pp_(IaC)_', 'puppet-tripleo/manifests/profile/base/nova/authtoken.pp_(IaC)_', 'puppet-tripleo/manifests/profile/base/haproxy.pp_(IaC)_', 'puppet-tripleo/manifests/profile/base/cinder/volume/netapp.pp_(IaC)_'], ['puppet-tripleo/manifests/profile/base/barbican/api.pp_(IaC)_', 'puppet-tripleo/manifests/profile/base/heat.pp_(IaC)_', 'puppet-tripleo/manifests/profile/base/glance/api.pp_(IaC)_', 'puppet-tripleo/manifests/profile/base/horizon.pp_(IaC)_', 'puppet-tripleo/manifests/profile/base/nova/authtoken.pp_(IaC)_', 'puppet-tripleo/manifests/profile/base/haproxy.pp_(IaC)_', 'puppet-tripleo/manifests/profile/base/cinder/volume/netapp.pp_(IaC)_']]","[['puppet-tripleo/manifests/haproxy/stats.pp_(IaC)_'], ['puppet-tripleo/spec/classes/tripleo_haproxy_spec.rb_(Other)_'], ['puppet-tripleo/manifests/haproxy/endpoint.pp_(IaC)_'], ['puppet-tripleo/releasenotes/notes/haproxy-remove-activate_httplog-87325732ab9ca721.yaml_(Other)_', 'puppet-tripleo/spec/classes/tripleo_haproxy_spec.rb_(Other)_'], ['puppet-tripleo/manifests/firewall.pp_(IaC)_', 'puppet-tripleo/manifests/firewall/post.pp_(IaC)_', 'puppet-tripleo/manifests/firewall/pre.pp_(IaC)_', 'puppet-tripleo/manifests/firewall/service_rules.pp_(IaC)_', 'puppet-tripleo/manifests/haproxy/endpoint.pp_(IaC)_', 'puppet-tripleo/manifests/haproxy/horizon_endpoint.pp_(IaC)_', 'puppet-tripleo/manifests/profile/base/haproxy.pp_(IaC)_', 'puppet-tripleo/spec/classes/tripleo_firewall_spec.rb_(Other)_', 'puppet-tripleo/spec/defines/tripleo_firewall_service_rules_spec.rb_(Other)_'], ['puppet-tripleo/manifests/haproxy/endpoint.pp_(IaC)_', 'puppet-tripleo/manifests/haproxy/horizon_endpoint.pp_(IaC)_', 'puppet-tripleo/manifests/haproxy/service_endpoints.pp_(IaC)_', 'puppet-tripleo/manifests/haproxy/stats.pp_(IaC)_'], ['puppet-tripleo/manifests/fencing.pp_(IaC)_', 'puppet-tripleo/manifests/haproxy/endpoint.pp_(IaC)_', 'puppet-tripleo/manifests/haproxy/horizon_endpoint.pp_(IaC)_', 'puppet-tripleo/manifests/profile/base/aodh/authtoken.pp_(IaC)_', 'puppet-tripleo/manifests/profile/base/apache.pp_(IaC)_', 'puppet-tripleo/manifests/profile/base/cinder.pp_(IaC)_', 'puppet-tripleo/manifests/profile/base/cinder/authtoken.pp_(IaC)_', 'puppet-tripleo/manifests/profile/base/cinder/volume/dellsc.pp_(IaC)_', 'puppet-tripleo/manifests/profile/base/cinder/volume/nvmeof.pp_(IaC)_', 'puppet-tripleo/manifests/profile/base/designate/authtoken.pp_(IaC)_', 'puppet-tripleo/manifests/profile/base/glance/authtoken.pp_(IaC)_', 'puppet-tripleo/manifests/profile/base/glance/backend/cinder.pp_(IaC)_', 'puppet-tripleo/manifests/profile/base/gnocchi/authtoken.pp_(IaC)_', 'puppet-tripleo/manifests/profile/base/heat.pp_(IaC)_', 'puppet-tripleo/manifests/profile/base/heat/authtoken.pp_(IaC)_', 'puppet-tripleo/manifests/profile/base/ironic/authtoken.pp_(IaC)_', 'puppet-tripleo/manifests/profile/base/ironic_inspector/authtoken.pp_(IaC)_', 'puppet-tripleo/manifests/profile/base/keystone.pp_(IaC)_', 'puppet-tripleo/manifests/profile/base/manila/authtoken.pp_(IaC)_', 'puppet-tripleo/manifests/profile/base/metrics/collectd.pp_(IaC)_', 'puppet-tripleo/manifests/profile/base/metrics/collectd/sensubility.pp_(IaC)_', 'puppet-tripleo/manifests/profile/base/metrics/qdr.pp_(IaC)_', 'puppet-tripleo/manifests/profile/base/neutron.pp_(IaC)_', 'puppet-tripleo/manifests/profile/base/neutron/authtoken.pp_(IaC)_', 'puppet-tripleo/manifests/profile/base/neutron/dhcp_agent_wrappers.pp_(IaC)_', 'puppet-tripleo/manifests/profile/base/neutron/l3_agent_wrappers.pp_(IaC)_', 'puppet-tripleo/manifests/profile/base/neutron/linuxbridge.pp_(IaC)_', 'puppet-tripleo/manifests/profile/base/neutron/ovn_metadata_agent_wrappers.pp_(IaC)_', 'puppet-tripleo/manifests/profile/base/nova.pp_(IaC)_', 'puppet-tripleo/manifests/profile/base/nova/api.pp_(IaC)_', 'puppet-tripleo/manifests/profile/base/nova/authtoken.pp_(IaC)_', 'puppet-tripleo/manifests/profile/base/nova/compute_libvirt_shared.pp_(IaC)_', 'puppet-tripleo/manifests/profile/base/nova/migration/client.pp_(IaC)_', 'puppet-tripleo/manifests/profile/base/octavia/authtoken.pp_(IaC)_', 'puppet-tripleo/manifests/profile/base/pacemaker.pp_(IaC)_', 'puppet-tripleo/manifests/profile/base/placement/authtoken.pp_(IaC)_', 'puppet-tripleo/manifests/profile/base/qdr.pp_(IaC)_', 'puppet-tripleo/manifests/profile/base/rabbitmq.pp_(IaC)_', 'puppet-tripleo/manifests/tls_proxy.pp_(IaC)_', 'puppet-tripleo/spec/classes/tripleo_profile_base_designate_central_spec.rb_(Other)_', 'puppet-tripleo/spec/classes/tripleo_profile_base_metrics_collectd_spec.rb_(Other)_', 'puppet-tripleo/spec/classes/tripleo_profile_base_nova_conductor_spec.rb_(Other)_', 'puppet-tripleo/spec/classes/tripleo_profile_base_octavia_api_spec.rb_(Other)_', 'puppet-tripleo/spec/classes/tripleo_profile_base_swift_proxy_spec.rb_(Other)_', 'puppet-tripleo/spec/fixtures/hieradata/default.yaml_(Other)_'], ['puppet-tripleo/manifests/profile/base/glance/api.pp_(IaC)_']]","['12f14d95bb1ea4bd78e96f1f350b4bf9e2d38c3a', 'c9ba6a26219dbee9e8fd168f2b76bf7602c00f30', 'd4afc29038916ef88c5cfdb67028b3ff6d7133fb', '8794022fcb72f0ca4c4a33675bbfba960c84e8f9', '373dee4156a628384c774abdbd65e890901d678c', '31b1caa15e2e0c807b90cd46133fe94a7ca1d8f3', 'c4890a2b0072367f1bc8f182f5285e4eb33f2e05', 'b3be1dc18c8284852905797d91b67d2dcd6a1a10']","[0.0, 0.0, 0.0, 0.0, 0.14285714285714285, 0.0, 0.2857142857142857, 0.14285714285714285]","[0.0, 0.0, 0.0, 0.0, 0.1111111111111111, 0.0, 0.044444444444444446, 1.0]","[0, 0, 0, 0, 0.125, 0, 0.07692307692307693, 0.25]","[0, 0, 0, 0, 1, 0, 1, 1]","[0, 0, 0, 0, 0.16666666666666666, 0, 0.5, 0.3333333333333333]"
"[7, 7, 7, 7, 7, 7, 7, 7]","[[228, 248, 401, 297, 334, 392, 240], [228, 248, 401, 297, 334, 392, 240], [228, 248, 401, 297, 334, 392, 240], [228, 248, 401, 297, 334, 392, 240], [228, 248, 401, 297, 334, 392, 240], [228, 248, 401, 297, 334, 392, 240], [228, 248, 401, 297, 334, 392, 240], [228, 248, 401, 297, 334, 392, 240]]","[['puppet-tripleo/manifests/profile/base/keystone.pp_(IaC)_', 'puppet-tripleo/manifests/profile/base/aodh.pp_(IaC)_', 'puppet-tripleo/manifests/profile/base/placement/authtoken.pp_(IaC)_', 'puppet-tripleo/manifests/profile/base/heat/api.pp_(IaC)_', 'puppet-tripleo/manifests/profile/base/nova/authtoken.pp_(IaC)_', 'puppet-tripleo/manifests/profile/base/glance/authtoken.pp_(IaC)_', 'puppet-tripleo/manifests/profile/base/pacemaker.pp_(IaC)_'], ['puppet-tripleo/manifests/profile/base/keystone.pp_(IaC)_', 'puppet-tripleo/manifests/profile/base/aodh.pp_(IaC)_', 'puppet-tripleo/manifests/profile/base/placement/authtoken.pp_(IaC)_', 'puppet-tripleo/manifests/profile/base/heat/api.pp_(IaC)_', 'puppet-tripleo/manifests/profile/base/nova/authtoken.pp_(IaC)_', 'puppet-tripleo/manifests/profile/base/glance/authtoken.pp_(IaC)_', 'puppet-tripleo/manifests/profile/base/pacemaker.pp_(IaC)_'], ['puppet-tripleo/manifests/profile/base/keystone.pp_(IaC)_', 'puppet-tripleo/manifests/profile/base/aodh.pp_(IaC)_', 'puppet-tripleo/manifests/profile/base/placement/authtoken.pp_(IaC)_', 'puppet-tripleo/manifests/profile/base/heat/api.pp_(IaC)_', 'puppet-tripleo/manifests/profile/base/nova/authtoken.pp_(IaC)_', 'puppet-tripleo/manifests/profile/base/glance/authtoken.pp_(IaC)_', 'puppet-tripleo/manifests/profile/base/pacemaker.pp_(IaC)_'], ['puppet-tripleo/manifests/profile/base/keystone.pp_(IaC)_', 'puppet-tripleo/manifests/profile/base/aodh.pp_(IaC)_', 'puppet-tripleo/manifests/profile/base/placement/authtoken.pp_(IaC)_', 'puppet-tripleo/manifests/profile/base/heat/api.pp_(IaC)_', 'puppet-tripleo/manifests/profile/base/nova/authtoken.pp_(IaC)_', 'puppet-tripleo/manifests/profile/base/glance/authtoken.pp_(IaC)_', 'puppet-tripleo/manifests/profile/base/pacemaker.pp_(IaC)_'], ['puppet-tripleo/manifests/profile/base/keystone.pp_(IaC)_', 'puppet-tripleo/manifests/profile/base/aodh.pp_(IaC)_', 'puppet-tripleo/manifests/profile/base/placement/authtoken.pp_(IaC)_', 'puppet-tripleo/manifests/profile/base/heat/api.pp_(IaC)_', 'puppet-tripleo/manifests/profile/base/nova/authtoken.pp_(IaC)_', 'puppet-tripleo/manifests/profile/base/glance/authtoken.pp_(IaC)_', 'puppet-tripleo/manifests/profile/base/pacemaker.pp_(IaC)_'], ['puppet-tripleo/manifests/profile/base/keystone.pp_(IaC)_', 'puppet-tripleo/manifests/profile/base/aodh.pp_(IaC)_', 'puppet-tripleo/manifests/profile/base/placement/authtoken.pp_(IaC)_', 'puppet-tripleo/manifests/profile/base/heat/api.pp_(IaC)_', 'puppet-tripleo/manifests/profile/base/nova/authtoken.pp_(IaC)_', 'puppet-tripleo/manifests/profile/base/glance/authtoken.pp_(IaC)_', 'puppet-tripleo/manifests/profile/base/pacemaker.pp_(IaC)_'], ['puppet-tripleo/manifests/profile/base/keystone.pp_(IaC)_', 'puppet-tripleo/manifests/profile/base/aodh.pp_(IaC)_', 'puppet-tripleo/manifests/profile/base/placement/authtoken.pp_(IaC)_', 'puppet-tripleo/manifests/profile/base/heat/api.pp_(IaC)_', 'puppet-tripleo/manifests/profile/base/nova/authtoken.pp_(IaC)_', 'puppet-tripleo/manifests/profile/base/glance/authtoken.pp_(IaC)_', 'puppet-tripleo/manifests/profile/base/pacemaker.pp_(IaC)_'], ['puppet-tripleo/manifests/profile/base/keystone.pp_(IaC)_', 'puppet-tripleo/manifests/profile/base/aodh.pp_(IaC)_', 'puppet-tripleo/manifests/profile/base/placement/authtoken.pp_(IaC)_', 'puppet-tripleo/manifests/profile/base/heat/api.pp_(IaC)_', 'puppet-tripleo/manifests/profile/base/nova/authtoken.pp_(IaC)_', 'puppet-tripleo/manifests/profile/base/glance/authtoken.pp_(IaC)_', 'puppet-tripleo/manifests/profile/base/pacemaker.pp_(IaC)_']]","[['puppet-tripleo/manifests/haproxy/stats.pp_(IaC)_'], ['puppet-tripleo/spec/classes/tripleo_haproxy_spec.rb_(Other)_'], ['puppet-tripleo/manifests/haproxy/endpoint.pp_(IaC)_'], ['puppet-tripleo/releasenotes/notes/haproxy-remove-activate_httplog-87325732ab9ca721.yaml_(Other)_', 'puppet-tripleo/spec/classes/tripleo_haproxy_spec.rb_(Other)_'], ['puppet-tripleo/manifests/firewall.pp_(IaC)_', 'puppet-tripleo/manifests/firewall/post.pp_(IaC)_', 'puppet-tripleo/manifests/firewall/pre.pp_(IaC)_', 'puppet-tripleo/manifests/firewall/service_rules.pp_(IaC)_', 'puppet-tripleo/manifests/haproxy/endpoint.pp_(IaC)_', 'puppet-tripleo/manifests/haproxy/horizon_endpoint.pp_(IaC)_', 'puppet-tripleo/manifests/profile/base/haproxy.pp_(IaC)_', 'puppet-tripleo/spec/classes/tripleo_firewall_spec.rb_(Other)_', 'puppet-tripleo/spec/defines/tripleo_firewall_service_rules_spec.rb_(Other)_'], ['puppet-tripleo/manifests/haproxy/endpoint.pp_(IaC)_', 'puppet-tripleo/manifests/haproxy/horizon_endpoint.pp_(IaC)_', 'puppet-tripleo/manifests/haproxy/service_endpoints.pp_(IaC)_', 'puppet-tripleo/manifests/haproxy/stats.pp_(IaC)_'], ['puppet-tripleo/manifests/fencing.pp_(IaC)_', 'puppet-tripleo/manifests/haproxy/endpoint.pp_(IaC)_', 'puppet-tripleo/manifests/haproxy/horizon_endpoint.pp_(IaC)_', 'puppet-tripleo/manifests/profile/base/aodh/authtoken.pp_(IaC)_', 'puppet-tripleo/manifests/profile/base/apache.pp_(IaC)_', 'puppet-tripleo/manifests/profile/base/cinder.pp_(IaC)_', 'puppet-tripleo/manifests/profile/base/cinder/authtoken.pp_(IaC)_', 'puppet-tripleo/manifests/profile/base/cinder/volume/dellsc.pp_(IaC)_', 'puppet-tripleo/manifests/profile/base/cinder/volume/nvmeof.pp_(IaC)_', 'puppet-tripleo/manifests/profile/base/designate/authtoken.pp_(IaC)_', 'puppet-tripleo/manifests/profile/base/glance/authtoken.pp_(IaC)_', 'puppet-tripleo/manifests/profile/base/glance/backend/cinder.pp_(IaC)_', 'puppet-tripleo/manifests/profile/base/gnocchi/authtoken.pp_(IaC)_', 'puppet-tripleo/manifests/profile/base/heat.pp_(IaC)_', 'puppet-tripleo/manifests/profile/base/heat/authtoken.pp_(IaC)_', 'puppet-tripleo/manifests/profile/base/ironic/authtoken.pp_(IaC)_', 'puppet-tripleo/manifests/profile/base/ironic_inspector/authtoken.pp_(IaC)_', 'puppet-tripleo/manifests/profile/base/keystone.pp_(IaC)_', 'puppet-tripleo/manifests/profile/base/manila/authtoken.pp_(IaC)_', 'puppet-tripleo/manifests/profile/base/metrics/collectd.pp_(IaC)_', 'puppet-tripleo/manifests/profile/base/metrics/collectd/sensubility.pp_(IaC)_', 'puppet-tripleo/manifests/profile/base/metrics/qdr.pp_(IaC)_', 'puppet-tripleo/manifests/profile/base/neutron.pp_(IaC)_', 'puppet-tripleo/manifests/profile/base/neutron/authtoken.pp_(IaC)_', 'puppet-tripleo/manifests/profile/base/neutron/dhcp_agent_wrappers.pp_(IaC)_', 'puppet-tripleo/manifests/profile/base/neutron/l3_agent_wrappers.pp_(IaC)_', 'puppet-tripleo/manifests/profile/base/neutron/linuxbridge.pp_(IaC)_', 'puppet-tripleo/manifests/profile/base/neutron/ovn_metadata_agent_wrappers.pp_(IaC)_', 'puppet-tripleo/manifests/profile/base/nova.pp_(IaC)_', 'puppet-tripleo/manifests/profile/base/nova/api.pp_(IaC)_', 'puppet-tripleo/manifests/profile/base/nova/authtoken.pp_(IaC)_', 'puppet-tripleo/manifests/profile/base/nova/compute_libvirt_shared.pp_(IaC)_', 'puppet-tripleo/manifests/profile/base/nova/migration/client.pp_(IaC)_', 'puppet-tripleo/manifests/profile/base/octavia/authtoken.pp_(IaC)_', 'puppet-tripleo/manifests/profile/base/pacemaker.pp_(IaC)_', 'puppet-tripleo/manifests/profile/base/placement/authtoken.pp_(IaC)_', 'puppet-tripleo/manifests/profile/base/qdr.pp_(IaC)_', 'puppet-tripleo/manifests/profile/base/rabbitmq.pp_(IaC)_', 'puppet-tripleo/manifests/tls_proxy.pp_(IaC)_', 'puppet-tripleo/spec/classes/tripleo_profile_base_designate_central_spec.rb_(Other)_', 'puppet-tripleo/spec/classes/tripleo_profile_base_metrics_collectd_spec.rb_(Other)_', 'puppet-tripleo/spec/classes/tripleo_profile_base_nova_conductor_spec.rb_(Other)_', 'puppet-tripleo/spec/classes/tripleo_profile_base_octavia_api_spec.rb_(Other)_', 'puppet-tripleo/spec/classes/tripleo_profile_base_swift_proxy_spec.rb_(Other)_', 'puppet-tripleo/spec/fixtures/hieradata/default.yaml_(Other)_'], ['puppet-tripleo/manifests/profile/base/glance/api.pp_(IaC)_']]","['12f14d95bb1ea4bd78e96f1f350b4bf9e2d38c3a', 'c9ba6a26219dbee9e8fd168f2b76bf7602c00f30', 'd4afc29038916ef88c5cfdb67028b3ff6d7133fb', '8794022fcb72f0ca4c4a33675bbfba960c84e8f9', '373dee4156a628384c774abdbd65e890901d678c', '31b1caa15e2e0c807b90cd46133fe94a7ca1d8f3', 'c4890a2b0072367f1bc8f182f5285e4eb33f2e05', 'b3be1dc18c8284852905797d91b67d2dcd6a1a10']","[0.0, 0.0, 0.0, 0.0, 0.0, 0.0, 0.7142857142857143, 0.0]","[0.0, 0.0, 0.0, 0.0, 0.0, 0.0, 0.1111111111111111, 0.0]","[0, 0, 0, 0, 0, 0, 0.19230769230769232, 0]","[0, 0, 0, 0, 0, 0, 1, 0]","[0, 0, 0, 0, 0, 0, 1.0, 0]"
"[7, 7, 7, 7, 7, 7, 7, 7]","[[228, 403, 227, 245, 248, 233, 226], [228, 403, 227, 245, 248, 233, 226], [228, 403, 227, 245, 248, 233, 226], [228, 403, 227, 245, 248, 233, 226], [228, 403, 227, 245, 248, 233, 226], [228, 403, 227, 245, 248, 233, 226], [228, 403, 227, 245, 248, 233, 226], [228, 403, 227, 245, 248, 233, 226]]","[['puppet-tripleo/manifests/profile/base/keystone.pp_(IaC)_', 'puppet-tripleo/manifests/haproxy/horizon_endpoint.pp_(IaC)_', 'puppet-tripleo/manifests/profile/base/heat.pp_(IaC)_', 'puppet-tripleo/manifests/profile/base/designate.pp_(IaC)_', 'puppet-tripleo/manifests/profile/base/aodh.pp_(IaC)_', 'puppet-tripleo/manifests/profile/base/ironic.pp_(IaC)_', 'puppet-tripleo/manifests/profile/base/octavia.pp_(IaC)_'], ['puppet-tripleo/manifests/profile/base/keystone.pp_(IaC)_', 'puppet-tripleo/manifests/haproxy/horizon_endpoint.pp_(IaC)_', 'puppet-tripleo/manifests/profile/base/heat.pp_(IaC)_', 'puppet-tripleo/manifests/profile/base/designate.pp_(IaC)_', 'puppet-tripleo/manifests/profile/base/aodh.pp_(IaC)_', 'puppet-tripleo/manifests/profile/base/ironic.pp_(IaC)_', 'puppet-tripleo/manifests/profile/base/octavia.pp_(IaC)_'], ['puppet-tripleo/manifests/profile/base/keystone.pp_(IaC)_', 'puppet-tripleo/manifests/haproxy/horizon_endpoint.pp_(IaC)_', 'puppet-tripleo/manifests/profile/base/heat.pp_(IaC)_', 'puppet-tripleo/manifests/profile/base/designate.pp_(IaC)_', 'puppet-tripleo/manifests/profile/base/aodh.pp_(IaC)_', 'puppet-tripleo/manifests/profile/base/ironic.pp_(IaC)_', 'puppet-tripleo/manifests/profile/base/octavia.pp_(IaC)_'], ['puppet-tripleo/manifests/profile/base/keystone.pp_(IaC)_', 'puppet-tripleo/manifests/haproxy/horizon_endpoint.pp_(IaC)_', 'puppet-tripleo/manifests/profile/base/heat.pp_(IaC)_', 'puppet-tripleo/manifests/profile/base/designate.pp_(IaC)_', 'puppet-tripleo/manifests/profile/base/aodh.pp_(IaC)_', 'puppet-tripleo/manifests/profile/base/ironic.pp_(IaC)_', 'puppet-tripleo/manifests/profile/base/octavia.pp_(IaC)_'], ['puppet-tripleo/manifests/profile/base/keystone.pp_(IaC)_', 'puppet-tripleo/manifests/haproxy/horizon_endpoint.pp_(IaC)_', 'puppet-tripleo/manifests/profile/base/heat.pp_(IaC)_', 'puppet-tripleo/manifests/profile/base/designate.pp_(IaC)_', 'puppet-tripleo/manifests/profile/base/aodh.pp_(IaC)_', 'puppet-tripleo/manifests/profile/base/ironic.pp_(IaC)_', 'puppet-tripleo/manifests/profile/base/octavia.pp_(IaC)_'], ['puppet-tripleo/manifests/profile/base/keystone.pp_(IaC)_', 'puppet-tripleo/manifests/haproxy/horizon_endpoint.pp_(IaC)_', 'puppet-tripleo/manifests/profile/base/heat.pp_(IaC)_', 'puppet-tripleo/manifests/profile/base/designate.pp_(IaC)_', 'puppet-tripleo/manifests/profile/base/aodh.pp_(IaC)_', 'puppet-tripleo/manifests/profile/base/ironic.pp_(IaC)_', 'puppet-tripleo/manifests/profile/base/octavia.pp_(IaC)_'], ['puppet-tripleo/manifests/profile/base/keystone.pp_(IaC)_', 'puppet-tripleo/manifests/haproxy/horizon_endpoint.pp_(IaC)_', 'puppet-tripleo/manifests/profile/base/heat.pp_(IaC)_', 'puppet-tripleo/manifests/profile/base/designate.pp_(IaC)_', 'puppet-tripleo/manifests/profile/base/aodh.pp_(IaC)_', 'puppet-tripleo/manifests/profile/base/ironic.pp_(IaC)_', 'puppet-tripleo/manifests/profile/base/octavia.pp_(IaC)_'], ['puppet-tripleo/manifests/profile/base/keystone.pp_(IaC)_', 'puppet-tripleo/manifests/haproxy/horizon_endpoint.pp_(IaC)_', 'puppet-tripleo/manifests/profile/base/heat.pp_(IaC)_', 'puppet-tripleo/manifests/profile/base/designate.pp_(IaC)_', 'puppet-tripleo/manifests/profile/base/aodh.pp_(IaC)_', 'puppet-tripleo/manifests/profile/base/ironic.pp_(IaC)_', 'puppet-tripleo/manifests/profile/base/octavia.pp_(IaC)_']]","[['puppet-tripleo/manifests/haproxy/stats.pp_(IaC)_'], ['puppet-tripleo/spec/classes/tripleo_haproxy_spec.rb_(Other)_'], ['puppet-tripleo/manifests/haproxy/endpoint.pp_(IaC)_'], ['puppet-tripleo/releasenotes/notes/haproxy-remove-activate_httplog-87325732ab9ca721.yaml_(Other)_', 'puppet-tripleo/spec/classes/tripleo_haproxy_spec.rb_(Other)_'], ['puppet-tripleo/manifests/firewall.pp_(IaC)_', 'puppet-tripleo/manifests/firewall/post.pp_(IaC)_', 'puppet-tripleo/manifests/firewall/pre.pp_(IaC)_', 'puppet-tripleo/manifests/firewall/service_rules.pp_(IaC)_', 'puppet-tripleo/manifests/haproxy/endpoint.pp_(IaC)_', 'puppet-tripleo/manifests/haproxy/horizon_endpoint.pp_(IaC)_', 'puppet-tripleo/manifests/profile/base/haproxy.pp_(IaC)_', 'puppet-tripleo/spec/classes/tripleo_firewall_spec.rb_(Other)_', 'puppet-tripleo/spec/defines/tripleo_firewall_service_rules_spec.rb_(Other)_'], ['puppet-tripleo/manifests/haproxy/endpoint.pp_(IaC)_', 'puppet-tripleo/manifests/haproxy/horizon_endpoint.pp_(IaC)_', 'puppet-tripleo/manifests/haproxy/service_endpoints.pp_(IaC)_', 'puppet-tripleo/manifests/haproxy/stats.pp_(IaC)_'], ['puppet-tripleo/manifests/fencing.pp_(IaC)_', 'puppet-tripleo/manifests/haproxy/endpoint.pp_(IaC)_', 'puppet-tripleo/manifests/haproxy/horizon_endpoint.pp_(IaC)_', 'puppet-tripleo/manifests/profile/base/aodh/authtoken.pp_(IaC)_', 'puppet-tripleo/manifests/profile/base/apache.pp_(IaC)_', 'puppet-tripleo/manifests/profile/base/cinder.pp_(IaC)_', 'puppet-tripleo/manifests/profile/base/cinder/authtoken.pp_(IaC)_', 'puppet-tripleo/manifests/profile/base/cinder/volume/dellsc.pp_(IaC)_', 'puppet-tripleo/manifests/profile/base/cinder/volume/nvmeof.pp_(IaC)_', 'puppet-tripleo/manifests/profile/base/designate/authtoken.pp_(IaC)_', 'puppet-tripleo/manifests/profile/base/glance/authtoken.pp_(IaC)_', 'puppet-tripleo/manifests/profile/base/glance/backend/cinder.pp_(IaC)_', 'puppet-tripleo/manifests/profile/base/gnocchi/authtoken.pp_(IaC)_', 'puppet-tripleo/manifests/profile/base/heat.pp_(IaC)_', 'puppet-tripleo/manifests/profile/base/heat/authtoken.pp_(IaC)_', 'puppet-tripleo/manifests/profile/base/ironic/authtoken.pp_(IaC)_', 'puppet-tripleo/manifests/profile/base/ironic_inspector/authtoken.pp_(IaC)_', 'puppet-tripleo/manifests/profile/base/keystone.pp_(IaC)_', 'puppet-tripleo/manifests/profile/base/manila/authtoken.pp_(IaC)_', 'puppet-tripleo/manifests/profile/base/metrics/collectd.pp_(IaC)_', 'puppet-tripleo/manifests/profile/base/metrics/collectd/sensubility.pp_(IaC)_', 'puppet-tripleo/manifests/profile/base/metrics/qdr.pp_(IaC)_', 'puppet-tripleo/manifests/profile/base/neutron.pp_(IaC)_', 'puppet-tripleo/manifests/profile/base/neutron/authtoken.pp_(IaC)_', 'puppet-tripleo/manifests/profile/base/neutron/dhcp_agent_wrappers.pp_(IaC)_', 'puppet-tripleo/manifests/profile/base/neutron/l3_agent_wrappers.pp_(IaC)_', 'puppet-tripleo/manifests/profile/base/neutron/linuxbridge.pp_(IaC)_', 'puppet-tripleo/manifests/profile/base/neutron/ovn_metadata_agent_wrappers.pp_(IaC)_', 'puppet-tripleo/manifests/profile/base/nova.pp_(IaC)_', 'puppet-tripleo/manifests/profile/base/nova/api.pp_(IaC)_', 'puppet-tripleo/manifests/profile/base/nova/authtoken.pp_(IaC)_', 'puppet-tripleo/manifests/profile/base/nova/compute_libvirt_shared.pp_(IaC)_', 'puppet-tripleo/manifests/profile/base/nova/migration/client.pp_(IaC)_', 'puppet-tripleo/manifests/profile/base/octavia/authtoken.pp_(IaC)_', 'puppet-tripleo/manifests/profile/base/pacemaker.pp_(IaC)_', 'puppet-tripleo/manifests/profile/base/placement/authtoken.pp_(IaC)_', 'puppet-tripleo/manifests/profile/base/qdr.pp_(IaC)_', 'puppet-tripleo/manifests/profile/base/rabbitmq.pp_(IaC)_', 'puppet-tripleo/manifests/tls_proxy.pp_(IaC)_', 'puppet-tripleo/spec/classes/tripleo_profile_base_designate_central_spec.rb_(Other)_', 'puppet-tripleo/spec/classes/tripleo_profile_base_metrics_collectd_spec.rb_(Other)_', 'puppet-tripleo/spec/classes/tripleo_profile_base_nova_conductor_spec.rb_(Other)_', 'puppet-tripleo/spec/classes/tripleo_profile_base_octavia_api_spec.rb_(Other)_', 'puppet-tripleo/spec/classes/tripleo_profile_base_swift_proxy_spec.rb_(Other)_', 'puppet-tripleo/spec/fixtures/hieradata/default.yaml_(Other)_'], ['puppet-tripleo/manifests/profile/base/glance/api.pp_(IaC)_']]","['12f14d95bb1ea4bd78e96f1f350b4bf9e2d38c3a', 'c9ba6a26219dbee9e8fd168f2b76bf7602c00f30', 'd4afc29038916ef88c5cfdb67028b3ff6d7133fb', '8794022fcb72f0ca4c4a33675bbfba960c84e8f9', '373dee4156a628384c774abdbd65e890901d678c', '31b1caa15e2e0c807b90cd46133fe94a7ca1d8f3', 'c4890a2b0072367f1bc8f182f5285e4eb33f2e05', 'b3be1dc18c8284852905797d91b67d2dcd6a1a10']","[0.0, 0.0, 0.0, 0.0, 0.14285714285714285, 0.14285714285714285, 0.42857142857142855, 0.0]","[0.0, 0.0, 0.0, 0.0, 0.1111111111111111, 0.25, 0.06666666666666667, 0.0]","[0, 0, 0, 0, 0.125, 0.18181818181818182, 0.11538461538461539, 0]","[0, 0, 0, 0, 1, 1, 1, 0]","[0, 0, 0, 0, 0.5, 0.5, 1.0, 0]"
"[7, 7, 7, 7, 7, 7, 7, 7]","[[228, 316, 403, 227, 235, 391, 334], [228, 316, 403, 227, 235, 391, 334], [228, 316, 403, 227, 235, 391, 334], [228, 316, 403, 227, 235, 391, 334], [228, 316, 403, 227, 235, 391, 334], [228, 316, 403, 227, 235, 391, 334], [228, 316, 403, 227, 235, 391, 334], [228, 316, 403, 227, 235, 391, 334]]","[['puppet-tripleo/manifests/profile/base/keystone.pp_(IaC)_', 'puppet-tripleo/manifests/profile/base/barbican/api.pp_(IaC)_', 'puppet-tripleo/manifests/haproxy/horizon_endpoint.pp_(IaC)_', 'puppet-tripleo/manifests/profile/base/heat.pp_(IaC)_', 'puppet-tripleo/manifests/profile/base/manila.pp_(IaC)_', 'puppet-tripleo/manifests/profile/base/glance/api.pp_(IaC)_', 'puppet-tripleo/manifests/profile/base/nova/authtoken.pp_(IaC)_'], ['puppet-tripleo/manifests/profile/base/keystone.pp_(IaC)_', 'puppet-tripleo/manifests/profile/base/barbican/api.pp_(IaC)_', 'puppet-tripleo/manifests/haproxy/horizon_endpoint.pp_(IaC)_', 'puppet-tripleo/manifests/profile/base/heat.pp_(IaC)_', 'puppet-tripleo/manifests/profile/base/manila.pp_(IaC)_', 'puppet-tripleo/manifests/profile/base/glance/api.pp_(IaC)_', 'puppet-tripleo/manifests/profile/base/nova/authtoken.pp_(IaC)_'], ['puppet-tripleo/manifests/profile/base/keystone.pp_(IaC)_', 'puppet-tripleo/manifests/profile/base/barbican/api.pp_(IaC)_', 'puppet-tripleo/manifests/haproxy/horizon_endpoint.pp_(IaC)_', 'puppet-tripleo/manifests/profile/base/heat.pp_(IaC)_', 'puppet-tripleo/manifests/profile/base/manila.pp_(IaC)_', 'puppet-tripleo/manifests/profile/base/glance/api.pp_(IaC)_', 'puppet-tripleo/manifests/profile/base/nova/authtoken.pp_(IaC)_'], ['puppet-tripleo/manifests/profile/base/keystone.pp_(IaC)_', 'puppet-tripleo/manifests/profile/base/barbican/api.pp_(IaC)_', 'puppet-tripleo/manifests/haproxy/horizon_endpoint.pp_(IaC)_', 'puppet-tripleo/manifests/profile/base/heat.pp_(IaC)_', 'puppet-tripleo/manifests/profile/base/manila.pp_(IaC)_', 'puppet-tripleo/manifests/profile/base/glance/api.pp_(IaC)_', 'puppet-tripleo/manifests/profile/base/nova/authtoken.pp_(IaC)_'], ['puppet-tripleo/manifests/profile/base/keystone.pp_(IaC)_', 'puppet-tripleo/manifests/profile/base/barbican/api.pp_(IaC)_', 'puppet-tripleo/manifests/haproxy/horizon_endpoint.pp_(IaC)_', 'puppet-tripleo/manifests/profile/base/heat.pp_(IaC)_', 'puppet-tripleo/manifests/profile/base/manila.pp_(IaC)_', 'puppet-tripleo/manifests/profile/base/glance/api.pp_(IaC)_', 'puppet-tripleo/manifests/profile/base/nova/authtoken.pp_(IaC)_'], ['puppet-tripleo/manifests/profile/base/keystone.pp_(IaC)_', 'puppet-tripleo/manifests/profile/base/barbican/api.pp_(IaC)_', 'puppet-tripleo/manifests/haproxy/horizon_endpoint.pp_(IaC)_', 'puppet-tripleo/manifests/profile/base/heat.pp_(IaC)_', 'puppet-tripleo/manifests/profile/base/manila.pp_(IaC)_', 'puppet-tripleo/manifests/profile/base/glance/api.pp_(IaC)_', 'puppet-tripleo/manifests/profile/base/nova/authtoken.pp_(IaC)_'], ['puppet-tripleo/manifests/profile/base/keystone.pp_(IaC)_', 'puppet-tripleo/manifests/profile/base/barbican/api.pp_(IaC)_', 'puppet-tripleo/manifests/haproxy/horizon_endpoint.pp_(IaC)_', 'puppet-tripleo/manifests/profile/base/heat.pp_(IaC)_', 'puppet-tripleo/manifests/profile/base/manila.pp_(IaC)_', 'puppet-tripleo/manifests/profile/base/glance/api.pp_(IaC)_', 'puppet-tripleo/manifests/profile/base/nova/authtoken.pp_(IaC)_'], ['puppet-tripleo/manifests/profile/base/keystone.pp_(IaC)_', 'puppet-tripleo/manifests/profile/base/barbican/api.pp_(IaC)_', 'puppet-tripleo/manifests/haproxy/horizon_endpoint.pp_(IaC)_', 'puppet-tripleo/manifests/profile/base/heat.pp_(IaC)_', 'puppet-tripleo/manifests/profile/base/manila.pp_(IaC)_', 'puppet-tripleo/manifests/profile/base/glance/api.pp_(IaC)_', 'puppet-tripleo/manifests/profile/base/nova/authtoken.pp_(IaC)_']]","[['puppet-tripleo/manifests/haproxy/stats.pp_(IaC)_'], ['puppet-tripleo/spec/classes/tripleo_haproxy_spec.rb_(Other)_'], ['puppet-tripleo/manifests/haproxy/endpoint.pp_(IaC)_'], ['puppet-tripleo/releasenotes/notes/haproxy-remove-activate_httplog-87325732ab9ca721.yaml_(Other)_', 'puppet-tripleo/spec/classes/tripleo_haproxy_spec.rb_(Other)_'], ['puppet-tripleo/manifests/firewall.pp_(IaC)_', 'puppet-tripleo/manifests/firewall/post.pp_(IaC)_', 'puppet-tripleo/manifests/firewall/pre.pp_(IaC)_', 'puppet-tripleo/manifests/firewall/service_rules.pp_(IaC)_', 'puppet-tripleo/manifests/haproxy/endpoint.pp_(IaC)_', 'puppet-tripleo/manifests/haproxy/horizon_endpoint.pp_(IaC)_', 'puppet-tripleo/manifests/profile/base/haproxy.pp_(IaC)_', 'puppet-tripleo/spec/classes/tripleo_firewall_spec.rb_(Other)_', 'puppet-tripleo/spec/defines/tripleo_firewall_service_rules_spec.rb_(Other)_'], ['puppet-tripleo/manifests/haproxy/endpoint.pp_(IaC)_', 'puppet-tripleo/manifests/haproxy/horizon_endpoint.pp_(IaC)_', 'puppet-tripleo/manifests/haproxy/service_endpoints.pp_(IaC)_', 'puppet-tripleo/manifests/haproxy/stats.pp_(IaC)_'], ['puppet-tripleo/manifests/fencing.pp_(IaC)_', 'puppet-tripleo/manifests/haproxy/endpoint.pp_(IaC)_', 'puppet-tripleo/manifests/haproxy/horizon_endpoint.pp_(IaC)_', 'puppet-tripleo/manifests/profile/base/aodh/authtoken.pp_(IaC)_', 'puppet-tripleo/manifests/profile/base/apache.pp_(IaC)_', 'puppet-tripleo/manifests/profile/base/cinder.pp_(IaC)_', 'puppet-tripleo/manifests/profile/base/cinder/authtoken.pp_(IaC)_', 'puppet-tripleo/manifests/profile/base/cinder/volume/dellsc.pp_(IaC)_', 'puppet-tripleo/manifests/profile/base/cinder/volume/nvmeof.pp_(IaC)_', 'puppet-tripleo/manifests/profile/base/designate/authtoken.pp_(IaC)_', 'puppet-tripleo/manifests/profile/base/glance/authtoken.pp_(IaC)_', 'puppet-tripleo/manifests/profile/base/glance/backend/cinder.pp_(IaC)_', 'puppet-tripleo/manifests/profile/base/gnocchi/authtoken.pp_(IaC)_', 'puppet-tripleo/manifests/profile/base/heat.pp_(IaC)_', 'puppet-tripleo/manifests/profile/base/heat/authtoken.pp_(IaC)_', 'puppet-tripleo/manifests/profile/base/ironic/authtoken.pp_(IaC)_', 'puppet-tripleo/manifests/profile/base/ironic_inspector/authtoken.pp_(IaC)_', 'puppet-tripleo/manifests/profile/base/keystone.pp_(IaC)_', 'puppet-tripleo/manifests/profile/base/manila/authtoken.pp_(IaC)_', 'puppet-tripleo/manifests/profile/base/metrics/collectd.pp_(IaC)_', 'puppet-tripleo/manifests/profile/base/metrics/collectd/sensubility.pp_(IaC)_', 'puppet-tripleo/manifests/profile/base/metrics/qdr.pp_(IaC)_', 'puppet-tripleo/manifests/profile/base/neutron.pp_(IaC)_', 'puppet-tripleo/manifests/profile/base/neutron/authtoken.pp_(IaC)_', 'puppet-tripleo/manifests/profile/base/neutron/dhcp_agent_wrappers.pp_(IaC)_', 'puppet-tripleo/manifests/profile/base/neutron/l3_agent_wrappers.pp_(IaC)_', 'puppet-tripleo/manifests/profile/base/neutron/linuxbridge.pp_(IaC)_', 'puppet-tripleo/manifests/profile/base/neutron/ovn_metadata_agent_wrappers.pp_(IaC)_', 'puppet-tripleo/manifests/profile/base/nova.pp_(IaC)_', 'puppet-tripleo/manifests/profile/base/nova/api.pp_(IaC)_', 'puppet-tripleo/manifests/profile/base/nova/authtoken.pp_(IaC)_', 'puppet-tripleo/manifests/profile/base/nova/compute_libvirt_shared.pp_(IaC)_', 'puppet-tripleo/manifests/profile/base/nova/migration/client.pp_(IaC)_', 'puppet-tripleo/manifests/profile/base/octavia/authtoken.pp_(IaC)_', 'puppet-tripleo/manifests/profile/base/pacemaker.pp_(IaC)_', 'puppet-tripleo/manifests/profile/base/placement/authtoken.pp_(IaC)_', 'puppet-tripleo/manifests/profile/base/qdr.pp_(IaC)_', 'puppet-tripleo/manifests/profile/base/rabbitmq.pp_(IaC)_', 'puppet-tripleo/manifests/tls_proxy.pp_(IaC)_', 'puppet-tripleo/spec/classes/tripleo_profile_base_designate_central_spec.rb_(Other)_', 'puppet-tripleo/spec/classes/tripleo_profile_base_metrics_collectd_spec.rb_(Other)_', 'puppet-tripleo/spec/classes/tripleo_profile_base_nova_conductor_spec.rb_(Other)_', 'puppet-tripleo/spec/classes/tripleo_profile_base_octavia_api_spec.rb_(Other)_', 'puppet-tripleo/spec/classes/tripleo_profile_base_swift_proxy_spec.rb_(Other)_', 'puppet-tripleo/spec/fixtures/hieradata/default.yaml_(Other)_'], ['puppet-tripleo/manifests/profile/base/glance/api.pp_(IaC)_']]","['12f14d95bb1ea4bd78e96f1f350b4bf9e2d38c3a', 'c9ba6a26219dbee9e8fd168f2b76bf7602c00f30', 'd4afc29038916ef88c5cfdb67028b3ff6d7133fb', '8794022fcb72f0ca4c4a33675bbfba960c84e8f9', '373dee4156a628384c774abdbd65e890901d678c', '31b1caa15e2e0c807b90cd46133fe94a7ca1d8f3', 'c4890a2b0072367f1bc8f182f5285e4eb33f2e05', 'b3be1dc18c8284852905797d91b67d2dcd6a1a10']","[0.0, 0.0, 0.0, 0.0, 0.14285714285714285, 0.14285714285714285, 0.5714285714285714, 0.14285714285714285]","[0.0, 0.0, 0.0, 0.0, 0.1111111111111111, 0.25, 0.08888888888888889, 1.0]","[0, 0, 0, 0, 0.125, 0.18181818181818182, 0.15384615384615385, 0.25]","[0, 0, 0, 0, 1, 1, 1, 1]","[0, 0, 0, 0, 0.3333333333333333, 0.3333333333333333, 1.0, 0.16666666666666666]"
"[7, 7, 7, 7, 7, 7, 7, 7]","[[228, 251, 227, 232, 255, 355, 226], [228, 251, 227, 232, 255, 355, 226], [228, 251, 227, 232, 255, 355, 226], [228, 251, 227, 232, 255, 355, 226], [228, 251, 227, 232, 255, 355, 226], [228, 251, 227, 232, 255, 355, 226], [228, 251, 227, 232, 255, 355, 226], [228, 251, 227, 232, 255, 355, 226]]","[['puppet-tripleo/manifests/profile/base/keystone.pp_(IaC)_', 'puppet-tripleo/manifests/profile/base/nova.pp_(IaC)_', 'puppet-tripleo/manifests/profile/base/heat.pp_(IaC)_', 'puppet-tripleo/manifests/profile/base/horizon.pp_(IaC)_', 'puppet-tripleo/manifests/profile/base/cinder/api.pp_(IaC)_', 'puppet-tripleo/manifests/profile/base/neutron/authtoken.pp_(IaC)_', 'puppet-tripleo/manifests/profile/base/octavia.pp_(IaC)_'], ['puppet-tripleo/manifests/profile/base/keystone.pp_(IaC)_', 'puppet-tripleo/manifests/profile/base/nova.pp_(IaC)_', 'puppet-tripleo/manifests/profile/base/heat.pp_(IaC)_', 'puppet-tripleo/manifests/profile/base/horizon.pp_(IaC)_', 'puppet-tripleo/manifests/profile/base/cinder/api.pp_(IaC)_', 'puppet-tripleo/manifests/profile/base/neutron/authtoken.pp_(IaC)_', 'puppet-tripleo/manifests/profile/base/octavia.pp_(IaC)_'], ['puppet-tripleo/manifests/profile/base/keystone.pp_(IaC)_', 'puppet-tripleo/manifests/profile/base/nova.pp_(IaC)_', 'puppet-tripleo/manifests/profile/base/heat.pp_(IaC)_', 'puppet-tripleo/manifests/profile/base/horizon.pp_(IaC)_', 'puppet-tripleo/manifests/profile/base/cinder/api.pp_(IaC)_', 'puppet-tripleo/manifests/profile/base/neutron/authtoken.pp_(IaC)_', 'puppet-tripleo/manifests/profile/base/octavia.pp_(IaC)_'], ['puppet-tripleo/manifests/profile/base/keystone.pp_(IaC)_', 'puppet-tripleo/manifests/profile/base/nova.pp_(IaC)_', 'puppet-tripleo/manifests/profile/base/heat.pp_(IaC)_', 'puppet-tripleo/manifests/profile/base/horizon.pp_(IaC)_', 'puppet-tripleo/manifests/profile/base/cinder/api.pp_(IaC)_', 'puppet-tripleo/manifests/profile/base/neutron/authtoken.pp_(IaC)_', 'puppet-tripleo/manifests/profile/base/octavia.pp_(IaC)_'], ['puppet-tripleo/manifests/profile/base/keystone.pp_(IaC)_', 'puppet-tripleo/manifests/profile/base/nova.pp_(IaC)_', 'puppet-tripleo/manifests/profile/base/heat.pp_(IaC)_', 'puppet-tripleo/manifests/profile/base/horizon.pp_(IaC)_', 'puppet-tripleo/manifests/profile/base/cinder/api.pp_(IaC)_', 'puppet-tripleo/manifests/profile/base/neutron/authtoken.pp_(IaC)_', 'puppet-tripleo/manifests/profile/base/octavia.pp_(IaC)_'], ['puppet-tripleo/manifests/profile/base/keystone.pp_(IaC)_', 'puppet-tripleo/manifests/profile/base/nova.pp_(IaC)_', 'puppet-tripleo/manifests/profile/base/heat.pp_(IaC)_', 'puppet-tripleo/manifests/profile/base/horizon.pp_(IaC)_', 'puppet-tripleo/manifests/profile/base/cinder/api.pp_(IaC)_', 'puppet-tripleo/manifests/profile/base/neutron/authtoken.pp_(IaC)_', 'puppet-tripleo/manifests/profile/base/octavia.pp_(IaC)_'], ['puppet-tripleo/manifests/profile/base/keystone.pp_(IaC)_', 'puppet-tripleo/manifests/profile/base/nova.pp_(IaC)_', 'puppet-tripleo/manifests/profile/base/heat.pp_(IaC)_', 'puppet-tripleo/manifests/profile/base/horizon.pp_(IaC)_', 'puppet-tripleo/manifests/profile/base/cinder/api.pp_(IaC)_', 'puppet-tripleo/manifests/profile/base/neutron/authtoken.pp_(IaC)_', 'puppet-tripleo/manifests/profile/base/octavia.pp_(IaC)_'], ['puppet-tripleo/manifests/profile/base/keystone.pp_(IaC)_', 'puppet-tripleo/manifests/profile/base/nova.pp_(IaC)_', 'puppet-tripleo/manifests/profile/base/heat.pp_(IaC)_', 'puppet-tripleo/manifests/profile/base/horizon.pp_(IaC)_', 'puppet-tripleo/manifests/profile/base/cinder/api.pp_(IaC)_', 'puppet-tripleo/manifests/profile/base/neutron/authtoken.pp_(IaC)_', 'puppet-tripleo/manifests/profile/base/octavia.pp_(IaC)_']]","[['puppet-tripleo/manifests/haproxy/stats.pp_(IaC)_'], ['puppet-tripleo/spec/classes/tripleo_haproxy_spec.rb_(Other)_'], ['puppet-tripleo/manifests/haproxy/endpoint.pp_(IaC)_'], ['puppet-tripleo/releasenotes/notes/haproxy-remove-activate_httplog-87325732ab9ca721.yaml_(Other)_', 'puppet-tripleo/spec/classes/tripleo_haproxy_spec.rb_(Other)_'], ['puppet-tripleo/manifests/firewall.pp_(IaC)_', 'puppet-tripleo/manifests/firewall/post.pp_(IaC)_', 'puppet-tripleo/manifests/firewall/pre.pp_(IaC)_', 'puppet-tripleo/manifests/firewall/service_rules.pp_(IaC)_', 'puppet-tripleo/manifests/haproxy/endpoint.pp_(IaC)_', 'puppet-tripleo/manifests/haproxy/horizon_endpoint.pp_(IaC)_', 'puppet-tripleo/manifests/profile/base/haproxy.pp_(IaC)_', 'puppet-tripleo/spec/classes/tripleo_firewall_spec.rb_(Other)_', 'puppet-tripleo/spec/defines/tripleo_firewall_service_rules_spec.rb_(Other)_'], ['puppet-tripleo/manifests/haproxy/endpoint.pp_(IaC)_', 'puppet-tripleo/manifests/haproxy/horizon_endpoint.pp_(IaC)_', 'puppet-tripleo/manifests/haproxy/service_endpoints.pp_(IaC)_', 'puppet-tripleo/manifests/haproxy/stats.pp_(IaC)_'], ['puppet-tripleo/manifests/fencing.pp_(IaC)_', 'puppet-tripleo/manifests/haproxy/endpoint.pp_(IaC)_', 'puppet-tripleo/manifests/haproxy/horizon_endpoint.pp_(IaC)_', 'puppet-tripleo/manifests/profile/base/aodh/authtoken.pp_(IaC)_', 'puppet-tripleo/manifests/profile/base/apache.pp_(IaC)_', 'puppet-tripleo/manifests/profile/base/cinder.pp_(IaC)_', 'puppet-tripleo/manifests/profile/base/cinder/authtoken.pp_(IaC)_', 'puppet-tripleo/manifests/profile/base/cinder/volume/dellsc.pp_(IaC)_', 'puppet-tripleo/manifests/profile/base/cinder/volume/nvmeof.pp_(IaC)_', 'puppet-tripleo/manifests/profile/base/designate/authtoken.pp_(IaC)_', 'puppet-tripleo/manifests/profile/base/glance/authtoken.pp_(IaC)_', 'puppet-tripleo/manifests/profile/base/glance/backend/cinder.pp_(IaC)_', 'puppet-tripleo/manifests/profile/base/gnocchi/authtoken.pp_(IaC)_', 'puppet-tripleo/manifests/profile/base/heat.pp_(IaC)_', 'puppet-tripleo/manifests/profile/base/heat/authtoken.pp_(IaC)_', 'puppet-tripleo/manifests/profile/base/ironic/authtoken.pp_(IaC)_', 'puppet-tripleo/manifests/profile/base/ironic_inspector/authtoken.pp_(IaC)_', 'puppet-tripleo/manifests/profile/base/keystone.pp_(IaC)_', 'puppet-tripleo/manifests/profile/base/manila/authtoken.pp_(IaC)_', 'puppet-tripleo/manifests/profile/base/metrics/collectd.pp_(IaC)_', 'puppet-tripleo/manifests/profile/base/metrics/collectd/sensubility.pp_(IaC)_', 'puppet-tripleo/manifests/profile/base/metrics/qdr.pp_(IaC)_', 'puppet-tripleo/manifests/profile/base/neutron.pp_(IaC)_', 'puppet-tripleo/manifests/profile/base/neutron/authtoken.pp_(IaC)_', 'puppet-tripleo/manifests/profile/base/neutron/dhcp_agent_wrappers.pp_(IaC)_', 'puppet-tripleo/manifests/profile/base/neutron/l3_agent_wrappers.pp_(IaC)_', 'puppet-tripleo/manifests/profile/base/neutron/linuxbridge.pp_(IaC)_', 'puppet-tripleo/manifests/profile/base/neutron/ovn_metadata_agent_wrappers.pp_(IaC)_', 'puppet-tripleo/manifests/profile/base/nova.pp_(IaC)_', 'puppet-tripleo/manifests/profile/base/nova/api.pp_(IaC)_', 'puppet-tripleo/manifests/profile/base/nova/authtoken.pp_(IaC)_', 'puppet-tripleo/manifests/profile/base/nova/compute_libvirt_shared.pp_(IaC)_', 'puppet-tripleo/manifests/profile/base/nova/migration/client.pp_(IaC)_', 'puppet-tripleo/manifests/profile/base/octavia/authtoken.pp_(IaC)_', 'puppet-tripleo/manifests/profile/base/pacemaker.pp_(IaC)_', 'puppet-tripleo/manifests/profile/base/placement/authtoken.pp_(IaC)_', 'puppet-tripleo/manifests/profile/base/qdr.pp_(IaC)_', 'puppet-tripleo/manifests/profile/base/rabbitmq.pp_(IaC)_', 'puppet-tripleo/manifests/tls_proxy.pp_(IaC)_', 'puppet-tripleo/spec/classes/tripleo_profile_base_designate_central_spec.rb_(Other)_', 'puppet-tripleo/spec/classes/tripleo_profile_base_metrics_collectd_spec.rb_(Other)_', 'puppet-tripleo/spec/classes/tripleo_profile_base_nova_conductor_spec.rb_(Other)_', 'puppet-tripleo/spec/classes/tripleo_profile_base_octavia_api_spec.rb_(Other)_', 'puppet-tripleo/spec/classes/tripleo_profile_base_swift_proxy_spec.rb_(Other)_', 'puppet-tripleo/spec/fixtures/hieradata/default.yaml_(Other)_'], ['puppet-tripleo/manifests/profile/base/glance/api.pp_(IaC)_']]","['12f14d95bb1ea4bd78e96f1f350b4bf9e2d38c3a', 'c9ba6a26219dbee9e8fd168f2b76bf7602c00f30', 'd4afc29038916ef88c5cfdb67028b3ff6d7133fb', '8794022fcb72f0ca4c4a33675bbfba960c84e8f9', '373dee4156a628384c774abdbd65e890901d678c', '31b1caa15e2e0c807b90cd46133fe94a7ca1d8f3', 'c4890a2b0072367f1bc8f182f5285e4eb33f2e05', 'b3be1dc18c8284852905797d91b67d2dcd6a1a10']","[0.0, 0.0, 0.0, 0.0, 0.0, 0.0, 0.5714285714285714, 0.0]","[0.0, 0.0, 0.0, 0.0, 0.0, 0.0, 0.08888888888888889, 0.0]","[0, 0, 0, 0, 0, 0, 0.15384615384615385, 0]","[0, 0, 0, 0, 0, 0, 1, 0]","[0, 0, 0, 0, 0, 0, 1.0, 0]"
"[7, 7, 7, 7, 7, 7, 7, 7]","[[228, 406, 403, 235, 232, 233, 293], [228, 406, 403, 235, 232, 233, 293], [228, 406, 403, 235, 232, 233, 293], [228, 406, 403, 235, 232, 233, 293], [228, 406, 403, 235, 232, 233, 293], [228, 406, 403, 235, 232, 233, 293], [228, 406, 403, 235, 232, 233, 293], [228, 406, 403, 235, 232, 233, 293]]","[['puppet-tripleo/manifests/profile/base/keystone.pp_(IaC)_', 'puppet-tripleo/manifests/haproxy/endpoint.pp_(IaC)_', 'puppet-tripleo/manifests/haproxy/horizon_endpoint.pp_(IaC)_', 'puppet-tripleo/manifests/profile/base/manila.pp_(IaC)_', 'puppet-tripleo/manifests/profile/base/horizon.pp_(IaC)_', 'puppet-tripleo/manifests/profile/base/ironic.pp_(IaC)_', 'puppet-tripleo/manifests/profile/base/gnocchi/api.pp_(IaC)_'], ['puppet-tripleo/manifests/profile/base/keystone.pp_(IaC)_', 'puppet-tripleo/manifests/haproxy/endpoint.pp_(IaC)_', 'puppet-tripleo/manifests/haproxy/horizon_endpoint.pp_(IaC)_', 'puppet-tripleo/manifests/profile/base/manila.pp_(IaC)_', 'puppet-tripleo/manifests/profile/base/horizon.pp_(IaC)_', 'puppet-tripleo/manifests/profile/base/ironic.pp_(IaC)_', 'puppet-tripleo/manifests/profile/base/gnocchi/api.pp_(IaC)_'], ['puppet-tripleo/manifests/profile/base/keystone.pp_(IaC)_', 'puppet-tripleo/manifests/haproxy/endpoint.pp_(IaC)_', 'puppet-tripleo/manifests/haproxy/horizon_endpoint.pp_(IaC)_', 'puppet-tripleo/manifests/profile/base/manila.pp_(IaC)_', 'puppet-tripleo/manifests/profile/base/horizon.pp_(IaC)_', 'puppet-tripleo/manifests/profile/base/ironic.pp_(IaC)_', 'puppet-tripleo/manifests/profile/base/gnocchi/api.pp_(IaC)_'], ['puppet-tripleo/manifests/profile/base/keystone.pp_(IaC)_', 'puppet-tripleo/manifests/haproxy/endpoint.pp_(IaC)_', 'puppet-tripleo/manifests/haproxy/horizon_endpoint.pp_(IaC)_', 'puppet-tripleo/manifests/profile/base/manila.pp_(IaC)_', 'puppet-tripleo/manifests/profile/base/horizon.pp_(IaC)_', 'puppet-tripleo/manifests/profile/base/ironic.pp_(IaC)_', 'puppet-tripleo/manifests/profile/base/gnocchi/api.pp_(IaC)_'], ['puppet-tripleo/manifests/profile/base/keystone.pp_(IaC)_', 'puppet-tripleo/manifests/haproxy/endpoint.pp_(IaC)_', 'puppet-tripleo/manifests/haproxy/horizon_endpoint.pp_(IaC)_', 'puppet-tripleo/manifests/profile/base/manila.pp_(IaC)_', 'puppet-tripleo/manifests/profile/base/horizon.pp_(IaC)_', 'puppet-tripleo/manifests/profile/base/ironic.pp_(IaC)_', 'puppet-tripleo/manifests/profile/base/gnocchi/api.pp_(IaC)_'], ['puppet-tripleo/manifests/profile/base/keystone.pp_(IaC)_', 'puppet-tripleo/manifests/haproxy/endpoint.pp_(IaC)_', 'puppet-tripleo/manifests/haproxy/horizon_endpoint.pp_(IaC)_', 'puppet-tripleo/manifests/profile/base/manila.pp_(IaC)_', 'puppet-tripleo/manifests/profile/base/horizon.pp_(IaC)_', 'puppet-tripleo/manifests/profile/base/ironic.pp_(IaC)_', 'puppet-tripleo/manifests/profile/base/gnocchi/api.pp_(IaC)_'], ['puppet-tripleo/manifests/profile/base/keystone.pp_(IaC)_', 'puppet-tripleo/manifests/haproxy/endpoint.pp_(IaC)_', 'puppet-tripleo/manifests/haproxy/horizon_endpoint.pp_(IaC)_', 'puppet-tripleo/manifests/profile/base/manila.pp_(IaC)_', 'puppet-tripleo/manifests/profile/base/horizon.pp_(IaC)_', 'puppet-tripleo/manifests/profile/base/ironic.pp_(IaC)_', 'puppet-tripleo/manifests/profile/base/gnocchi/api.pp_(IaC)_'], ['puppet-tripleo/manifests/profile/base/keystone.pp_(IaC)_', 'puppet-tripleo/manifests/haproxy/endpoint.pp_(IaC)_', 'puppet-tripleo/manifests/haproxy/horizon_endpoint.pp_(IaC)_', 'puppet-tripleo/manifests/profile/base/manila.pp_(IaC)_', 'puppet-tripleo/manifests/profile/base/horizon.pp_(IaC)_', 'puppet-tripleo/manifests/profile/base/ironic.pp_(IaC)_', 'puppet-tripleo/manifests/profile/base/gnocchi/api.pp_(IaC)_']]","[['puppet-tripleo/manifests/haproxy/stats.pp_(IaC)_'], ['puppet-tripleo/spec/classes/tripleo_haproxy_spec.rb_(Other)_'], ['puppet-tripleo/manifests/haproxy/endpoint.pp_(IaC)_'], ['puppet-tripleo/releasenotes/notes/haproxy-remove-activate_httplog-87325732ab9ca721.yaml_(Other)_', 'puppet-tripleo/spec/classes/tripleo_haproxy_spec.rb_(Other)_'], ['puppet-tripleo/manifests/firewall.pp_(IaC)_', 'puppet-tripleo/manifests/firewall/post.pp_(IaC)_', 'puppet-tripleo/manifests/firewall/pre.pp_(IaC)_', 'puppet-tripleo/manifests/firewall/service_rules.pp_(IaC)_', 'puppet-tripleo/manifests/haproxy/endpoint.pp_(IaC)_', 'puppet-tripleo/manifests/haproxy/horizon_endpoint.pp_(IaC)_', 'puppet-tripleo/manifests/profile/base/haproxy.pp_(IaC)_', 'puppet-tripleo/spec/classes/tripleo_firewall_spec.rb_(Other)_', 'puppet-tripleo/spec/defines/tripleo_firewall_service_rules_spec.rb_(Other)_'], ['puppet-tripleo/manifests/haproxy/endpoint.pp_(IaC)_', 'puppet-tripleo/manifests/haproxy/horizon_endpoint.pp_(IaC)_', 'puppet-tripleo/manifests/haproxy/service_endpoints.pp_(IaC)_', 'puppet-tripleo/manifests/haproxy/stats.pp_(IaC)_'], ['puppet-tripleo/manifests/fencing.pp_(IaC)_', 'puppet-tripleo/manifests/haproxy/endpoint.pp_(IaC)_', 'puppet-tripleo/manifests/haproxy/horizon_endpoint.pp_(IaC)_', 'puppet-tripleo/manifests/profile/base/aodh/authtoken.pp_(IaC)_', 'puppet-tripleo/manifests/profile/base/apache.pp_(IaC)_', 'puppet-tripleo/manifests/profile/base/cinder.pp_(IaC)_', 'puppet-tripleo/manifests/profile/base/cinder/authtoken.pp_(IaC)_', 'puppet-tripleo/manifests/profile/base/cinder/volume/dellsc.pp_(IaC)_', 'puppet-tripleo/manifests/profile/base/cinder/volume/nvmeof.pp_(IaC)_', 'puppet-tripleo/manifests/profile/base/designate/authtoken.pp_(IaC)_', 'puppet-tripleo/manifests/profile/base/glance/authtoken.pp_(IaC)_', 'puppet-tripleo/manifests/profile/base/glance/backend/cinder.pp_(IaC)_', 'puppet-tripleo/manifests/profile/base/gnocchi/authtoken.pp_(IaC)_', 'puppet-tripleo/manifests/profile/base/heat.pp_(IaC)_', 'puppet-tripleo/manifests/profile/base/heat/authtoken.pp_(IaC)_', 'puppet-tripleo/manifests/profile/base/ironic/authtoken.pp_(IaC)_', 'puppet-tripleo/manifests/profile/base/ironic_inspector/authtoken.pp_(IaC)_', 'puppet-tripleo/manifests/profile/base/keystone.pp_(IaC)_', 'puppet-tripleo/manifests/profile/base/manila/authtoken.pp_(IaC)_', 'puppet-tripleo/manifests/profile/base/metrics/collectd.pp_(IaC)_', 'puppet-tripleo/manifests/profile/base/metrics/collectd/sensubility.pp_(IaC)_', 'puppet-tripleo/manifests/profile/base/metrics/qdr.pp_(IaC)_', 'puppet-tripleo/manifests/profile/base/neutron.pp_(IaC)_', 'puppet-tripleo/manifests/profile/base/neutron/authtoken.pp_(IaC)_', 'puppet-tripleo/manifests/profile/base/neutron/dhcp_agent_wrappers.pp_(IaC)_', 'puppet-tripleo/manifests/profile/base/neutron/l3_agent_wrappers.pp_(IaC)_', 'puppet-tripleo/manifests/profile/base/neutron/linuxbridge.pp_(IaC)_', 'puppet-tripleo/manifests/profile/base/neutron/ovn_metadata_agent_wrappers.pp_(IaC)_', 'puppet-tripleo/manifests/profile/base/nova.pp_(IaC)_', 'puppet-tripleo/manifests/profile/base/nova/api.pp_(IaC)_', 'puppet-tripleo/manifests/profile/base/nova/authtoken.pp_(IaC)_', 'puppet-tripleo/manifests/profile/base/nova/compute_libvirt_shared.pp_(IaC)_', 'puppet-tripleo/manifests/profile/base/nova/migration/client.pp_(IaC)_', 'puppet-tripleo/manifests/profile/base/octavia/authtoken.pp_(IaC)_', 'puppet-tripleo/manifests/profile/base/pacemaker.pp_(IaC)_', 'puppet-tripleo/manifests/profile/base/placement/authtoken.pp_(IaC)_', 'puppet-tripleo/manifests/profile/base/qdr.pp_(IaC)_', 'puppet-tripleo/manifests/profile/base/rabbitmq.pp_(IaC)_', 'puppet-tripleo/manifests/tls_proxy.pp_(IaC)_', 'puppet-tripleo/spec/classes/tripleo_profile_base_designate_central_spec.rb_(Other)_', 'puppet-tripleo/spec/classes/tripleo_profile_base_metrics_collectd_spec.rb_(Other)_', 'puppet-tripleo/spec/classes/tripleo_profile_base_nova_conductor_spec.rb_(Other)_', 'puppet-tripleo/spec/classes/tripleo_profile_base_octavia_api_spec.rb_(Other)_', 'puppet-tripleo/spec/classes/tripleo_profile_base_swift_proxy_spec.rb_(Other)_', 'puppet-tripleo/spec/fixtures/hieradata/default.yaml_(Other)_'], ['puppet-tripleo/manifests/profile/base/glance/api.pp_(IaC)_']]","['12f14d95bb1ea4bd78e96f1f350b4bf9e2d38c3a', 'c9ba6a26219dbee9e8fd168f2b76bf7602c00f30', 'd4afc29038916ef88c5cfdb67028b3ff6d7133fb', '8794022fcb72f0ca4c4a33675bbfba960c84e8f9', '373dee4156a628384c774abdbd65e890901d678c', '31b1caa15e2e0c807b90cd46133fe94a7ca1d8f3', 'c4890a2b0072367f1bc8f182f5285e4eb33f2e05', 'b3be1dc18c8284852905797d91b67d2dcd6a1a10']","[0.0, 0.0, 0.14285714285714285, 0.0, 0.2857142857142857, 0.2857142857142857, 0.42857142857142855, 0.0]","[0.0, 0.0, 1.0, 0.0, 0.2222222222222222, 0.5, 0.06666666666666667, 0.0]","[0, 0, 0.25, 0, 0.25, 0.36363636363636365, 0.11538461538461539, 0]","[0, 0, 1, 0, 1, 1, 1, 0]","[0, 0, 0.5, 0, 0.5, 0.5, 1.0, 0]"
"[7, 7, 7, 7, 7, 7, 7, 7]","[[228, 316, 227, 225, 235, 252, 232], [228, 316, 227, 225, 235, 252, 232], [228, 316, 227, 225, 235, 252, 232], [228, 316, 227, 225, 235, 252, 232], [228, 316, 227, 225, 235, 252, 232], [228, 316, 227, 225, 235, 252, 232], [228, 316, 227, 225, 235, 252, 232], [228, 316, 227, 225, 235, 252, 232]]","[['puppet-tripleo/manifests/profile/base/keystone.pp_(IaC)_', 'puppet-tripleo/manifests/profile/base/barbican/api.pp_(IaC)_', 'puppet-tripleo/manifests/profile/base/heat.pp_(IaC)_', 'puppet-tripleo/manifests/profile/base/neutron.pp_(IaC)_', 'puppet-tripleo/manifests/profile/base/manila.pp_(IaC)_', 'puppet-tripleo/manifests/profile/base/cinder.pp_(IaC)_', 'puppet-tripleo/manifests/profile/base/horizon.pp_(IaC)_'], ['puppet-tripleo/manifests/profile/base/keystone.pp_(IaC)_', 'puppet-tripleo/manifests/profile/base/barbican/api.pp_(IaC)_', 'puppet-tripleo/manifests/profile/base/heat.pp_(IaC)_', 'puppet-tripleo/manifests/profile/base/neutron.pp_(IaC)_', 'puppet-tripleo/manifests/profile/base/manila.pp_(IaC)_', 'puppet-tripleo/manifests/profile/base/cinder.pp_(IaC)_', 'puppet-tripleo/manifests/profile/base/horizon.pp_(IaC)_'], ['puppet-tripleo/manifests/profile/base/keystone.pp_(IaC)_', 'puppet-tripleo/manifests/profile/base/barbican/api.pp_(IaC)_', 'puppet-tripleo/manifests/profile/base/heat.pp_(IaC)_', 'puppet-tripleo/manifests/profile/base/neutron.pp_(IaC)_', 'puppet-tripleo/manifests/profile/base/manila.pp_(IaC)_', 'puppet-tripleo/manifests/profile/base/cinder.pp_(IaC)_', 'puppet-tripleo/manifests/profile/base/horizon.pp_(IaC)_'], ['puppet-tripleo/manifests/profile/base/keystone.pp_(IaC)_', 'puppet-tripleo/manifests/profile/base/barbican/api.pp_(IaC)_', 'puppet-tripleo/manifests/profile/base/heat.pp_(IaC)_', 'puppet-tripleo/manifests/profile/base/neutron.pp_(IaC)_', 'puppet-tripleo/manifests/profile/base/manila.pp_(IaC)_', 'puppet-tripleo/manifests/profile/base/cinder.pp_(IaC)_', 'puppet-tripleo/manifests/profile/base/horizon.pp_(IaC)_'], ['puppet-tripleo/manifests/profile/base/keystone.pp_(IaC)_', 'puppet-tripleo/manifests/profile/base/barbican/api.pp_(IaC)_', 'puppet-tripleo/manifests/profile/base/heat.pp_(IaC)_', 'puppet-tripleo/manifests/profile/base/neutron.pp_(IaC)_', 'puppet-tripleo/manifests/profile/base/manila.pp_(IaC)_', 'puppet-tripleo/manifests/profile/base/cinder.pp_(IaC)_', 'puppet-tripleo/manifests/profile/base/horizon.pp_(IaC)_'], ['puppet-tripleo/manifests/profile/base/keystone.pp_(IaC)_', 'puppet-tripleo/manifests/profile/base/barbican/api.pp_(IaC)_', 'puppet-tripleo/manifests/profile/base/heat.pp_(IaC)_', 'puppet-tripleo/manifests/profile/base/neutron.pp_(IaC)_', 'puppet-tripleo/manifests/profile/base/manila.pp_(IaC)_', 'puppet-tripleo/manifests/profile/base/cinder.pp_(IaC)_', 'puppet-tripleo/manifests/profile/base/horizon.pp_(IaC)_'], ['puppet-tripleo/manifests/profile/base/keystone.pp_(IaC)_', 'puppet-tripleo/manifests/profile/base/barbican/api.pp_(IaC)_', 'puppet-tripleo/manifests/profile/base/heat.pp_(IaC)_', 'puppet-tripleo/manifests/profile/base/neutron.pp_(IaC)_', 'puppet-tripleo/manifests/profile/base/manila.pp_(IaC)_', 'puppet-tripleo/manifests/profile/base/cinder.pp_(IaC)_', 'puppet-tripleo/manifests/profile/base/horizon.pp_(IaC)_'], ['puppet-tripleo/manifests/profile/base/keystone.pp_(IaC)_', 'puppet-tripleo/manifests/profile/base/barbican/api.pp_(IaC)_', 'puppet-tripleo/manifests/profile/base/heat.pp_(IaC)_', 'puppet-tripleo/manifests/profile/base/neutron.pp_(IaC)_', 'puppet-tripleo/manifests/profile/base/manila.pp_(IaC)_', 'puppet-tripleo/manifests/profile/base/cinder.pp_(IaC)_', 'puppet-tripleo/manifests/profile/base/horizon.pp_(IaC)_']]","[['puppet-tripleo/manifests/haproxy/stats.pp_(IaC)_'], ['puppet-tripleo/spec/classes/tripleo_haproxy_spec.rb_(Other)_'], ['puppet-tripleo/manifests/haproxy/endpoint.pp_(IaC)_'], ['puppet-tripleo/releasenotes/notes/haproxy-remove-activate_httplog-87325732ab9ca721.yaml_(Other)_', 'puppet-tripleo/spec/classes/tripleo_haproxy_spec.rb_(Other)_'], ['puppet-tripleo/manifests/firewall.pp_(IaC)_', 'puppet-tripleo/manifests/firewall/post.pp_(IaC)_', 'puppet-tripleo/manifests/firewall/pre.pp_(IaC)_', 'puppet-tripleo/manifests/firewall/service_rules.pp_(IaC)_', 'puppet-tripleo/manifests/haproxy/endpoint.pp_(IaC)_', 'puppet-tripleo/manifests/haproxy/horizon_endpoint.pp_(IaC)_', 'puppet-tripleo/manifests/profile/base/haproxy.pp_(IaC)_', 'puppet-tripleo/spec/classes/tripleo_firewall_spec.rb_(Other)_', 'puppet-tripleo/spec/defines/tripleo_firewall_service_rules_spec.rb_(Other)_'], ['puppet-tripleo/manifests/haproxy/endpoint.pp_(IaC)_', 'puppet-tripleo/manifests/haproxy/horizon_endpoint.pp_(IaC)_', 'puppet-tripleo/manifests/haproxy/service_endpoints.pp_(IaC)_', 'puppet-tripleo/manifests/haproxy/stats.pp_(IaC)_'], ['puppet-tripleo/manifests/fencing.pp_(IaC)_', 'puppet-tripleo/manifests/haproxy/endpoint.pp_(IaC)_', 'puppet-tripleo/manifests/haproxy/horizon_endpoint.pp_(IaC)_', 'puppet-tripleo/manifests/profile/base/aodh/authtoken.pp_(IaC)_', 'puppet-tripleo/manifests/profile/base/apache.pp_(IaC)_', 'puppet-tripleo/manifests/profile/base/cinder.pp_(IaC)_', 'puppet-tripleo/manifests/profile/base/cinder/authtoken.pp_(IaC)_', 'puppet-tripleo/manifests/profile/base/cinder/volume/dellsc.pp_(IaC)_', 'puppet-tripleo/manifests/profile/base/cinder/volume/nvmeof.pp_(IaC)_', 'puppet-tripleo/manifests/profile/base/designate/authtoken.pp_(IaC)_', 'puppet-tripleo/manifests/profile/base/glance/authtoken.pp_(IaC)_', 'puppet-tripleo/manifests/profile/base/glance/backend/cinder.pp_(IaC)_', 'puppet-tripleo/manifests/profile/base/gnocchi/authtoken.pp_(IaC)_', 'puppet-tripleo/manifests/profile/base/heat.pp_(IaC)_', 'puppet-tripleo/manifests/profile/base/heat/authtoken.pp_(IaC)_', 'puppet-tripleo/manifests/profile/base/ironic/authtoken.pp_(IaC)_', 'puppet-tripleo/manifests/profile/base/ironic_inspector/authtoken.pp_(IaC)_', 'puppet-tripleo/manifests/profile/base/keystone.pp_(IaC)_', 'puppet-tripleo/manifests/profile/base/manila/authtoken.pp_(IaC)_', 'puppet-tripleo/manifests/profile/base/metrics/collectd.pp_(IaC)_', 'puppet-tripleo/manifests/profile/base/metrics/collectd/sensubility.pp_(IaC)_', 'puppet-tripleo/manifests/profile/base/metrics/qdr.pp_(IaC)_', 'puppet-tripleo/manifests/profile/base/neutron.pp_(IaC)_', 'puppet-tripleo/manifests/profile/base/neutron/authtoken.pp_(IaC)_', 'puppet-tripleo/manifests/profile/base/neutron/dhcp_agent_wrappers.pp_(IaC)_', 'puppet-tripleo/manifests/profile/base/neutron/l3_agent_wrappers.pp_(IaC)_', 'puppet-tripleo/manifests/profile/base/neutron/linuxbridge.pp_(IaC)_', 'puppet-tripleo/manifests/profile/base/neutron/ovn_metadata_agent_wrappers.pp_(IaC)_', 'puppet-tripleo/manifests/profile/base/nova.pp_(IaC)_', 'puppet-tripleo/manifests/profile/base/nova/api.pp_(IaC)_', 'puppet-tripleo/manifests/profile/base/nova/authtoken.pp_(IaC)_', 'puppet-tripleo/manifests/profile/base/nova/compute_libvirt_shared.pp_(IaC)_', 'puppet-tripleo/manifests/profile/base/nova/migration/client.pp_(IaC)_', 'puppet-tripleo/manifests/profile/base/octavia/authtoken.pp_(IaC)_', 'puppet-tripleo/manifests/profile/base/pacemaker.pp_(IaC)_', 'puppet-tripleo/manifests/profile/base/placement/authtoken.pp_(IaC)_', 'puppet-tripleo/manifests/profile/base/qdr.pp_(IaC)_', 'puppet-tripleo/manifests/profile/base/rabbitmq.pp_(IaC)_', 'puppet-tripleo/manifests/tls_proxy.pp_(IaC)_', 'puppet-tripleo/spec/classes/tripleo_profile_base_designate_central_spec.rb_(Other)_', 'puppet-tripleo/spec/classes/tripleo_profile_base_metrics_collectd_spec.rb_(Other)_', 'puppet-tripleo/spec/classes/tripleo_profile_base_nova_conductor_spec.rb_(Other)_', 'puppet-tripleo/spec/classes/tripleo_profile_base_octavia_api_spec.rb_(Other)_', 'puppet-tripleo/spec/classes/tripleo_profile_base_swift_proxy_spec.rb_(Other)_', 'puppet-tripleo/spec/fixtures/hieradata/default.yaml_(Other)_'], ['puppet-tripleo/manifests/profile/base/glance/api.pp_(IaC)_']]","['12f14d95bb1ea4bd78e96f1f350b4bf9e2d38c3a', 'c9ba6a26219dbee9e8fd168f2b76bf7602c00f30', 'd4afc29038916ef88c5cfdb67028b3ff6d7133fb', '8794022fcb72f0ca4c4a33675bbfba960c84e8f9', '373dee4156a628384c774abdbd65e890901d678c', '31b1caa15e2e0c807b90cd46133fe94a7ca1d8f3', 'c4890a2b0072367f1bc8f182f5285e4eb33f2e05', 'b3be1dc18c8284852905797d91b67d2dcd6a1a10']","[0.0, 0.0, 0.0, 0.0, 0.0, 0.0, 0.5714285714285714, 0.0]","[0.0, 0.0, 0.0, 0.0, 0.0, 0.0, 0.08888888888888889, 0.0]","[0, 0, 0, 0, 0, 0, 0.15384615384615385, 0]","[0, 0, 0, 0, 0, 0, 1, 0]","[0, 0, 0, 0, 0, 0, 1.0, 0]"
"[7, 7, 7, 7, 7, 7, 7, 7]","[[228, 249, 391, 232, 401, 294, 324], [228, 249, 391, 232, 401, 294, 324], [228, 249, 391, 232, 401, 294, 324], [228, 249, 391, 232, 401, 294, 324], [228, 249, 391, 232, 401, 294, 324], [228, 249, 391, 232, 401, 294, 324], [228, 249, 391, 232, 401, 294, 324], [228, 249, 391, 232, 401, 294, 324]]","[['puppet-tripleo/manifests/profile/base/keystone.pp_(IaC)_', 'puppet-tripleo/manifests/profile/base/ceilometer.pp_(IaC)_', 'puppet-tripleo/manifests/profile/base/glance/api.pp_(IaC)_', 'puppet-tripleo/manifests/profile/base/horizon.pp_(IaC)_', 'puppet-tripleo/manifests/profile/base/placement/authtoken.pp_(IaC)_', 'puppet-tripleo/manifests/profile/base/gnocchi/authtoken.pp_(IaC)_', 'puppet-tripleo/manifests/profile/base/designate/api.pp_(IaC)_'], ['puppet-tripleo/manifests/profile/base/keystone.pp_(IaC)_', 'puppet-tripleo/manifests/profile/base/ceilometer.pp_(IaC)_', 'puppet-tripleo/manifests/profile/base/glance/api.pp_(IaC)_', 'puppet-tripleo/manifests/profile/base/horizon.pp_(IaC)_', 'puppet-tripleo/manifests/profile/base/placement/authtoken.pp_(IaC)_', 'puppet-tripleo/manifests/profile/base/gnocchi/authtoken.pp_(IaC)_', 'puppet-tripleo/manifests/profile/base/designate/api.pp_(IaC)_'], ['puppet-tripleo/manifests/profile/base/keystone.pp_(IaC)_', 'puppet-tripleo/manifests/profile/base/ceilometer.pp_(IaC)_', 'puppet-tripleo/manifests/profile/base/glance/api.pp_(IaC)_', 'puppet-tripleo/manifests/profile/base/horizon.pp_(IaC)_', 'puppet-tripleo/manifests/profile/base/placement/authtoken.pp_(IaC)_', 'puppet-tripleo/manifests/profile/base/gnocchi/authtoken.pp_(IaC)_', 'puppet-tripleo/manifests/profile/base/designate/api.pp_(IaC)_'], ['puppet-tripleo/manifests/profile/base/keystone.pp_(IaC)_', 'puppet-tripleo/manifests/profile/base/ceilometer.pp_(IaC)_', 'puppet-tripleo/manifests/profile/base/glance/api.pp_(IaC)_', 'puppet-tripleo/manifests/profile/base/horizon.pp_(IaC)_', 'puppet-tripleo/manifests/profile/base/placement/authtoken.pp_(IaC)_', 'puppet-tripleo/manifests/profile/base/gnocchi/authtoken.pp_(IaC)_', 'puppet-tripleo/manifests/profile/base/designate/api.pp_(IaC)_'], ['puppet-tripleo/manifests/profile/base/keystone.pp_(IaC)_', 'puppet-tripleo/manifests/profile/base/ceilometer.pp_(IaC)_', 'puppet-tripleo/manifests/profile/base/glance/api.pp_(IaC)_', 'puppet-tripleo/manifests/profile/base/horizon.pp_(IaC)_', 'puppet-tripleo/manifests/profile/base/placement/authtoken.pp_(IaC)_', 'puppet-tripleo/manifests/profile/base/gnocchi/authtoken.pp_(IaC)_', 'puppet-tripleo/manifests/profile/base/designate/api.pp_(IaC)_'], ['puppet-tripleo/manifests/profile/base/keystone.pp_(IaC)_', 'puppet-tripleo/manifests/profile/base/ceilometer.pp_(IaC)_', 'puppet-tripleo/manifests/profile/base/glance/api.pp_(IaC)_', 'puppet-tripleo/manifests/profile/base/horizon.pp_(IaC)_', 'puppet-tripleo/manifests/profile/base/placement/authtoken.pp_(IaC)_', 'puppet-tripleo/manifests/profile/base/gnocchi/authtoken.pp_(IaC)_', 'puppet-tripleo/manifests/profile/base/designate/api.pp_(IaC)_'], ['puppet-tripleo/manifests/profile/base/keystone.pp_(IaC)_', 'puppet-tripleo/manifests/profile/base/ceilometer.pp_(IaC)_', 'puppet-tripleo/manifests/profile/base/glance/api.pp_(IaC)_', 'puppet-tripleo/manifests/profile/base/horizon.pp_(IaC)_', 'puppet-tripleo/manifests/profile/base/placement/authtoken.pp_(IaC)_', 'puppet-tripleo/manifests/profile/base/gnocchi/authtoken.pp_(IaC)_', 'puppet-tripleo/manifests/profile/base/designate/api.pp_(IaC)_'], ['puppet-tripleo/manifests/profile/base/keystone.pp_(IaC)_', 'puppet-tripleo/manifests/profile/base/ceilometer.pp_(IaC)_', 'puppet-tripleo/manifests/profile/base/glance/api.pp_(IaC)_', 'puppet-tripleo/manifests/profile/base/horizon.pp_(IaC)_', 'puppet-tripleo/manifests/profile/base/placement/authtoken.pp_(IaC)_', 'puppet-tripleo/manifests/profile/base/gnocchi/authtoken.pp_(IaC)_', 'puppet-tripleo/manifests/profile/base/designate/api.pp_(IaC)_']]","[['puppet-tripleo/manifests/haproxy/stats.pp_(IaC)_'], ['puppet-tripleo/spec/classes/tripleo_haproxy_spec.rb_(Other)_'], ['puppet-tripleo/manifests/haproxy/endpoint.pp_(IaC)_'], ['puppet-tripleo/releasenotes/notes/haproxy-remove-activate_httplog-87325732ab9ca721.yaml_(Other)_', 'puppet-tripleo/spec/classes/tripleo_haproxy_spec.rb_(Other)_'], ['puppet-tripleo/manifests/firewall.pp_(IaC)_', 'puppet-tripleo/manifests/firewall/post.pp_(IaC)_', 'puppet-tripleo/manifests/firewall/pre.pp_(IaC)_', 'puppet-tripleo/manifests/firewall/service_rules.pp_(IaC)_', 'puppet-tripleo/manifests/haproxy/endpoint.pp_(IaC)_', 'puppet-tripleo/manifests/haproxy/horizon_endpoint.pp_(IaC)_', 'puppet-tripleo/manifests/profile/base/haproxy.pp_(IaC)_', 'puppet-tripleo/spec/classes/tripleo_firewall_spec.rb_(Other)_', 'puppet-tripleo/spec/defines/tripleo_firewall_service_rules_spec.rb_(Other)_'], ['puppet-tripleo/manifests/haproxy/endpoint.pp_(IaC)_', 'puppet-tripleo/manifests/haproxy/horizon_endpoint.pp_(IaC)_', 'puppet-tripleo/manifests/haproxy/service_endpoints.pp_(IaC)_', 'puppet-tripleo/manifests/haproxy/stats.pp_(IaC)_'], ['puppet-tripleo/manifests/fencing.pp_(IaC)_', 'puppet-tripleo/manifests/haproxy/endpoint.pp_(IaC)_', 'puppet-tripleo/manifests/haproxy/horizon_endpoint.pp_(IaC)_', 'puppet-tripleo/manifests/profile/base/aodh/authtoken.pp_(IaC)_', 'puppet-tripleo/manifests/profile/base/apache.pp_(IaC)_', 'puppet-tripleo/manifests/profile/base/cinder.pp_(IaC)_', 'puppet-tripleo/manifests/profile/base/cinder/authtoken.pp_(IaC)_', 'puppet-tripleo/manifests/profile/base/cinder/volume/dellsc.pp_(IaC)_', 'puppet-tripleo/manifests/profile/base/cinder/volume/nvmeof.pp_(IaC)_', 'puppet-tripleo/manifests/profile/base/designate/authtoken.pp_(IaC)_', 'puppet-tripleo/manifests/profile/base/glance/authtoken.pp_(IaC)_', 'puppet-tripleo/manifests/profile/base/glance/backend/cinder.pp_(IaC)_', 'puppet-tripleo/manifests/profile/base/gnocchi/authtoken.pp_(IaC)_', 'puppet-tripleo/manifests/profile/base/heat.pp_(IaC)_', 'puppet-tripleo/manifests/profile/base/heat/authtoken.pp_(IaC)_', 'puppet-tripleo/manifests/profile/base/ironic/authtoken.pp_(IaC)_', 'puppet-tripleo/manifests/profile/base/ironic_inspector/authtoken.pp_(IaC)_', 'puppet-tripleo/manifests/profile/base/keystone.pp_(IaC)_', 'puppet-tripleo/manifests/profile/base/manila/authtoken.pp_(IaC)_', 'puppet-tripleo/manifests/profile/base/metrics/collectd.pp_(IaC)_', 'puppet-tripleo/manifests/profile/base/metrics/collectd/sensubility.pp_(IaC)_', 'puppet-tripleo/manifests/profile/base/metrics/qdr.pp_(IaC)_', 'puppet-tripleo/manifests/profile/base/neutron.pp_(IaC)_', 'puppet-tripleo/manifests/profile/base/neutron/authtoken.pp_(IaC)_', 'puppet-tripleo/manifests/profile/base/neutron/dhcp_agent_wrappers.pp_(IaC)_', 'puppet-tripleo/manifests/profile/base/neutron/l3_agent_wrappers.pp_(IaC)_', 'puppet-tripleo/manifests/profile/base/neutron/linuxbridge.pp_(IaC)_', 'puppet-tripleo/manifests/profile/base/neutron/ovn_metadata_agent_wrappers.pp_(IaC)_', 'puppet-tripleo/manifests/profile/base/nova.pp_(IaC)_', 'puppet-tripleo/manifests/profile/base/nova/api.pp_(IaC)_', 'puppet-tripleo/manifests/profile/base/nova/authtoken.pp_(IaC)_', 'puppet-tripleo/manifests/profile/base/nova/compute_libvirt_shared.pp_(IaC)_', 'puppet-tripleo/manifests/profile/base/nova/migration/client.pp_(IaC)_', 'puppet-tripleo/manifests/profile/base/octavia/authtoken.pp_(IaC)_', 'puppet-tripleo/manifests/profile/base/pacemaker.pp_(IaC)_', 'puppet-tripleo/manifests/profile/base/placement/authtoken.pp_(IaC)_', 'puppet-tripleo/manifests/profile/base/qdr.pp_(IaC)_', 'puppet-tripleo/manifests/profile/base/rabbitmq.pp_(IaC)_', 'puppet-tripleo/manifests/tls_proxy.pp_(IaC)_', 'puppet-tripleo/spec/classes/tripleo_profile_base_designate_central_spec.rb_(Other)_', 'puppet-tripleo/spec/classes/tripleo_profile_base_metrics_collectd_spec.rb_(Other)_', 'puppet-tripleo/spec/classes/tripleo_profile_base_nova_conductor_spec.rb_(Other)_', 'puppet-tripleo/spec/classes/tripleo_profile_base_octavia_api_spec.rb_(Other)_', 'puppet-tripleo/spec/classes/tripleo_profile_base_swift_proxy_spec.rb_(Other)_', 'puppet-tripleo/spec/fixtures/hieradata/default.yaml_(Other)_'], ['puppet-tripleo/manifests/profile/base/glance/api.pp_(IaC)_']]","['12f14d95bb1ea4bd78e96f1f350b4bf9e2d38c3a', 'c9ba6a26219dbee9e8fd168f2b76bf7602c00f30', 'd4afc29038916ef88c5cfdb67028b3ff6d7133fb', '8794022fcb72f0ca4c4a33675bbfba960c84e8f9', '373dee4156a628384c774abdbd65e890901d678c', '31b1caa15e2e0c807b90cd46133fe94a7ca1d8f3', 'c4890a2b0072367f1bc8f182f5285e4eb33f2e05', 'b3be1dc18c8284852905797d91b67d2dcd6a1a10']","[0.0, 0.0, 0.0, 0.0, 0.0, 0.0, 0.42857142857142855, 0.14285714285714285]","[0.0, 0.0, 0.0, 0.0, 0.0, 0.0, 0.06666666666666667, 1.0]","[0, 0, 0, 0, 0, 0, 0.11538461538461539, 0.25]","[0, 0, 0, 0, 0, 0, 1, 1]","[0, 0, 0, 0, 0, 0, 1.0, 0.3333333333333333]"
"[7, 7, 7, 7, 7, 7, 7, 7]","[[228, 406, 227, 232, 301, 355, 324], [228, 406, 227, 232, 301, 355, 324], [228, 406, 227, 232, 301, 355, 324], [228, 406, 227, 232, 301, 355, 324], [228, 406, 227, 232, 301, 355, 324], [228, 406, 227, 232, 301, 355, 324], [228, 406, 227, 232, 301, 355, 324], [228, 406, 227, 232, 301, 355, 324]]","[['puppet-tripleo/manifests/profile/base/keystone.pp_(IaC)_', 'puppet-tripleo/manifests/haproxy/endpoint.pp_(IaC)_', 'puppet-tripleo/manifests/profile/base/heat.pp_(IaC)_', 'puppet-tripleo/manifests/profile/base/horizon.pp_(IaC)_', 'puppet-tripleo/manifests/profile/base/aodh/api.pp_(IaC)_', 'puppet-tripleo/manifests/profile/base/neutron/authtoken.pp_(IaC)_', 'puppet-tripleo/manifests/profile/base/designate/api.pp_(IaC)_'], ['puppet-tripleo/manifests/profile/base/keystone.pp_(IaC)_', 'puppet-tripleo/manifests/haproxy/endpoint.pp_(IaC)_', 'puppet-tripleo/manifests/profile/base/heat.pp_(IaC)_', 'puppet-tripleo/manifests/profile/base/horizon.pp_(IaC)_', 'puppet-tripleo/manifests/profile/base/aodh/api.pp_(IaC)_', 'puppet-tripleo/manifests/profile/base/neutron/authtoken.pp_(IaC)_', 'puppet-tripleo/manifests/profile/base/designate/api.pp_(IaC)_'], ['puppet-tripleo/manifests/profile/base/keystone.pp_(IaC)_', 'puppet-tripleo/manifests/haproxy/endpoint.pp_(IaC)_', 'puppet-tripleo/manifests/profile/base/heat.pp_(IaC)_', 'puppet-tripleo/manifests/profile/base/horizon.pp_(IaC)_', 'puppet-tripleo/manifests/profile/base/aodh/api.pp_(IaC)_', 'puppet-tripleo/manifests/profile/base/neutron/authtoken.pp_(IaC)_', 'puppet-tripleo/manifests/profile/base/designate/api.pp_(IaC)_'], ['puppet-tripleo/manifests/profile/base/keystone.pp_(IaC)_', 'puppet-tripleo/manifests/haproxy/endpoint.pp_(IaC)_', 'puppet-tripleo/manifests/profile/base/heat.pp_(IaC)_', 'puppet-tripleo/manifests/profile/base/horizon.pp_(IaC)_', 'puppet-tripleo/manifests/profile/base/aodh/api.pp_(IaC)_', 'puppet-tripleo/manifests/profile/base/neutron/authtoken.pp_(IaC)_', 'puppet-tripleo/manifests/profile/base/designate/api.pp_(IaC)_'], ['puppet-tripleo/manifests/profile/base/keystone.pp_(IaC)_', 'puppet-tripleo/manifests/haproxy/endpoint.pp_(IaC)_', 'puppet-tripleo/manifests/profile/base/heat.pp_(IaC)_', 'puppet-tripleo/manifests/profile/base/horizon.pp_(IaC)_', 'puppet-tripleo/manifests/profile/base/aodh/api.pp_(IaC)_', 'puppet-tripleo/manifests/profile/base/neutron/authtoken.pp_(IaC)_', 'puppet-tripleo/manifests/profile/base/designate/api.pp_(IaC)_'], ['puppet-tripleo/manifests/profile/base/keystone.pp_(IaC)_', 'puppet-tripleo/manifests/haproxy/endpoint.pp_(IaC)_', 'puppet-tripleo/manifests/profile/base/heat.pp_(IaC)_', 'puppet-tripleo/manifests/profile/base/horizon.pp_(IaC)_', 'puppet-tripleo/manifests/profile/base/aodh/api.pp_(IaC)_', 'puppet-tripleo/manifests/profile/base/neutron/authtoken.pp_(IaC)_', 'puppet-tripleo/manifests/profile/base/designate/api.pp_(IaC)_'], ['puppet-tripleo/manifests/profile/base/keystone.pp_(IaC)_', 'puppet-tripleo/manifests/haproxy/endpoint.pp_(IaC)_', 'puppet-tripleo/manifests/profile/base/heat.pp_(IaC)_', 'puppet-tripleo/manifests/profile/base/horizon.pp_(IaC)_', 'puppet-tripleo/manifests/profile/base/aodh/api.pp_(IaC)_', 'puppet-tripleo/manifests/profile/base/neutron/authtoken.pp_(IaC)_', 'puppet-tripleo/manifests/profile/base/designate/api.pp_(IaC)_'], ['puppet-tripleo/manifests/profile/base/keystone.pp_(IaC)_', 'puppet-tripleo/manifests/haproxy/endpoint.pp_(IaC)_', 'puppet-tripleo/manifests/profile/base/heat.pp_(IaC)_', 'puppet-tripleo/manifests/profile/base/horizon.pp_(IaC)_', 'puppet-tripleo/manifests/profile/base/aodh/api.pp_(IaC)_', 'puppet-tripleo/manifests/profile/base/neutron/authtoken.pp_(IaC)_', 'puppet-tripleo/manifests/profile/base/designate/api.pp_(IaC)_']]","[['puppet-tripleo/manifests/haproxy/stats.pp_(IaC)_'], ['puppet-tripleo/spec/classes/tripleo_haproxy_spec.rb_(Other)_'], ['puppet-tripleo/manifests/haproxy/endpoint.pp_(IaC)_'], ['puppet-tripleo/releasenotes/notes/haproxy-remove-activate_httplog-87325732ab9ca721.yaml_(Other)_', 'puppet-tripleo/spec/classes/tripleo_haproxy_spec.rb_(Other)_'], ['puppet-tripleo/manifests/firewall.pp_(IaC)_', 'puppet-tripleo/manifests/firewall/post.pp_(IaC)_', 'puppet-tripleo/manifests/firewall/pre.pp_(IaC)_', 'puppet-tripleo/manifests/firewall/service_rules.pp_(IaC)_', 'puppet-tripleo/manifests/haproxy/endpoint.pp_(IaC)_', 'puppet-tripleo/manifests/haproxy/horizon_endpoint.pp_(IaC)_', 'puppet-tripleo/manifests/profile/base/haproxy.pp_(IaC)_', 'puppet-tripleo/spec/classes/tripleo_firewall_spec.rb_(Other)_', 'puppet-tripleo/spec/defines/tripleo_firewall_service_rules_spec.rb_(Other)_'], ['puppet-tripleo/manifests/haproxy/endpoint.pp_(IaC)_', 'puppet-tripleo/manifests/haproxy/horizon_endpoint.pp_(IaC)_', 'puppet-tripleo/manifests/haproxy/service_endpoints.pp_(IaC)_', 'puppet-tripleo/manifests/haproxy/stats.pp_(IaC)_'], ['puppet-tripleo/manifests/fencing.pp_(IaC)_', 'puppet-tripleo/manifests/haproxy/endpoint.pp_(IaC)_', 'puppet-tripleo/manifests/haproxy/horizon_endpoint.pp_(IaC)_', 'puppet-tripleo/manifests/profile/base/aodh/authtoken.pp_(IaC)_', 'puppet-tripleo/manifests/profile/base/apache.pp_(IaC)_', 'puppet-tripleo/manifests/profile/base/cinder.pp_(IaC)_', 'puppet-tripleo/manifests/profile/base/cinder/authtoken.pp_(IaC)_', 'puppet-tripleo/manifests/profile/base/cinder/volume/dellsc.pp_(IaC)_', 'puppet-tripleo/manifests/profile/base/cinder/volume/nvmeof.pp_(IaC)_', 'puppet-tripleo/manifests/profile/base/designate/authtoken.pp_(IaC)_', 'puppet-tripleo/manifests/profile/base/glance/authtoken.pp_(IaC)_', 'puppet-tripleo/manifests/profile/base/glance/backend/cinder.pp_(IaC)_', 'puppet-tripleo/manifests/profile/base/gnocchi/authtoken.pp_(IaC)_', 'puppet-tripleo/manifests/profile/base/heat.pp_(IaC)_', 'puppet-tripleo/manifests/profile/base/heat/authtoken.pp_(IaC)_', 'puppet-tripleo/manifests/profile/base/ironic/authtoken.pp_(IaC)_', 'puppet-tripleo/manifests/profile/base/ironic_inspector/authtoken.pp_(IaC)_', 'puppet-tripleo/manifests/profile/base/keystone.pp_(IaC)_', 'puppet-tripleo/manifests/profile/base/manila/authtoken.pp_(IaC)_', 'puppet-tripleo/manifests/profile/base/metrics/collectd.pp_(IaC)_', 'puppet-tripleo/manifests/profile/base/metrics/collectd/sensubility.pp_(IaC)_', 'puppet-tripleo/manifests/profile/base/metrics/qdr.pp_(IaC)_', 'puppet-tripleo/manifests/profile/base/neutron.pp_(IaC)_', 'puppet-tripleo/manifests/profile/base/neutron/authtoken.pp_(IaC)_', 'puppet-tripleo/manifests/profile/base/neutron/dhcp_agent_wrappers.pp_(IaC)_', 'puppet-tripleo/manifests/profile/base/neutron/l3_agent_wrappers.pp_(IaC)_', 'puppet-tripleo/manifests/profile/base/neutron/linuxbridge.pp_(IaC)_', 'puppet-tripleo/manifests/profile/base/neutron/ovn_metadata_agent_wrappers.pp_(IaC)_', 'puppet-tripleo/manifests/profile/base/nova.pp_(IaC)_', 'puppet-tripleo/manifests/profile/base/nova/api.pp_(IaC)_', 'puppet-tripleo/manifests/profile/base/nova/authtoken.pp_(IaC)_', 'puppet-tripleo/manifests/profile/base/nova/compute_libvirt_shared.pp_(IaC)_', 'puppet-tripleo/manifests/profile/base/nova/migration/client.pp_(IaC)_', 'puppet-tripleo/manifests/profile/base/octavia/authtoken.pp_(IaC)_', 'puppet-tripleo/manifests/profile/base/pacemaker.pp_(IaC)_', 'puppet-tripleo/manifests/profile/base/placement/authtoken.pp_(IaC)_', 'puppet-tripleo/manifests/profile/base/qdr.pp_(IaC)_', 'puppet-tripleo/manifests/profile/base/rabbitmq.pp_(IaC)_', 'puppet-tripleo/manifests/tls_proxy.pp_(IaC)_', 'puppet-tripleo/spec/classes/tripleo_profile_base_designate_central_spec.rb_(Other)_', 'puppet-tripleo/spec/classes/tripleo_profile_base_metrics_collectd_spec.rb_(Other)_', 'puppet-tripleo/spec/classes/tripleo_profile_base_nova_conductor_spec.rb_(Other)_', 'puppet-tripleo/spec/classes/tripleo_profile_base_octavia_api_spec.rb_(Other)_', 'puppet-tripleo/spec/classes/tripleo_profile_base_swift_proxy_spec.rb_(Other)_', 'puppet-tripleo/spec/fixtures/hieradata/default.yaml_(Other)_'], ['puppet-tripleo/manifests/profile/base/glance/api.pp_(IaC)_']]","['12f14d95bb1ea4bd78e96f1f350b4bf9e2d38c3a', 'c9ba6a26219dbee9e8fd168f2b76bf7602c00f30', 'd4afc29038916ef88c5cfdb67028b3ff6d7133fb', '8794022fcb72f0ca4c4a33675bbfba960c84e8f9', '373dee4156a628384c774abdbd65e890901d678c', '31b1caa15e2e0c807b90cd46133fe94a7ca1d8f3', 'c4890a2b0072367f1bc8f182f5285e4eb33f2e05', 'b3be1dc18c8284852905797d91b67d2dcd6a1a10']","[0.0, 0.0, 0.14285714285714285, 0.0, 0.14285714285714285, 0.14285714285714285, 0.5714285714285714, 0.0]","[0.0, 0.0, 1.0, 0.0, 0.1111111111111111, 0.25, 0.08888888888888889, 0.0]","[0, 0, 0.25, 0, 0.125, 0.18181818181818182, 0.15384615384615385, 0]","[0, 0, 1, 0, 1, 1, 1, 0]","[0, 0, 0.5, 0, 0.5, 0.5, 1.0, 0]"
"[7, 7, 7, 7, 7, 7, 7, 7]","[[228, 249, 235, 233, 306, 299, 301], [228, 249, 235, 233, 306, 299, 301], [228, 249, 235, 233, 306, 299, 301], [228, 249, 235, 233, 306, 299, 301], [228, 249, 235, 233, 306, 299, 301], [228, 249, 235, 233, 306, 299, 301], [228, 249, 235, 233, 306, 299, 301], [228, 249, 235, 233, 306, 299, 301]]","[['puppet-tripleo/manifests/profile/base/keystone.pp_(IaC)_', 'puppet-tripleo/manifests/profile/base/ceilometer.pp_(IaC)_', 'puppet-tripleo/manifests/profile/base/manila.pp_(IaC)_', 'puppet-tripleo/manifests/profile/base/ironic.pp_(IaC)_', 'puppet-tripleo/manifests/profile/base/manila/share.pp_(IaC)_', 'puppet-tripleo/manifests/profile/base/heat/authtoken.pp_(IaC)_', 'puppet-tripleo/manifests/profile/base/aodh/api.pp_(IaC)_'], ['puppet-tripleo/manifests/profile/base/keystone.pp_(IaC)_', 'puppet-tripleo/manifests/profile/base/ceilometer.pp_(IaC)_', 'puppet-tripleo/manifests/profile/base/manila.pp_(IaC)_', 'puppet-tripleo/manifests/profile/base/ironic.pp_(IaC)_', 'puppet-tripleo/manifests/profile/base/manila/share.pp_(IaC)_', 'puppet-tripleo/manifests/profile/base/heat/authtoken.pp_(IaC)_', 'puppet-tripleo/manifests/profile/base/aodh/api.pp_(IaC)_'], ['puppet-tripleo/manifests/profile/base/keystone.pp_(IaC)_', 'puppet-tripleo/manifests/profile/base/ceilometer.pp_(IaC)_', 'puppet-tripleo/manifests/profile/base/manila.pp_(IaC)_', 'puppet-tripleo/manifests/profile/base/ironic.pp_(IaC)_', 'puppet-tripleo/manifests/profile/base/manila/share.pp_(IaC)_', 'puppet-tripleo/manifests/profile/base/heat/authtoken.pp_(IaC)_', 'puppet-tripleo/manifests/profile/base/aodh/api.pp_(IaC)_'], ['puppet-tripleo/manifests/profile/base/keystone.pp_(IaC)_', 'puppet-tripleo/manifests/profile/base/ceilometer.pp_(IaC)_', 'puppet-tripleo/manifests/profile/base/manila.pp_(IaC)_', 'puppet-tripleo/manifests/profile/base/ironic.pp_(IaC)_', 'puppet-tripleo/manifests/profile/base/manila/share.pp_(IaC)_', 'puppet-tripleo/manifests/profile/base/heat/authtoken.pp_(IaC)_', 'puppet-tripleo/manifests/profile/base/aodh/api.pp_(IaC)_'], ['puppet-tripleo/manifests/profile/base/keystone.pp_(IaC)_', 'puppet-tripleo/manifests/profile/base/ceilometer.pp_(IaC)_', 'puppet-tripleo/manifests/profile/base/manila.pp_(IaC)_', 'puppet-tripleo/manifests/profile/base/ironic.pp_(IaC)_', 'puppet-tripleo/manifests/profile/base/manila/share.pp_(IaC)_', 'puppet-tripleo/manifests/profile/base/heat/authtoken.pp_(IaC)_', 'puppet-tripleo/manifests/profile/base/aodh/api.pp_(IaC)_'], ['puppet-tripleo/manifests/profile/base/keystone.pp_(IaC)_', 'puppet-tripleo/manifests/profile/base/ceilometer.pp_(IaC)_', 'puppet-tripleo/manifests/profile/base/manila.pp_(IaC)_', 'puppet-tripleo/manifests/profile/base/ironic.pp_(IaC)_', 'puppet-tripleo/manifests/profile/base/manila/share.pp_(IaC)_', 'puppet-tripleo/manifests/profile/base/heat/authtoken.pp_(IaC)_', 'puppet-tripleo/manifests/profile/base/aodh/api.pp_(IaC)_'], ['puppet-tripleo/manifests/profile/base/keystone.pp_(IaC)_', 'puppet-tripleo/manifests/profile/base/ceilometer.pp_(IaC)_', 'puppet-tripleo/manifests/profile/base/manila.pp_(IaC)_', 'puppet-tripleo/manifests/profile/base/ironic.pp_(IaC)_', 'puppet-tripleo/manifests/profile/base/manila/share.pp_(IaC)_', 'puppet-tripleo/manifests/profile/base/heat/authtoken.pp_(IaC)_', 'puppet-tripleo/manifests/profile/base/aodh/api.pp_(IaC)_'], ['puppet-tripleo/manifests/profile/base/keystone.pp_(IaC)_', 'puppet-tripleo/manifests/profile/base/ceilometer.pp_(IaC)_', 'puppet-tripleo/manifests/profile/base/manila.pp_(IaC)_', 'puppet-tripleo/manifests/profile/base/ironic.pp_(IaC)_', 'puppet-tripleo/manifests/profile/base/manila/share.pp_(IaC)_', 'puppet-tripleo/manifests/profile/base/heat/authtoken.pp_(IaC)_', 'puppet-tripleo/manifests/profile/base/aodh/api.pp_(IaC)_']]","[['puppet-tripleo/manifests/haproxy/stats.pp_(IaC)_'], ['puppet-tripleo/spec/classes/tripleo_haproxy_spec.rb_(Other)_'], ['puppet-tripleo/manifests/haproxy/endpoint.pp_(IaC)_'], ['puppet-tripleo/releasenotes/notes/haproxy-remove-activate_httplog-87325732ab9ca721.yaml_(Other)_', 'puppet-tripleo/spec/classes/tripleo_haproxy_spec.rb_(Other)_'], ['puppet-tripleo/manifests/firewall.pp_(IaC)_', 'puppet-tripleo/manifests/firewall/post.pp_(IaC)_', 'puppet-tripleo/manifests/firewall/pre.pp_(IaC)_', 'puppet-tripleo/manifests/firewall/service_rules.pp_(IaC)_', 'puppet-tripleo/manifests/haproxy/endpoint.pp_(IaC)_', 'puppet-tripleo/manifests/haproxy/horizon_endpoint.pp_(IaC)_', 'puppet-tripleo/manifests/profile/base/haproxy.pp_(IaC)_', 'puppet-tripleo/spec/classes/tripleo_firewall_spec.rb_(Other)_', 'puppet-tripleo/spec/defines/tripleo_firewall_service_rules_spec.rb_(Other)_'], ['puppet-tripleo/manifests/haproxy/endpoint.pp_(IaC)_', 'puppet-tripleo/manifests/haproxy/horizon_endpoint.pp_(IaC)_', 'puppet-tripleo/manifests/haproxy/service_endpoints.pp_(IaC)_', 'puppet-tripleo/manifests/haproxy/stats.pp_(IaC)_'], ['puppet-tripleo/manifests/fencing.pp_(IaC)_', 'puppet-tripleo/manifests/haproxy/endpoint.pp_(IaC)_', 'puppet-tripleo/manifests/haproxy/horizon_endpoint.pp_(IaC)_', 'puppet-tripleo/manifests/profile/base/aodh/authtoken.pp_(IaC)_', 'puppet-tripleo/manifests/profile/base/apache.pp_(IaC)_', 'puppet-tripleo/manifests/profile/base/cinder.pp_(IaC)_', 'puppet-tripleo/manifests/profile/base/cinder/authtoken.pp_(IaC)_', 'puppet-tripleo/manifests/profile/base/cinder/volume/dellsc.pp_(IaC)_', 'puppet-tripleo/manifests/profile/base/cinder/volume/nvmeof.pp_(IaC)_', 'puppet-tripleo/manifests/profile/base/designate/authtoken.pp_(IaC)_', 'puppet-tripleo/manifests/profile/base/glance/authtoken.pp_(IaC)_', 'puppet-tripleo/manifests/profile/base/glance/backend/cinder.pp_(IaC)_', 'puppet-tripleo/manifests/profile/base/gnocchi/authtoken.pp_(IaC)_', 'puppet-tripleo/manifests/profile/base/heat.pp_(IaC)_', 'puppet-tripleo/manifests/profile/base/heat/authtoken.pp_(IaC)_', 'puppet-tripleo/manifests/profile/base/ironic/authtoken.pp_(IaC)_', 'puppet-tripleo/manifests/profile/base/ironic_inspector/authtoken.pp_(IaC)_', 'puppet-tripleo/manifests/profile/base/keystone.pp_(IaC)_', 'puppet-tripleo/manifests/profile/base/manila/authtoken.pp_(IaC)_', 'puppet-tripleo/manifests/profile/base/metrics/collectd.pp_(IaC)_', 'puppet-tripleo/manifests/profile/base/metrics/collectd/sensubility.pp_(IaC)_', 'puppet-tripleo/manifests/profile/base/metrics/qdr.pp_(IaC)_', 'puppet-tripleo/manifests/profile/base/neutron.pp_(IaC)_', 'puppet-tripleo/manifests/profile/base/neutron/authtoken.pp_(IaC)_', 'puppet-tripleo/manifests/profile/base/neutron/dhcp_agent_wrappers.pp_(IaC)_', 'puppet-tripleo/manifests/profile/base/neutron/l3_agent_wrappers.pp_(IaC)_', 'puppet-tripleo/manifests/profile/base/neutron/linuxbridge.pp_(IaC)_', 'puppet-tripleo/manifests/profile/base/neutron/ovn_metadata_agent_wrappers.pp_(IaC)_', 'puppet-tripleo/manifests/profile/base/nova.pp_(IaC)_', 'puppet-tripleo/manifests/profile/base/nova/api.pp_(IaC)_', 'puppet-tripleo/manifests/profile/base/nova/authtoken.pp_(IaC)_', 'puppet-tripleo/manifests/profile/base/nova/compute_libvirt_shared.pp_(IaC)_', 'puppet-tripleo/manifests/profile/base/nova/migration/client.pp_(IaC)_', 'puppet-tripleo/manifests/profile/base/octavia/authtoken.pp_(IaC)_', 'puppet-tripleo/manifests/profile/base/pacemaker.pp_(IaC)_', 'puppet-tripleo/manifests/profile/base/placement/authtoken.pp_(IaC)_', 'puppet-tripleo/manifests/profile/base/qdr.pp_(IaC)_', 'puppet-tripleo/manifests/profile/base/rabbitmq.pp_(IaC)_', 'puppet-tripleo/manifests/tls_proxy.pp_(IaC)_', 'puppet-tripleo/spec/classes/tripleo_profile_base_designate_central_spec.rb_(Other)_', 'puppet-tripleo/spec/classes/tripleo_profile_base_metrics_collectd_spec.rb_(Other)_', 'puppet-tripleo/spec/classes/tripleo_profile_base_nova_conductor_spec.rb_(Other)_', 'puppet-tripleo/spec/classes/tripleo_profile_base_octavia_api_spec.rb_(Other)_', 'puppet-tripleo/spec/classes/tripleo_profile_base_swift_proxy_spec.rb_(Other)_', 'puppet-tripleo/spec/fixtures/hieradata/default.yaml_(Other)_'], ['puppet-tripleo/manifests/profile/base/glance/api.pp_(IaC)_']]","['12f14d95bb1ea4bd78e96f1f350b4bf9e2d38c3a', 'c9ba6a26219dbee9e8fd168f2b76bf7602c00f30', 'd4afc29038916ef88c5cfdb67028b3ff6d7133fb', '8794022fcb72f0ca4c4a33675bbfba960c84e8f9', '373dee4156a628384c774abdbd65e890901d678c', '31b1caa15e2e0c807b90cd46133fe94a7ca1d8f3', 'c4890a2b0072367f1bc8f182f5285e4eb33f2e05', 'b3be1dc18c8284852905797d91b67d2dcd6a1a10']","[0.0, 0.0, 0.0, 0.0, 0.0, 0.0, 0.2857142857142857, 0.0]","[0.0, 0.0, 0.0, 0.0, 0.0, 0.0, 0.044444444444444446, 0.0]","[0, 0, 0, 0, 0, 0, 0.07692307692307693, 0]","[0, 0, 0, 0, 0, 0, 1, 0]","[0, 0, 0, 0, 0, 0, 1.0, 0]"
"[7, 7, 7, 7, 7, 7, 7, 7]","[[228, 251, 225, 297, 392, 313, 240], [228, 251, 225, 297, 392, 313, 240], [228, 251, 225, 297, 392, 313, 240], [228, 251, 225, 297, 392, 313, 240], [228, 251, 225, 297, 392, 313, 240], [228, 251, 225, 297, 392, 313, 240], [228, 251, 225, 297, 392, 313, 240], [228, 251, 225, 297, 392, 313, 240]]","[['puppet-tripleo/manifests/profile/base/keystone.pp_(IaC)_', 'puppet-tripleo/manifests/profile/base/nova.pp_(IaC)_', 'puppet-tripleo/manifests/profile/base/neutron.pp_(IaC)_', 'puppet-tripleo/manifests/profile/base/heat/api.pp_(IaC)_', 'puppet-tripleo/manifests/profile/base/glance/authtoken.pp_(IaC)_', 'puppet-tripleo/manifests/profile/base/octavia/authtoken.pp_(IaC)_', 'puppet-tripleo/manifests/profile/base/pacemaker.pp_(IaC)_'], ['puppet-tripleo/manifests/profile/base/keystone.pp_(IaC)_', 'puppet-tripleo/manifests/profile/base/nova.pp_(IaC)_', 'puppet-tripleo/manifests/profile/base/neutron.pp_(IaC)_', 'puppet-tripleo/manifests/profile/base/heat/api.pp_(IaC)_', 'puppet-tripleo/manifests/profile/base/glance/authtoken.pp_(IaC)_', 'puppet-tripleo/manifests/profile/base/octavia/authtoken.pp_(IaC)_', 'puppet-tripleo/manifests/profile/base/pacemaker.pp_(IaC)_'], ['puppet-tripleo/manifests/profile/base/keystone.pp_(IaC)_', 'puppet-tripleo/manifests/profile/base/nova.pp_(IaC)_', 'puppet-tripleo/manifests/profile/base/neutron.pp_(IaC)_', 'puppet-tripleo/manifests/profile/base/heat/api.pp_(IaC)_', 'puppet-tripleo/manifests/profile/base/glance/authtoken.pp_(IaC)_', 'puppet-tripleo/manifests/profile/base/octavia/authtoken.pp_(IaC)_', 'puppet-tripleo/manifests/profile/base/pacemaker.pp_(IaC)_'], ['puppet-tripleo/manifests/profile/base/keystone.pp_(IaC)_', 'puppet-tripleo/manifests/profile/base/nova.pp_(IaC)_', 'puppet-tripleo/manifests/profile/base/neutron.pp_(IaC)_', 'puppet-tripleo/manifests/profile/base/heat/api.pp_(IaC)_', 'puppet-tripleo/manifests/profile/base/glance/authtoken.pp_(IaC)_', 'puppet-tripleo/manifests/profile/base/octavia/authtoken.pp_(IaC)_', 'puppet-tripleo/manifests/profile/base/pacemaker.pp_(IaC)_'], ['puppet-tripleo/manifests/profile/base/keystone.pp_(IaC)_', 'puppet-tripleo/manifests/profile/base/nova.pp_(IaC)_', 'puppet-tripleo/manifests/profile/base/neutron.pp_(IaC)_', 'puppet-tripleo/manifests/profile/base/heat/api.pp_(IaC)_', 'puppet-tripleo/manifests/profile/base/glance/authtoken.pp_(IaC)_', 'puppet-tripleo/manifests/profile/base/octavia/authtoken.pp_(IaC)_', 'puppet-tripleo/manifests/profile/base/pacemaker.pp_(IaC)_'], ['puppet-tripleo/manifests/profile/base/keystone.pp_(IaC)_', 'puppet-tripleo/manifests/profile/base/nova.pp_(IaC)_', 'puppet-tripleo/manifests/profile/base/neutron.pp_(IaC)_', 'puppet-tripleo/manifests/profile/base/heat/api.pp_(IaC)_', 'puppet-tripleo/manifests/profile/base/glance/authtoken.pp_(IaC)_', 'puppet-tripleo/manifests/profile/base/octavia/authtoken.pp_(IaC)_', 'puppet-tripleo/manifests/profile/base/pacemaker.pp_(IaC)_'], ['puppet-tripleo/manifests/profile/base/keystone.pp_(IaC)_', 'puppet-tripleo/manifests/profile/base/nova.pp_(IaC)_', 'puppet-tripleo/manifests/profile/base/neutron.pp_(IaC)_', 'puppet-tripleo/manifests/profile/base/heat/api.pp_(IaC)_', 'puppet-tripleo/manifests/profile/base/glance/authtoken.pp_(IaC)_', 'puppet-tripleo/manifests/profile/base/octavia/authtoken.pp_(IaC)_', 'puppet-tripleo/manifests/profile/base/pacemaker.pp_(IaC)_'], ['puppet-tripleo/manifests/profile/base/keystone.pp_(IaC)_', 'puppet-tripleo/manifests/profile/base/nova.pp_(IaC)_', 'puppet-tripleo/manifests/profile/base/neutron.pp_(IaC)_', 'puppet-tripleo/manifests/profile/base/heat/api.pp_(IaC)_', 'puppet-tripleo/manifests/profile/base/glance/authtoken.pp_(IaC)_', 'puppet-tripleo/manifests/profile/base/octavia/authtoken.pp_(IaC)_', 'puppet-tripleo/manifests/profile/base/pacemaker.pp_(IaC)_']]","[['puppet-tripleo/manifests/haproxy/stats.pp_(IaC)_'], ['puppet-tripleo/spec/classes/tripleo_haproxy_spec.rb_(Other)_'], ['puppet-tripleo/manifests/haproxy/endpoint.pp_(IaC)_'], ['puppet-tripleo/releasenotes/notes/haproxy-remove-activate_httplog-87325732ab9ca721.yaml_(Other)_', 'puppet-tripleo/spec/classes/tripleo_haproxy_spec.rb_(Other)_'], ['puppet-tripleo/manifests/firewall.pp_(IaC)_', 'puppet-tripleo/manifests/firewall/post.pp_(IaC)_', 'puppet-tripleo/manifests/firewall/pre.pp_(IaC)_', 'puppet-tripleo/manifests/firewall/service_rules.pp_(IaC)_', 'puppet-tripleo/manifests/haproxy/endpoint.pp_(IaC)_', 'puppet-tripleo/manifests/haproxy/horizon_endpoint.pp_(IaC)_', 'puppet-tripleo/manifests/profile/base/haproxy.pp_(IaC)_', 'puppet-tripleo/spec/classes/tripleo_firewall_spec.rb_(Other)_', 'puppet-tripleo/spec/defines/tripleo_firewall_service_rules_spec.rb_(Other)_'], ['puppet-tripleo/manifests/haproxy/endpoint.pp_(IaC)_', 'puppet-tripleo/manifests/haproxy/horizon_endpoint.pp_(IaC)_', 'puppet-tripleo/manifests/haproxy/service_endpoints.pp_(IaC)_', 'puppet-tripleo/manifests/haproxy/stats.pp_(IaC)_'], ['puppet-tripleo/manifests/fencing.pp_(IaC)_', 'puppet-tripleo/manifests/haproxy/endpoint.pp_(IaC)_', 'puppet-tripleo/manifests/haproxy/horizon_endpoint.pp_(IaC)_', 'puppet-tripleo/manifests/profile/base/aodh/authtoken.pp_(IaC)_', 'puppet-tripleo/manifests/profile/base/apache.pp_(IaC)_', 'puppet-tripleo/manifests/profile/base/cinder.pp_(IaC)_', 'puppet-tripleo/manifests/profile/base/cinder/authtoken.pp_(IaC)_', 'puppet-tripleo/manifests/profile/base/cinder/volume/dellsc.pp_(IaC)_', 'puppet-tripleo/manifests/profile/base/cinder/volume/nvmeof.pp_(IaC)_', 'puppet-tripleo/manifests/profile/base/designate/authtoken.pp_(IaC)_', 'puppet-tripleo/manifests/profile/base/glance/authtoken.pp_(IaC)_', 'puppet-tripleo/manifests/profile/base/glance/backend/cinder.pp_(IaC)_', 'puppet-tripleo/manifests/profile/base/gnocchi/authtoken.pp_(IaC)_', 'puppet-tripleo/manifests/profile/base/heat.pp_(IaC)_', 'puppet-tripleo/manifests/profile/base/heat/authtoken.pp_(IaC)_', 'puppet-tripleo/manifests/profile/base/ironic/authtoken.pp_(IaC)_', 'puppet-tripleo/manifests/profile/base/ironic_inspector/authtoken.pp_(IaC)_', 'puppet-tripleo/manifests/profile/base/keystone.pp_(IaC)_', 'puppet-tripleo/manifests/profile/base/manila/authtoken.pp_(IaC)_', 'puppet-tripleo/manifests/profile/base/metrics/collectd.pp_(IaC)_', 'puppet-tripleo/manifests/profile/base/metrics/collectd/sensubility.pp_(IaC)_', 'puppet-tripleo/manifests/profile/base/metrics/qdr.pp_(IaC)_', 'puppet-tripleo/manifests/profile/base/neutron.pp_(IaC)_', 'puppet-tripleo/manifests/profile/base/neutron/authtoken.pp_(IaC)_', 'puppet-tripleo/manifests/profile/base/neutron/dhcp_agent_wrappers.pp_(IaC)_', 'puppet-tripleo/manifests/profile/base/neutron/l3_agent_wrappers.pp_(IaC)_', 'puppet-tripleo/manifests/profile/base/neutron/linuxbridge.pp_(IaC)_', 'puppet-tripleo/manifests/profile/base/neutron/ovn_metadata_agent_wrappers.pp_(IaC)_', 'puppet-tripleo/manifests/profile/base/nova.pp_(IaC)_', 'puppet-tripleo/manifests/profile/base/nova/api.pp_(IaC)_', 'puppet-tripleo/manifests/profile/base/nova/authtoken.pp_(IaC)_', 'puppet-tripleo/manifests/profile/base/nova/compute_libvirt_shared.pp_(IaC)_', 'puppet-tripleo/manifests/profile/base/nova/migration/client.pp_(IaC)_', 'puppet-tripleo/manifests/profile/base/octavia/authtoken.pp_(IaC)_', 'puppet-tripleo/manifests/profile/base/pacemaker.pp_(IaC)_', 'puppet-tripleo/manifests/profile/base/placement/authtoken.pp_(IaC)_', 'puppet-tripleo/manifests/profile/base/qdr.pp_(IaC)_', 'puppet-tripleo/manifests/profile/base/rabbitmq.pp_(IaC)_', 'puppet-tripleo/manifests/tls_proxy.pp_(IaC)_', 'puppet-tripleo/spec/classes/tripleo_profile_base_designate_central_spec.rb_(Other)_', 'puppet-tripleo/spec/classes/tripleo_profile_base_metrics_collectd_spec.rb_(Other)_', 'puppet-tripleo/spec/classes/tripleo_profile_base_nova_conductor_spec.rb_(Other)_', 'puppet-tripleo/spec/classes/tripleo_profile_base_octavia_api_spec.rb_(Other)_', 'puppet-tripleo/spec/classes/tripleo_profile_base_swift_proxy_spec.rb_(Other)_', 'puppet-tripleo/spec/fixtures/hieradata/default.yaml_(Other)_'], ['puppet-tripleo/manifests/profile/base/glance/api.pp_(IaC)_']]","['12f14d95bb1ea4bd78e96f1f350b4bf9e2d38c3a', 'c9ba6a26219dbee9e8fd168f2b76bf7602c00f30', 'd4afc29038916ef88c5cfdb67028b3ff6d7133fb', '8794022fcb72f0ca4c4a33675bbfba960c84e8f9', '373dee4156a628384c774abdbd65e890901d678c', '31b1caa15e2e0c807b90cd46133fe94a7ca1d8f3', 'c4890a2b0072367f1bc8f182f5285e4eb33f2e05', 'b3be1dc18c8284852905797d91b67d2dcd6a1a10']","[0.0, 0.0, 0.0, 0.0, 0.0, 0.0, 0.8571428571428571, 0.0]","[0.0, 0.0, 0.0, 0.0, 0.0, 0.0, 0.13333333333333333, 0.0]","[0, 0, 0, 0, 0, 0, 0.23076923076923078, 0]","[0, 0, 0, 0, 0, 0, 1, 0]","[0, 0, 0, 0, 0, 0, 1.0, 0]"
"[7, 7, 7, 7, 7, 7, 7, 7]","[[245, 249, 235, 299, 334, 392, 294], [245, 249, 235, 299, 334, 392, 294], [245, 249, 235, 299, 334, 392, 294], [245, 249, 235, 299, 334, 392, 294], [245, 249, 235, 299, 334, 392, 294], [245, 249, 235, 299, 334, 392, 294], [245, 249, 235, 299, 334, 392, 294], [245, 249, 235, 299, 334, 392, 294]]","[['puppet-tripleo/manifests/profile/base/designate.pp_(IaC)_', 'puppet-tripleo/manifests/profile/base/ceilometer.pp_(IaC)_', 'puppet-tripleo/manifests/profile/base/manila.pp_(IaC)_', 'puppet-tripleo/manifests/profile/base/heat/authtoken.pp_(IaC)_', 'puppet-tripleo/manifests/profile/base/nova/authtoken.pp_(IaC)_', 'puppet-tripleo/manifests/profile/base/glance/authtoken.pp_(IaC)_', 'puppet-tripleo/manifests/profile/base/gnocchi/authtoken.pp_(IaC)_'], ['puppet-tripleo/manifests/profile/base/designate.pp_(IaC)_', 'puppet-tripleo/manifests/profile/base/ceilometer.pp_(IaC)_', 'puppet-tripleo/manifests/profile/base/manila.pp_(IaC)_', 'puppet-tripleo/manifests/profile/base/heat/authtoken.pp_(IaC)_', 'puppet-tripleo/manifests/profile/base/nova/authtoken.pp_(IaC)_', 'puppet-tripleo/manifests/profile/base/glance/authtoken.pp_(IaC)_', 'puppet-tripleo/manifests/profile/base/gnocchi/authtoken.pp_(IaC)_'], ['puppet-tripleo/manifests/profile/base/designate.pp_(IaC)_', 'puppet-tripleo/manifests/profile/base/ceilometer.pp_(IaC)_', 'puppet-tripleo/manifests/profile/base/manila.pp_(IaC)_', 'puppet-tripleo/manifests/profile/base/heat/authtoken.pp_(IaC)_', 'puppet-tripleo/manifests/profile/base/nova/authtoken.pp_(IaC)_', 'puppet-tripleo/manifests/profile/base/glance/authtoken.pp_(IaC)_', 'puppet-tripleo/manifests/profile/base/gnocchi/authtoken.pp_(IaC)_'], ['puppet-tripleo/manifests/profile/base/designate.pp_(IaC)_', 'puppet-tripleo/manifests/profile/base/ceilometer.pp_(IaC)_', 'puppet-tripleo/manifests/profile/base/manila.pp_(IaC)_', 'puppet-tripleo/manifests/profile/base/heat/authtoken.pp_(IaC)_', 'puppet-tripleo/manifests/profile/base/nova/authtoken.pp_(IaC)_', 'puppet-tripleo/manifests/profile/base/glance/authtoken.pp_(IaC)_', 'puppet-tripleo/manifests/profile/base/gnocchi/authtoken.pp_(IaC)_'], ['puppet-tripleo/manifests/profile/base/designate.pp_(IaC)_', 'puppet-tripleo/manifests/profile/base/ceilometer.pp_(IaC)_', 'puppet-tripleo/manifests/profile/base/manila.pp_(IaC)_', 'puppet-tripleo/manifests/profile/base/heat/authtoken.pp_(IaC)_', 'puppet-tripleo/manifests/profile/base/nova/authtoken.pp_(IaC)_', 'puppet-tripleo/manifests/profile/base/glance/authtoken.pp_(IaC)_', 'puppet-tripleo/manifests/profile/base/gnocchi/authtoken.pp_(IaC)_'], ['puppet-tripleo/manifests/profile/base/designate.pp_(IaC)_', 'puppet-tripleo/manifests/profile/base/ceilometer.pp_(IaC)_', 'puppet-tripleo/manifests/profile/base/manila.pp_(IaC)_', 'puppet-tripleo/manifests/profile/base/heat/authtoken.pp_(IaC)_', 'puppet-tripleo/manifests/profile/base/nova/authtoken.pp_(IaC)_', 'puppet-tripleo/manifests/profile/base/glance/authtoken.pp_(IaC)_', 'puppet-tripleo/manifests/profile/base/gnocchi/authtoken.pp_(IaC)_'], ['puppet-tripleo/manifests/profile/base/designate.pp_(IaC)_', 'puppet-tripleo/manifests/profile/base/ceilometer.pp_(IaC)_', 'puppet-tripleo/manifests/profile/base/manila.pp_(IaC)_', 'puppet-tripleo/manifests/profile/base/heat/authtoken.pp_(IaC)_', 'puppet-tripleo/manifests/profile/base/nova/authtoken.pp_(IaC)_', 'puppet-tripleo/manifests/profile/base/glance/authtoken.pp_(IaC)_', 'puppet-tripleo/manifests/profile/base/gnocchi/authtoken.pp_(IaC)_'], ['puppet-tripleo/manifests/profile/base/designate.pp_(IaC)_', 'puppet-tripleo/manifests/profile/base/ceilometer.pp_(IaC)_', 'puppet-tripleo/manifests/profile/base/manila.pp_(IaC)_', 'puppet-tripleo/manifests/profile/base/heat/authtoken.pp_(IaC)_', 'puppet-tripleo/manifests/profile/base/nova/authtoken.pp_(IaC)_', 'puppet-tripleo/manifests/profile/base/glance/authtoken.pp_(IaC)_', 'puppet-tripleo/manifests/profile/base/gnocchi/authtoken.pp_(IaC)_']]","[['puppet-tripleo/manifests/haproxy/stats.pp_(IaC)_'], ['puppet-tripleo/spec/classes/tripleo_haproxy_spec.rb_(Other)_'], ['puppet-tripleo/manifests/haproxy/endpoint.pp_(IaC)_'], ['puppet-tripleo/releasenotes/notes/haproxy-remove-activate_httplog-87325732ab9ca721.yaml_(Other)_', 'puppet-tripleo/spec/classes/tripleo_haproxy_spec.rb_(Other)_'], ['puppet-tripleo/manifests/firewall.pp_(IaC)_', 'puppet-tripleo/manifests/firewall/post.pp_(IaC)_', 'puppet-tripleo/manifests/firewall/pre.pp_(IaC)_', 'puppet-tripleo/manifests/firewall/service_rules.pp_(IaC)_', 'puppet-tripleo/manifests/haproxy/endpoint.pp_(IaC)_', 'puppet-tripleo/manifests/haproxy/horizon_endpoint.pp_(IaC)_', 'puppet-tripleo/manifests/profile/base/haproxy.pp_(IaC)_', 'puppet-tripleo/spec/classes/tripleo_firewall_spec.rb_(Other)_', 'puppet-tripleo/spec/defines/tripleo_firewall_service_rules_spec.rb_(Other)_'], ['puppet-tripleo/manifests/haproxy/endpoint.pp_(IaC)_', 'puppet-tripleo/manifests/haproxy/horizon_endpoint.pp_(IaC)_', 'puppet-tripleo/manifests/haproxy/service_endpoints.pp_(IaC)_', 'puppet-tripleo/manifests/haproxy/stats.pp_(IaC)_'], ['puppet-tripleo/manifests/fencing.pp_(IaC)_', 'puppet-tripleo/manifests/haproxy/endpoint.pp_(IaC)_', 'puppet-tripleo/manifests/haproxy/horizon_endpoint.pp_(IaC)_', 'puppet-tripleo/manifests/profile/base/aodh/authtoken.pp_(IaC)_', 'puppet-tripleo/manifests/profile/base/apache.pp_(IaC)_', 'puppet-tripleo/manifests/profile/base/cinder.pp_(IaC)_', 'puppet-tripleo/manifests/profile/base/cinder/authtoken.pp_(IaC)_', 'puppet-tripleo/manifests/profile/base/cinder/volume/dellsc.pp_(IaC)_', 'puppet-tripleo/manifests/profile/base/cinder/volume/nvmeof.pp_(IaC)_', 'puppet-tripleo/manifests/profile/base/designate/authtoken.pp_(IaC)_', 'puppet-tripleo/manifests/profile/base/glance/authtoken.pp_(IaC)_', 'puppet-tripleo/manifests/profile/base/glance/backend/cinder.pp_(IaC)_', 'puppet-tripleo/manifests/profile/base/gnocchi/authtoken.pp_(IaC)_', 'puppet-tripleo/manifests/profile/base/heat.pp_(IaC)_', 'puppet-tripleo/manifests/profile/base/heat/authtoken.pp_(IaC)_', 'puppet-tripleo/manifests/profile/base/ironic/authtoken.pp_(IaC)_', 'puppet-tripleo/manifests/profile/base/ironic_inspector/authtoken.pp_(IaC)_', 'puppet-tripleo/manifests/profile/base/keystone.pp_(IaC)_', 'puppet-tripleo/manifests/profile/base/manila/authtoken.pp_(IaC)_', 'puppet-tripleo/manifests/profile/base/metrics/collectd.pp_(IaC)_', 'puppet-tripleo/manifests/profile/base/metrics/collectd/sensubility.pp_(IaC)_', 'puppet-tripleo/manifests/profile/base/metrics/qdr.pp_(IaC)_', 'puppet-tripleo/manifests/profile/base/neutron.pp_(IaC)_', 'puppet-tripleo/manifests/profile/base/neutron/authtoken.pp_(IaC)_', 'puppet-tripleo/manifests/profile/base/neutron/dhcp_agent_wrappers.pp_(IaC)_', 'puppet-tripleo/manifests/profile/base/neutron/l3_agent_wrappers.pp_(IaC)_', 'puppet-tripleo/manifests/profile/base/neutron/linuxbridge.pp_(IaC)_', 'puppet-tripleo/manifests/profile/base/neutron/ovn_metadata_agent_wrappers.pp_(IaC)_', 'puppet-tripleo/manifests/profile/base/nova.pp_(IaC)_', 'puppet-tripleo/manifests/profile/base/nova/api.pp_(IaC)_', 'puppet-tripleo/manifests/profile/base/nova/authtoken.pp_(IaC)_', 'puppet-tripleo/manifests/profile/base/nova/compute_libvirt_shared.pp_(IaC)_', 'puppet-tripleo/manifests/profile/base/nova/migration/client.pp_(IaC)_', 'puppet-tripleo/manifests/profile/base/octavia/authtoken.pp_(IaC)_', 'puppet-tripleo/manifests/profile/base/pacemaker.pp_(IaC)_', 'puppet-tripleo/manifests/profile/base/placement/authtoken.pp_(IaC)_', 'puppet-tripleo/manifests/profile/base/qdr.pp_(IaC)_', 'puppet-tripleo/manifests/profile/base/rabbitmq.pp_(IaC)_', 'puppet-tripleo/manifests/tls_proxy.pp_(IaC)_', 'puppet-tripleo/spec/classes/tripleo_profile_base_designate_central_spec.rb_(Other)_', 'puppet-tripleo/spec/classes/tripleo_profile_base_metrics_collectd_spec.rb_(Other)_', 'puppet-tripleo/spec/classes/tripleo_profile_base_nova_conductor_spec.rb_(Other)_', 'puppet-tripleo/spec/classes/tripleo_profile_base_octavia_api_spec.rb_(Other)_', 'puppet-tripleo/spec/classes/tripleo_profile_base_swift_proxy_spec.rb_(Other)_', 'puppet-tripleo/spec/fixtures/hieradata/default.yaml_(Other)_'], ['puppet-tripleo/manifests/profile/base/glance/api.pp_(IaC)_']]","['12f14d95bb1ea4bd78e96f1f350b4bf9e2d38c3a', 'c9ba6a26219dbee9e8fd168f2b76bf7602c00f30', 'd4afc29038916ef88c5cfdb67028b3ff6d7133fb', '8794022fcb72f0ca4c4a33675bbfba960c84e8f9', '373dee4156a628384c774abdbd65e890901d678c', '31b1caa15e2e0c807b90cd46133fe94a7ca1d8f3', 'c4890a2b0072367f1bc8f182f5285e4eb33f2e05', 'b3be1dc18c8284852905797d91b67d2dcd6a1a10']","[0.0, 0.0, 0.0, 0.0, 0.0, 0.0, 0.5714285714285714, 0.0]","[0.0, 0.0, 0.0, 0.0, 0.0, 0.0, 0.08888888888888889, 0.0]","[0, 0, 0, 0, 0, 0, 0.15384615384615385, 0]","[0, 0, 0, 0, 0, 0, 1, 0]","[0, 0, 0, 0, 0, 0, 0.25, 0]"
"[7, 7, 7, 7, 7, 7, 7, 7]","[[228, 403, 225, 235, 233, 297, 301], [228, 403, 225, 235, 233, 297, 301], [228, 403, 225, 235, 233, 297, 301], [228, 403, 225, 235, 233, 297, 301], [228, 403, 225, 235, 233, 297, 301], [228, 403, 225, 235, 233, 297, 301], [228, 403, 225, 235, 233, 297, 301], [228, 403, 225, 235, 233, 297, 301]]","[['puppet-tripleo/manifests/profile/base/keystone.pp_(IaC)_', 'puppet-tripleo/manifests/haproxy/horizon_endpoint.pp_(IaC)_', 'puppet-tripleo/manifests/profile/base/neutron.pp_(IaC)_', 'puppet-tripleo/manifests/profile/base/manila.pp_(IaC)_', 'puppet-tripleo/manifests/profile/base/ironic.pp_(IaC)_', 'puppet-tripleo/manifests/profile/base/heat/api.pp_(IaC)_', 'puppet-tripleo/manifests/profile/base/aodh/api.pp_(IaC)_'], ['puppet-tripleo/manifests/profile/base/keystone.pp_(IaC)_', 'puppet-tripleo/manifests/haproxy/horizon_endpoint.pp_(IaC)_', 'puppet-tripleo/manifests/profile/base/neutron.pp_(IaC)_', 'puppet-tripleo/manifests/profile/base/manila.pp_(IaC)_', 'puppet-tripleo/manifests/profile/base/ironic.pp_(IaC)_', 'puppet-tripleo/manifests/profile/base/heat/api.pp_(IaC)_', 'puppet-tripleo/manifests/profile/base/aodh/api.pp_(IaC)_'], ['puppet-tripleo/manifests/profile/base/keystone.pp_(IaC)_', 'puppet-tripleo/manifests/haproxy/horizon_endpoint.pp_(IaC)_', 'puppet-tripleo/manifests/profile/base/neutron.pp_(IaC)_', 'puppet-tripleo/manifests/profile/base/manila.pp_(IaC)_', 'puppet-tripleo/manifests/profile/base/ironic.pp_(IaC)_', 'puppet-tripleo/manifests/profile/base/heat/api.pp_(IaC)_', 'puppet-tripleo/manifests/profile/base/aodh/api.pp_(IaC)_'], ['puppet-tripleo/manifests/profile/base/keystone.pp_(IaC)_', 'puppet-tripleo/manifests/haproxy/horizon_endpoint.pp_(IaC)_', 'puppet-tripleo/manifests/profile/base/neutron.pp_(IaC)_', 'puppet-tripleo/manifests/profile/base/manila.pp_(IaC)_', 'puppet-tripleo/manifests/profile/base/ironic.pp_(IaC)_', 'puppet-tripleo/manifests/profile/base/heat/api.pp_(IaC)_', 'puppet-tripleo/manifests/profile/base/aodh/api.pp_(IaC)_'], ['puppet-tripleo/manifests/profile/base/keystone.pp_(IaC)_', 'puppet-tripleo/manifests/haproxy/horizon_endpoint.pp_(IaC)_', 'puppet-tripleo/manifests/profile/base/neutron.pp_(IaC)_', 'puppet-tripleo/manifests/profile/base/manila.pp_(IaC)_', 'puppet-tripleo/manifests/profile/base/ironic.pp_(IaC)_', 'puppet-tripleo/manifests/profile/base/heat/api.pp_(IaC)_', 'puppet-tripleo/manifests/profile/base/aodh/api.pp_(IaC)_'], ['puppet-tripleo/manifests/profile/base/keystone.pp_(IaC)_', 'puppet-tripleo/manifests/haproxy/horizon_endpoint.pp_(IaC)_', 'puppet-tripleo/manifests/profile/base/neutron.pp_(IaC)_', 'puppet-tripleo/manifests/profile/base/manila.pp_(IaC)_', 'puppet-tripleo/manifests/profile/base/ironic.pp_(IaC)_', 'puppet-tripleo/manifests/profile/base/heat/api.pp_(IaC)_', 'puppet-tripleo/manifests/profile/base/aodh/api.pp_(IaC)_'], ['puppet-tripleo/manifests/profile/base/keystone.pp_(IaC)_', 'puppet-tripleo/manifests/haproxy/horizon_endpoint.pp_(IaC)_', 'puppet-tripleo/manifests/profile/base/neutron.pp_(IaC)_', 'puppet-tripleo/manifests/profile/base/manila.pp_(IaC)_', 'puppet-tripleo/manifests/profile/base/ironic.pp_(IaC)_', 'puppet-tripleo/manifests/profile/base/heat/api.pp_(IaC)_', 'puppet-tripleo/manifests/profile/base/aodh/api.pp_(IaC)_'], ['puppet-tripleo/manifests/profile/base/keystone.pp_(IaC)_', 'puppet-tripleo/manifests/haproxy/horizon_endpoint.pp_(IaC)_', 'puppet-tripleo/manifests/profile/base/neutron.pp_(IaC)_', 'puppet-tripleo/manifests/profile/base/manila.pp_(IaC)_', 'puppet-tripleo/manifests/profile/base/ironic.pp_(IaC)_', 'puppet-tripleo/manifests/profile/base/heat/api.pp_(IaC)_', 'puppet-tripleo/manifests/profile/base/aodh/api.pp_(IaC)_']]","[['puppet-tripleo/manifests/haproxy/stats.pp_(IaC)_'], ['puppet-tripleo/spec/classes/tripleo_haproxy_spec.rb_(Other)_'], ['puppet-tripleo/manifests/haproxy/endpoint.pp_(IaC)_'], ['puppet-tripleo/releasenotes/notes/haproxy-remove-activate_httplog-87325732ab9ca721.yaml_(Other)_', 'puppet-tripleo/spec/classes/tripleo_haproxy_spec.rb_(Other)_'], ['puppet-tripleo/manifests/firewall.pp_(IaC)_', 'puppet-tripleo/manifests/firewall/post.pp_(IaC)_', 'puppet-tripleo/manifests/firewall/pre.pp_(IaC)_', 'puppet-tripleo/manifests/firewall/service_rules.pp_(IaC)_', 'puppet-tripleo/manifests/haproxy/endpoint.pp_(IaC)_', 'puppet-tripleo/manifests/haproxy/horizon_endpoint.pp_(IaC)_', 'puppet-tripleo/manifests/profile/base/haproxy.pp_(IaC)_', 'puppet-tripleo/spec/classes/tripleo_firewall_spec.rb_(Other)_', 'puppet-tripleo/spec/defines/tripleo_firewall_service_rules_spec.rb_(Other)_'], ['puppet-tripleo/manifests/haproxy/endpoint.pp_(IaC)_', 'puppet-tripleo/manifests/haproxy/horizon_endpoint.pp_(IaC)_', 'puppet-tripleo/manifests/haproxy/service_endpoints.pp_(IaC)_', 'puppet-tripleo/manifests/haproxy/stats.pp_(IaC)_'], ['puppet-tripleo/manifests/fencing.pp_(IaC)_', 'puppet-tripleo/manifests/haproxy/endpoint.pp_(IaC)_', 'puppet-tripleo/manifests/haproxy/horizon_endpoint.pp_(IaC)_', 'puppet-tripleo/manifests/profile/base/aodh/authtoken.pp_(IaC)_', 'puppet-tripleo/manifests/profile/base/apache.pp_(IaC)_', 'puppet-tripleo/manifests/profile/base/cinder.pp_(IaC)_', 'puppet-tripleo/manifests/profile/base/cinder/authtoken.pp_(IaC)_', 'puppet-tripleo/manifests/profile/base/cinder/volume/dellsc.pp_(IaC)_', 'puppet-tripleo/manifests/profile/base/cinder/volume/nvmeof.pp_(IaC)_', 'puppet-tripleo/manifests/profile/base/designate/authtoken.pp_(IaC)_', 'puppet-tripleo/manifests/profile/base/glance/authtoken.pp_(IaC)_', 'puppet-tripleo/manifests/profile/base/glance/backend/cinder.pp_(IaC)_', 'puppet-tripleo/manifests/profile/base/gnocchi/authtoken.pp_(IaC)_', 'puppet-tripleo/manifests/profile/base/heat.pp_(IaC)_', 'puppet-tripleo/manifests/profile/base/heat/authtoken.pp_(IaC)_', 'puppet-tripleo/manifests/profile/base/ironic/authtoken.pp_(IaC)_', 'puppet-tripleo/manifests/profile/base/ironic_inspector/authtoken.pp_(IaC)_', 'puppet-tripleo/manifests/profile/base/keystone.pp_(IaC)_', 'puppet-tripleo/manifests/profile/base/manila/authtoken.pp_(IaC)_', 'puppet-tripleo/manifests/profile/base/metrics/collectd.pp_(IaC)_', 'puppet-tripleo/manifests/profile/base/metrics/collectd/sensubility.pp_(IaC)_', 'puppet-tripleo/manifests/profile/base/metrics/qdr.pp_(IaC)_', 'puppet-tripleo/manifests/profile/base/neutron.pp_(IaC)_', 'puppet-tripleo/manifests/profile/base/neutron/authtoken.pp_(IaC)_', 'puppet-tripleo/manifests/profile/base/neutron/dhcp_agent_wrappers.pp_(IaC)_', 'puppet-tripleo/manifests/profile/base/neutron/l3_agent_wrappers.pp_(IaC)_', 'puppet-tripleo/manifests/profile/base/neutron/linuxbridge.pp_(IaC)_', 'puppet-tripleo/manifests/profile/base/neutron/ovn_metadata_agent_wrappers.pp_(IaC)_', 'puppet-tripleo/manifests/profile/base/nova.pp_(IaC)_', 'puppet-tripleo/manifests/profile/base/nova/api.pp_(IaC)_', 'puppet-tripleo/manifests/profile/base/nova/authtoken.pp_(IaC)_', 'puppet-tripleo/manifests/profile/base/nova/compute_libvirt_shared.pp_(IaC)_', 'puppet-tripleo/manifests/profile/base/nova/migration/client.pp_(IaC)_', 'puppet-tripleo/manifests/profile/base/octavia/authtoken.pp_(IaC)_', 'puppet-tripleo/manifests/profile/base/pacemaker.pp_(IaC)_', 'puppet-tripleo/manifests/profile/base/placement/authtoken.pp_(IaC)_', 'puppet-tripleo/manifests/profile/base/qdr.pp_(IaC)_', 'puppet-tripleo/manifests/profile/base/rabbitmq.pp_(IaC)_', 'puppet-tripleo/manifests/tls_proxy.pp_(IaC)_', 'puppet-tripleo/spec/classes/tripleo_profile_base_designate_central_spec.rb_(Other)_', 'puppet-tripleo/spec/classes/tripleo_profile_base_metrics_collectd_spec.rb_(Other)_', 'puppet-tripleo/spec/classes/tripleo_profile_base_nova_conductor_spec.rb_(Other)_', 'puppet-tripleo/spec/classes/tripleo_profile_base_octavia_api_spec.rb_(Other)_', 'puppet-tripleo/spec/classes/tripleo_profile_base_swift_proxy_spec.rb_(Other)_', 'puppet-tripleo/spec/fixtures/hieradata/default.yaml_(Other)_'], ['puppet-tripleo/manifests/profile/base/glance/api.pp_(IaC)_']]","['12f14d95bb1ea4bd78e96f1f350b4bf9e2d38c3a', 'c9ba6a26219dbee9e8fd168f2b76bf7602c00f30', 'd4afc29038916ef88c5cfdb67028b3ff6d7133fb', '8794022fcb72f0ca4c4a33675bbfba960c84e8f9', '373dee4156a628384c774abdbd65e890901d678c', '31b1caa15e2e0c807b90cd46133fe94a7ca1d8f3', 'c4890a2b0072367f1bc8f182f5285e4eb33f2e05', 'b3be1dc18c8284852905797d91b67d2dcd6a1a10']","[0.0, 0.0, 0.0, 0.0, 0.14285714285714285, 0.14285714285714285, 0.42857142857142855, 0.0]","[0.0, 0.0, 0.0, 0.0, 0.1111111111111111, 0.25, 0.06666666666666667, 0.0]","[0, 0, 0, 0, 0.125, 0.18181818181818182, 0.11538461538461539, 0]","[0, 0, 0, 0, 1, 1, 1, 0]","[0, 0, 0, 0, 0.5, 0.5, 1.0, 0]"
"[7, 7, 7, 7, 7, 7, 7, 7]","[[228, 287, 305, 235, 233, 297, 355], [228, 287, 305, 235, 233, 297, 355], [228, 287, 305, 235, 233, 297, 355], [228, 287, 305, 235, 233, 297, 355], [228, 287, 305, 235, 233, 297, 355], [228, 287, 305, 235, 233, 297, 355], [228, 287, 305, 235, 233, 297, 355], [228, 287, 305, 235, 233, 297, 355]]","[['puppet-tripleo/manifests/profile/base/keystone.pp_(IaC)_', 'puppet-tripleo/manifests/profile/base/database/mysql.pp_(IaC)_', 'puppet-tripleo/manifests/profile/base/manila/api.pp_(IaC)_', 'puppet-tripleo/manifests/profile/base/manila.pp_(IaC)_', 'puppet-tripleo/manifests/profile/base/ironic.pp_(IaC)_', 'puppet-tripleo/manifests/profile/base/heat/api.pp_(IaC)_', 'puppet-tripleo/manifests/profile/base/neutron/authtoken.pp_(IaC)_'], ['puppet-tripleo/manifests/profile/base/keystone.pp_(IaC)_', 'puppet-tripleo/manifests/profile/base/database/mysql.pp_(IaC)_', 'puppet-tripleo/manifests/profile/base/manila/api.pp_(IaC)_', 'puppet-tripleo/manifests/profile/base/manila.pp_(IaC)_', 'puppet-tripleo/manifests/profile/base/ironic.pp_(IaC)_', 'puppet-tripleo/manifests/profile/base/heat/api.pp_(IaC)_', 'puppet-tripleo/manifests/profile/base/neutron/authtoken.pp_(IaC)_'], ['puppet-tripleo/manifests/profile/base/keystone.pp_(IaC)_', 'puppet-tripleo/manifests/profile/base/database/mysql.pp_(IaC)_', 'puppet-tripleo/manifests/profile/base/manila/api.pp_(IaC)_', 'puppet-tripleo/manifests/profile/base/manila.pp_(IaC)_', 'puppet-tripleo/manifests/profile/base/ironic.pp_(IaC)_', 'puppet-tripleo/manifests/profile/base/heat/api.pp_(IaC)_', 'puppet-tripleo/manifests/profile/base/neutron/authtoken.pp_(IaC)_'], ['puppet-tripleo/manifests/profile/base/keystone.pp_(IaC)_', 'puppet-tripleo/manifests/profile/base/database/mysql.pp_(IaC)_', 'puppet-tripleo/manifests/profile/base/manila/api.pp_(IaC)_', 'puppet-tripleo/manifests/profile/base/manila.pp_(IaC)_', 'puppet-tripleo/manifests/profile/base/ironic.pp_(IaC)_', 'puppet-tripleo/manifests/profile/base/heat/api.pp_(IaC)_', 'puppet-tripleo/manifests/profile/base/neutron/authtoken.pp_(IaC)_'], ['puppet-tripleo/manifests/profile/base/keystone.pp_(IaC)_', 'puppet-tripleo/manifests/profile/base/database/mysql.pp_(IaC)_', 'puppet-tripleo/manifests/profile/base/manila/api.pp_(IaC)_', 'puppet-tripleo/manifests/profile/base/manila.pp_(IaC)_', 'puppet-tripleo/manifests/profile/base/ironic.pp_(IaC)_', 'puppet-tripleo/manifests/profile/base/heat/api.pp_(IaC)_', 'puppet-tripleo/manifests/profile/base/neutron/authtoken.pp_(IaC)_'], ['puppet-tripleo/manifests/profile/base/keystone.pp_(IaC)_', 'puppet-tripleo/manifests/profile/base/database/mysql.pp_(IaC)_', 'puppet-tripleo/manifests/profile/base/manila/api.pp_(IaC)_', 'puppet-tripleo/manifests/profile/base/manila.pp_(IaC)_', 'puppet-tripleo/manifests/profile/base/ironic.pp_(IaC)_', 'puppet-tripleo/manifests/profile/base/heat/api.pp_(IaC)_', 'puppet-tripleo/manifests/profile/base/neutron/authtoken.pp_(IaC)_'], ['puppet-tripleo/manifests/profile/base/keystone.pp_(IaC)_', 'puppet-tripleo/manifests/profile/base/database/mysql.pp_(IaC)_', 'puppet-tripleo/manifests/profile/base/manila/api.pp_(IaC)_', 'puppet-tripleo/manifests/profile/base/manila.pp_(IaC)_', 'puppet-tripleo/manifests/profile/base/ironic.pp_(IaC)_', 'puppet-tripleo/manifests/profile/base/heat/api.pp_(IaC)_', 'puppet-tripleo/manifests/profile/base/neutron/authtoken.pp_(IaC)_'], ['puppet-tripleo/manifests/profile/base/keystone.pp_(IaC)_', 'puppet-tripleo/manifests/profile/base/database/mysql.pp_(IaC)_', 'puppet-tripleo/manifests/profile/base/manila/api.pp_(IaC)_', 'puppet-tripleo/manifests/profile/base/manila.pp_(IaC)_', 'puppet-tripleo/manifests/profile/base/ironic.pp_(IaC)_', 'puppet-tripleo/manifests/profile/base/heat/api.pp_(IaC)_', 'puppet-tripleo/manifests/profile/base/neutron/authtoken.pp_(IaC)_']]","[['puppet-tripleo/manifests/haproxy/stats.pp_(IaC)_'], ['puppet-tripleo/spec/classes/tripleo_haproxy_spec.rb_(Other)_'], ['puppet-tripleo/manifests/haproxy/endpoint.pp_(IaC)_'], ['puppet-tripleo/releasenotes/notes/haproxy-remove-activate_httplog-87325732ab9ca721.yaml_(Other)_', 'puppet-tripleo/spec/classes/tripleo_haproxy_spec.rb_(Other)_'], ['puppet-tripleo/manifests/firewall.pp_(IaC)_', 'puppet-tripleo/manifests/firewall/post.pp_(IaC)_', 'puppet-tripleo/manifests/firewall/pre.pp_(IaC)_', 'puppet-tripleo/manifests/firewall/service_rules.pp_(IaC)_', 'puppet-tripleo/manifests/haproxy/endpoint.pp_(IaC)_', 'puppet-tripleo/manifests/haproxy/horizon_endpoint.pp_(IaC)_', 'puppet-tripleo/manifests/profile/base/haproxy.pp_(IaC)_', 'puppet-tripleo/spec/classes/tripleo_firewall_spec.rb_(Other)_', 'puppet-tripleo/spec/defines/tripleo_firewall_service_rules_spec.rb_(Other)_'], ['puppet-tripleo/manifests/haproxy/endpoint.pp_(IaC)_', 'puppet-tripleo/manifests/haproxy/horizon_endpoint.pp_(IaC)_', 'puppet-tripleo/manifests/haproxy/service_endpoints.pp_(IaC)_', 'puppet-tripleo/manifests/haproxy/stats.pp_(IaC)_'], ['puppet-tripleo/manifests/fencing.pp_(IaC)_', 'puppet-tripleo/manifests/haproxy/endpoint.pp_(IaC)_', 'puppet-tripleo/manifests/haproxy/horizon_endpoint.pp_(IaC)_', 'puppet-tripleo/manifests/profile/base/aodh/authtoken.pp_(IaC)_', 'puppet-tripleo/manifests/profile/base/apache.pp_(IaC)_', 'puppet-tripleo/manifests/profile/base/cinder.pp_(IaC)_', 'puppet-tripleo/manifests/profile/base/cinder/authtoken.pp_(IaC)_', 'puppet-tripleo/manifests/profile/base/cinder/volume/dellsc.pp_(IaC)_', 'puppet-tripleo/manifests/profile/base/cinder/volume/nvmeof.pp_(IaC)_', 'puppet-tripleo/manifests/profile/base/designate/authtoken.pp_(IaC)_', 'puppet-tripleo/manifests/profile/base/glance/authtoken.pp_(IaC)_', 'puppet-tripleo/manifests/profile/base/glance/backend/cinder.pp_(IaC)_', 'puppet-tripleo/manifests/profile/base/gnocchi/authtoken.pp_(IaC)_', 'puppet-tripleo/manifests/profile/base/heat.pp_(IaC)_', 'puppet-tripleo/manifests/profile/base/heat/authtoken.pp_(IaC)_', 'puppet-tripleo/manifests/profile/base/ironic/authtoken.pp_(IaC)_', 'puppet-tripleo/manifests/profile/base/ironic_inspector/authtoken.pp_(IaC)_', 'puppet-tripleo/manifests/profile/base/keystone.pp_(IaC)_', 'puppet-tripleo/manifests/profile/base/manila/authtoken.pp_(IaC)_', 'puppet-tripleo/manifests/profile/base/metrics/collectd.pp_(IaC)_', 'puppet-tripleo/manifests/profile/base/metrics/collectd/sensubility.pp_(IaC)_', 'puppet-tripleo/manifests/profile/base/metrics/qdr.pp_(IaC)_', 'puppet-tripleo/manifests/profile/base/neutron.pp_(IaC)_', 'puppet-tripleo/manifests/profile/base/neutron/authtoken.pp_(IaC)_', 'puppet-tripleo/manifests/profile/base/neutron/dhcp_agent_wrappers.pp_(IaC)_', 'puppet-tripleo/manifests/profile/base/neutron/l3_agent_wrappers.pp_(IaC)_', 'puppet-tripleo/manifests/profile/base/neutron/linuxbridge.pp_(IaC)_', 'puppet-tripleo/manifests/profile/base/neutron/ovn_metadata_agent_wrappers.pp_(IaC)_', 'puppet-tripleo/manifests/profile/base/nova.pp_(IaC)_', 'puppet-tripleo/manifests/profile/base/nova/api.pp_(IaC)_', 'puppet-tripleo/manifests/profile/base/nova/authtoken.pp_(IaC)_', 'puppet-tripleo/manifests/profile/base/nova/compute_libvirt_shared.pp_(IaC)_', 'puppet-tripleo/manifests/profile/base/nova/migration/client.pp_(IaC)_', 'puppet-tripleo/manifests/profile/base/octavia/authtoken.pp_(IaC)_', 'puppet-tripleo/manifests/profile/base/pacemaker.pp_(IaC)_', 'puppet-tripleo/manifests/profile/base/placement/authtoken.pp_(IaC)_', 'puppet-tripleo/manifests/profile/base/qdr.pp_(IaC)_', 'puppet-tripleo/manifests/profile/base/rabbitmq.pp_(IaC)_', 'puppet-tripleo/manifests/tls_proxy.pp_(IaC)_', 'puppet-tripleo/spec/classes/tripleo_profile_base_designate_central_spec.rb_(Other)_', 'puppet-tripleo/spec/classes/tripleo_profile_base_metrics_collectd_spec.rb_(Other)_', 'puppet-tripleo/spec/classes/tripleo_profile_base_nova_conductor_spec.rb_(Other)_', 'puppet-tripleo/spec/classes/tripleo_profile_base_octavia_api_spec.rb_(Other)_', 'puppet-tripleo/spec/classes/tripleo_profile_base_swift_proxy_spec.rb_(Other)_', 'puppet-tripleo/spec/fixtures/hieradata/default.yaml_(Other)_'], ['puppet-tripleo/manifests/profile/base/glance/api.pp_(IaC)_']]","['12f14d95bb1ea4bd78e96f1f350b4bf9e2d38c3a', 'c9ba6a26219dbee9e8fd168f2b76bf7602c00f30', 'd4afc29038916ef88c5cfdb67028b3ff6d7133fb', '8794022fcb72f0ca4c4a33675bbfba960c84e8f9', '373dee4156a628384c774abdbd65e890901d678c', '31b1caa15e2e0c807b90cd46133fe94a7ca1d8f3', 'c4890a2b0072367f1bc8f182f5285e4eb33f2e05', 'b3be1dc18c8284852905797d91b67d2dcd6a1a10']","[0.0, 0.0, 0.0, 0.0, 0.0, 0.0, 0.2857142857142857, 0.0]","[0.0, 0.0, 0.0, 0.0, 0.0, 0.0, 0.044444444444444446, 0.0]","[0, 0, 0, 0, 0, 0, 0.07692307692307693, 0]","[0, 0, 0, 0, 0, 0, 1, 0]","[0, 0, 0, 0, 0, 0, 1.0, 0]"
"[7, 7, 7, 7, 7, 7, 7, 7]","[[228, 305, 249, 297, 256, 307, 236], [228, 305, 249, 297, 256, 307, 236], [228, 305, 249, 297, 256, 307, 236], [228, 305, 249, 297, 256, 307, 236], [228, 305, 249, 297, 256, 307, 236], [228, 305, 249, 297, 256, 307, 236], [228, 305, 249, 297, 256, 307, 236], [228, 305, 249, 297, 256, 307, 236]]","[['puppet-tripleo/manifests/profile/base/keystone.pp_(IaC)_', 'puppet-tripleo/manifests/profile/base/manila/api.pp_(IaC)_', 'puppet-tripleo/manifests/profile/base/ceilometer.pp_(IaC)_', 'puppet-tripleo/manifests/profile/base/heat/api.pp_(IaC)_', 'puppet-tripleo/manifests/profile/base/cinder/authtoken.pp_(IaC)_', 'puppet-tripleo/manifests/profile/base/manila/authtoken.pp_(IaC)_', 'puppet-tripleo/manifests/profile/base/haproxy.pp_(IaC)_'], ['puppet-tripleo/manifests/profile/base/keystone.pp_(IaC)_', 'puppet-tripleo/manifests/profile/base/manila/api.pp_(IaC)_', 'puppet-tripleo/manifests/profile/base/ceilometer.pp_(IaC)_', 'puppet-tripleo/manifests/profile/base/heat/api.pp_(IaC)_', 'puppet-tripleo/manifests/profile/base/cinder/authtoken.pp_(IaC)_', 'puppet-tripleo/manifests/profile/base/manila/authtoken.pp_(IaC)_', 'puppet-tripleo/manifests/profile/base/haproxy.pp_(IaC)_'], ['puppet-tripleo/manifests/profile/base/keystone.pp_(IaC)_', 'puppet-tripleo/manifests/profile/base/manila/api.pp_(IaC)_', 'puppet-tripleo/manifests/profile/base/ceilometer.pp_(IaC)_', 'puppet-tripleo/manifests/profile/base/heat/api.pp_(IaC)_', 'puppet-tripleo/manifests/profile/base/cinder/authtoken.pp_(IaC)_', 'puppet-tripleo/manifests/profile/base/manila/authtoken.pp_(IaC)_', 'puppet-tripleo/manifests/profile/base/haproxy.pp_(IaC)_'], ['puppet-tripleo/manifests/profile/base/keystone.pp_(IaC)_', 'puppet-tripleo/manifests/profile/base/manila/api.pp_(IaC)_', 'puppet-tripleo/manifests/profile/base/ceilometer.pp_(IaC)_', 'puppet-tripleo/manifests/profile/base/heat/api.pp_(IaC)_', 'puppet-tripleo/manifests/profile/base/cinder/authtoken.pp_(IaC)_', 'puppet-tripleo/manifests/profile/base/manila/authtoken.pp_(IaC)_', 'puppet-tripleo/manifests/profile/base/haproxy.pp_(IaC)_'], ['puppet-tripleo/manifests/profile/base/keystone.pp_(IaC)_', 'puppet-tripleo/manifests/profile/base/manila/api.pp_(IaC)_', 'puppet-tripleo/manifests/profile/base/ceilometer.pp_(IaC)_', 'puppet-tripleo/manifests/profile/base/heat/api.pp_(IaC)_', 'puppet-tripleo/manifests/profile/base/cinder/authtoken.pp_(IaC)_', 'puppet-tripleo/manifests/profile/base/manila/authtoken.pp_(IaC)_', 'puppet-tripleo/manifests/profile/base/haproxy.pp_(IaC)_'], ['puppet-tripleo/manifests/profile/base/keystone.pp_(IaC)_', 'puppet-tripleo/manifests/profile/base/manila/api.pp_(IaC)_', 'puppet-tripleo/manifests/profile/base/ceilometer.pp_(IaC)_', 'puppet-tripleo/manifests/profile/base/heat/api.pp_(IaC)_', 'puppet-tripleo/manifests/profile/base/cinder/authtoken.pp_(IaC)_', 'puppet-tripleo/manifests/profile/base/manila/authtoken.pp_(IaC)_', 'puppet-tripleo/manifests/profile/base/haproxy.pp_(IaC)_'], ['puppet-tripleo/manifests/profile/base/keystone.pp_(IaC)_', 'puppet-tripleo/manifests/profile/base/manila/api.pp_(IaC)_', 'puppet-tripleo/manifests/profile/base/ceilometer.pp_(IaC)_', 'puppet-tripleo/manifests/profile/base/heat/api.pp_(IaC)_', 'puppet-tripleo/manifests/profile/base/cinder/authtoken.pp_(IaC)_', 'puppet-tripleo/manifests/profile/base/manila/authtoken.pp_(IaC)_', 'puppet-tripleo/manifests/profile/base/haproxy.pp_(IaC)_'], ['puppet-tripleo/manifests/profile/base/keystone.pp_(IaC)_', 'puppet-tripleo/manifests/profile/base/manila/api.pp_(IaC)_', 'puppet-tripleo/manifests/profile/base/ceilometer.pp_(IaC)_', 'puppet-tripleo/manifests/profile/base/heat/api.pp_(IaC)_', 'puppet-tripleo/manifests/profile/base/cinder/authtoken.pp_(IaC)_', 'puppet-tripleo/manifests/profile/base/manila/authtoken.pp_(IaC)_', 'puppet-tripleo/manifests/profile/base/haproxy.pp_(IaC)_']]","[['puppet-tripleo/manifests/haproxy/stats.pp_(IaC)_'], ['puppet-tripleo/spec/classes/tripleo_haproxy_spec.rb_(Other)_'], ['puppet-tripleo/manifests/haproxy/endpoint.pp_(IaC)_'], ['puppet-tripleo/releasenotes/notes/haproxy-remove-activate_httplog-87325732ab9ca721.yaml_(Other)_', 'puppet-tripleo/spec/classes/tripleo_haproxy_spec.rb_(Other)_'], ['puppet-tripleo/manifests/firewall.pp_(IaC)_', 'puppet-tripleo/manifests/firewall/post.pp_(IaC)_', 'puppet-tripleo/manifests/firewall/pre.pp_(IaC)_', 'puppet-tripleo/manifests/firewall/service_rules.pp_(IaC)_', 'puppet-tripleo/manifests/haproxy/endpoint.pp_(IaC)_', 'puppet-tripleo/manifests/haproxy/horizon_endpoint.pp_(IaC)_', 'puppet-tripleo/manifests/profile/base/haproxy.pp_(IaC)_', 'puppet-tripleo/spec/classes/tripleo_firewall_spec.rb_(Other)_', 'puppet-tripleo/spec/defines/tripleo_firewall_service_rules_spec.rb_(Other)_'], ['puppet-tripleo/manifests/haproxy/endpoint.pp_(IaC)_', 'puppet-tripleo/manifests/haproxy/horizon_endpoint.pp_(IaC)_', 'puppet-tripleo/manifests/haproxy/service_endpoints.pp_(IaC)_', 'puppet-tripleo/manifests/haproxy/stats.pp_(IaC)_'], ['puppet-tripleo/manifests/fencing.pp_(IaC)_', 'puppet-tripleo/manifests/haproxy/endpoint.pp_(IaC)_', 'puppet-tripleo/manifests/haproxy/horizon_endpoint.pp_(IaC)_', 'puppet-tripleo/manifests/profile/base/aodh/authtoken.pp_(IaC)_', 'puppet-tripleo/manifests/profile/base/apache.pp_(IaC)_', 'puppet-tripleo/manifests/profile/base/cinder.pp_(IaC)_', 'puppet-tripleo/manifests/profile/base/cinder/authtoken.pp_(IaC)_', 'puppet-tripleo/manifests/profile/base/cinder/volume/dellsc.pp_(IaC)_', 'puppet-tripleo/manifests/profile/base/cinder/volume/nvmeof.pp_(IaC)_', 'puppet-tripleo/manifests/profile/base/designate/authtoken.pp_(IaC)_', 'puppet-tripleo/manifests/profile/base/glance/authtoken.pp_(IaC)_', 'puppet-tripleo/manifests/profile/base/glance/backend/cinder.pp_(IaC)_', 'puppet-tripleo/manifests/profile/base/gnocchi/authtoken.pp_(IaC)_', 'puppet-tripleo/manifests/profile/base/heat.pp_(IaC)_', 'puppet-tripleo/manifests/profile/base/heat/authtoken.pp_(IaC)_', 'puppet-tripleo/manifests/profile/base/ironic/authtoken.pp_(IaC)_', 'puppet-tripleo/manifests/profile/base/ironic_inspector/authtoken.pp_(IaC)_', 'puppet-tripleo/manifests/profile/base/keystone.pp_(IaC)_', 'puppet-tripleo/manifests/profile/base/manila/authtoken.pp_(IaC)_', 'puppet-tripleo/manifests/profile/base/metrics/collectd.pp_(IaC)_', 'puppet-tripleo/manifests/profile/base/metrics/collectd/sensubility.pp_(IaC)_', 'puppet-tripleo/manifests/profile/base/metrics/qdr.pp_(IaC)_', 'puppet-tripleo/manifests/profile/base/neutron.pp_(IaC)_', 'puppet-tripleo/manifests/profile/base/neutron/authtoken.pp_(IaC)_', 'puppet-tripleo/manifests/profile/base/neutron/dhcp_agent_wrappers.pp_(IaC)_', 'puppet-tripleo/manifests/profile/base/neutron/l3_agent_wrappers.pp_(IaC)_', 'puppet-tripleo/manifests/profile/base/neutron/linuxbridge.pp_(IaC)_', 'puppet-tripleo/manifests/profile/base/neutron/ovn_metadata_agent_wrappers.pp_(IaC)_', 'puppet-tripleo/manifests/profile/base/nova.pp_(IaC)_', 'puppet-tripleo/manifests/profile/base/nova/api.pp_(IaC)_', 'puppet-tripleo/manifests/profile/base/nova/authtoken.pp_(IaC)_', 'puppet-tripleo/manifests/profile/base/nova/compute_libvirt_shared.pp_(IaC)_', 'puppet-tripleo/manifests/profile/base/nova/migration/client.pp_(IaC)_', 'puppet-tripleo/manifests/profile/base/octavia/authtoken.pp_(IaC)_', 'puppet-tripleo/manifests/profile/base/pacemaker.pp_(IaC)_', 'puppet-tripleo/manifests/profile/base/placement/authtoken.pp_(IaC)_', 'puppet-tripleo/manifests/profile/base/qdr.pp_(IaC)_', 'puppet-tripleo/manifests/profile/base/rabbitmq.pp_(IaC)_', 'puppet-tripleo/manifests/tls_proxy.pp_(IaC)_', 'puppet-tripleo/spec/classes/tripleo_profile_base_designate_central_spec.rb_(Other)_', 'puppet-tripleo/spec/classes/tripleo_profile_base_metrics_collectd_spec.rb_(Other)_', 'puppet-tripleo/spec/classes/tripleo_profile_base_nova_conductor_spec.rb_(Other)_', 'puppet-tripleo/spec/classes/tripleo_profile_base_octavia_api_spec.rb_(Other)_', 'puppet-tripleo/spec/classes/tripleo_profile_base_swift_proxy_spec.rb_(Other)_', 'puppet-tripleo/spec/fixtures/hieradata/default.yaml_(Other)_'], ['puppet-tripleo/manifests/profile/base/glance/api.pp_(IaC)_']]","['12f14d95bb1ea4bd78e96f1f350b4bf9e2d38c3a', 'c9ba6a26219dbee9e8fd168f2b76bf7602c00f30', 'd4afc29038916ef88c5cfdb67028b3ff6d7133fb', '8794022fcb72f0ca4c4a33675bbfba960c84e8f9', '373dee4156a628384c774abdbd65e890901d678c', '31b1caa15e2e0c807b90cd46133fe94a7ca1d8f3', 'c4890a2b0072367f1bc8f182f5285e4eb33f2e05', 'b3be1dc18c8284852905797d91b67d2dcd6a1a10']","[0.0, 0.0, 0.0, 0.0, 0.14285714285714285, 0.0, 0.42857142857142855, 0.0]","[0.0, 0.0, 0.0, 0.0, 0.1111111111111111, 0.0, 0.06666666666666667, 0.0]","[0, 0, 0, 0, 0.125, 0, 0.11538461538461539, 0]","[0, 0, 0, 0, 1, 0, 1, 0]","[0, 0, 0, 0, 0.14285714285714285, 0, 1.0, 0]"
"[7, 7, 7, 7, 7, 7, 7, 7]","[[228, 251, 403, 245, 225, 306, 256], [228, 251, 403, 245, 225, 306, 256], [228, 251, 403, 245, 225, 306, 256], [228, 251, 403, 245, 225, 306, 256], [228, 251, 403, 245, 225, 306, 256], [228, 251, 403, 245, 225, 306, 256], [228, 251, 403, 245, 225, 306, 256], [228, 251, 403, 245, 225, 306, 256]]","[['puppet-tripleo/manifests/profile/base/keystone.pp_(IaC)_', 'puppet-tripleo/manifests/profile/base/nova.pp_(IaC)_', 'puppet-tripleo/manifests/haproxy/horizon_endpoint.pp_(IaC)_', 'puppet-tripleo/manifests/profile/base/designate.pp_(IaC)_', 'puppet-tripleo/manifests/profile/base/neutron.pp_(IaC)_', 'puppet-tripleo/manifests/profile/base/manila/share.pp_(IaC)_', 'puppet-tripleo/manifests/profile/base/cinder/authtoken.pp_(IaC)_'], ['puppet-tripleo/manifests/profile/base/keystone.pp_(IaC)_', 'puppet-tripleo/manifests/profile/base/nova.pp_(IaC)_', 'puppet-tripleo/manifests/haproxy/horizon_endpoint.pp_(IaC)_', 'puppet-tripleo/manifests/profile/base/designate.pp_(IaC)_', 'puppet-tripleo/manifests/profile/base/neutron.pp_(IaC)_', 'puppet-tripleo/manifests/profile/base/manila/share.pp_(IaC)_', 'puppet-tripleo/manifests/profile/base/cinder/authtoken.pp_(IaC)_'], ['puppet-tripleo/manifests/profile/base/keystone.pp_(IaC)_', 'puppet-tripleo/manifests/profile/base/nova.pp_(IaC)_', 'puppet-tripleo/manifests/haproxy/horizon_endpoint.pp_(IaC)_', 'puppet-tripleo/manifests/profile/base/designate.pp_(IaC)_', 'puppet-tripleo/manifests/profile/base/neutron.pp_(IaC)_', 'puppet-tripleo/manifests/profile/base/manila/share.pp_(IaC)_', 'puppet-tripleo/manifests/profile/base/cinder/authtoken.pp_(IaC)_'], ['puppet-tripleo/manifests/profile/base/keystone.pp_(IaC)_', 'puppet-tripleo/manifests/profile/base/nova.pp_(IaC)_', 'puppet-tripleo/manifests/haproxy/horizon_endpoint.pp_(IaC)_', 'puppet-tripleo/manifests/profile/base/designate.pp_(IaC)_', 'puppet-tripleo/manifests/profile/base/neutron.pp_(IaC)_', 'puppet-tripleo/manifests/profile/base/manila/share.pp_(IaC)_', 'puppet-tripleo/manifests/profile/base/cinder/authtoken.pp_(IaC)_'], ['puppet-tripleo/manifests/profile/base/keystone.pp_(IaC)_', 'puppet-tripleo/manifests/profile/base/nova.pp_(IaC)_', 'puppet-tripleo/manifests/haproxy/horizon_endpoint.pp_(IaC)_', 'puppet-tripleo/manifests/profile/base/designate.pp_(IaC)_', 'puppet-tripleo/manifests/profile/base/neutron.pp_(IaC)_', 'puppet-tripleo/manifests/profile/base/manila/share.pp_(IaC)_', 'puppet-tripleo/manifests/profile/base/cinder/authtoken.pp_(IaC)_'], ['puppet-tripleo/manifests/profile/base/keystone.pp_(IaC)_', 'puppet-tripleo/manifests/profile/base/nova.pp_(IaC)_', 'puppet-tripleo/manifests/haproxy/horizon_endpoint.pp_(IaC)_', 'puppet-tripleo/manifests/profile/base/designate.pp_(IaC)_', 'puppet-tripleo/manifests/profile/base/neutron.pp_(IaC)_', 'puppet-tripleo/manifests/profile/base/manila/share.pp_(IaC)_', 'puppet-tripleo/manifests/profile/base/cinder/authtoken.pp_(IaC)_'], ['puppet-tripleo/manifests/profile/base/keystone.pp_(IaC)_', 'puppet-tripleo/manifests/profile/base/nova.pp_(IaC)_', 'puppet-tripleo/manifests/haproxy/horizon_endpoint.pp_(IaC)_', 'puppet-tripleo/manifests/profile/base/designate.pp_(IaC)_', 'puppet-tripleo/manifests/profile/base/neutron.pp_(IaC)_', 'puppet-tripleo/manifests/profile/base/manila/share.pp_(IaC)_', 'puppet-tripleo/manifests/profile/base/cinder/authtoken.pp_(IaC)_'], ['puppet-tripleo/manifests/profile/base/keystone.pp_(IaC)_', 'puppet-tripleo/manifests/profile/base/nova.pp_(IaC)_', 'puppet-tripleo/manifests/haproxy/horizon_endpoint.pp_(IaC)_', 'puppet-tripleo/manifests/profile/base/designate.pp_(IaC)_', 'puppet-tripleo/manifests/profile/base/neutron.pp_(IaC)_', 'puppet-tripleo/manifests/profile/base/manila/share.pp_(IaC)_', 'puppet-tripleo/manifests/profile/base/cinder/authtoken.pp_(IaC)_']]","[['puppet-tripleo/manifests/haproxy/stats.pp_(IaC)_'], ['puppet-tripleo/spec/classes/tripleo_haproxy_spec.rb_(Other)_'], ['puppet-tripleo/manifests/haproxy/endpoint.pp_(IaC)_'], ['puppet-tripleo/releasenotes/notes/haproxy-remove-activate_httplog-87325732ab9ca721.yaml_(Other)_', 'puppet-tripleo/spec/classes/tripleo_haproxy_spec.rb_(Other)_'], ['puppet-tripleo/manifests/firewall.pp_(IaC)_', 'puppet-tripleo/manifests/firewall/post.pp_(IaC)_', 'puppet-tripleo/manifests/firewall/pre.pp_(IaC)_', 'puppet-tripleo/manifests/firewall/service_rules.pp_(IaC)_', 'puppet-tripleo/manifests/haproxy/endpoint.pp_(IaC)_', 'puppet-tripleo/manifests/haproxy/horizon_endpoint.pp_(IaC)_', 'puppet-tripleo/manifests/profile/base/haproxy.pp_(IaC)_', 'puppet-tripleo/spec/classes/tripleo_firewall_spec.rb_(Other)_', 'puppet-tripleo/spec/defines/tripleo_firewall_service_rules_spec.rb_(Other)_'], ['puppet-tripleo/manifests/haproxy/endpoint.pp_(IaC)_', 'puppet-tripleo/manifests/haproxy/horizon_endpoint.pp_(IaC)_', 'puppet-tripleo/manifests/haproxy/service_endpoints.pp_(IaC)_', 'puppet-tripleo/manifests/haproxy/stats.pp_(IaC)_'], ['puppet-tripleo/manifests/fencing.pp_(IaC)_', 'puppet-tripleo/manifests/haproxy/endpoint.pp_(IaC)_', 'puppet-tripleo/manifests/haproxy/horizon_endpoint.pp_(IaC)_', 'puppet-tripleo/manifests/profile/base/aodh/authtoken.pp_(IaC)_', 'puppet-tripleo/manifests/profile/base/apache.pp_(IaC)_', 'puppet-tripleo/manifests/profile/base/cinder.pp_(IaC)_', 'puppet-tripleo/manifests/profile/base/cinder/authtoken.pp_(IaC)_', 'puppet-tripleo/manifests/profile/base/cinder/volume/dellsc.pp_(IaC)_', 'puppet-tripleo/manifests/profile/base/cinder/volume/nvmeof.pp_(IaC)_', 'puppet-tripleo/manifests/profile/base/designate/authtoken.pp_(IaC)_', 'puppet-tripleo/manifests/profile/base/glance/authtoken.pp_(IaC)_', 'puppet-tripleo/manifests/profile/base/glance/backend/cinder.pp_(IaC)_', 'puppet-tripleo/manifests/profile/base/gnocchi/authtoken.pp_(IaC)_', 'puppet-tripleo/manifests/profile/base/heat.pp_(IaC)_', 'puppet-tripleo/manifests/profile/base/heat/authtoken.pp_(IaC)_', 'puppet-tripleo/manifests/profile/base/ironic/authtoken.pp_(IaC)_', 'puppet-tripleo/manifests/profile/base/ironic_inspector/authtoken.pp_(IaC)_', 'puppet-tripleo/manifests/profile/base/keystone.pp_(IaC)_', 'puppet-tripleo/manifests/profile/base/manila/authtoken.pp_(IaC)_', 'puppet-tripleo/manifests/profile/base/metrics/collectd.pp_(IaC)_', 'puppet-tripleo/manifests/profile/base/metrics/collectd/sensubility.pp_(IaC)_', 'puppet-tripleo/manifests/profile/base/metrics/qdr.pp_(IaC)_', 'puppet-tripleo/manifests/profile/base/neutron.pp_(IaC)_', 'puppet-tripleo/manifests/profile/base/neutron/authtoken.pp_(IaC)_', 'puppet-tripleo/manifests/profile/base/neutron/dhcp_agent_wrappers.pp_(IaC)_', 'puppet-tripleo/manifests/profile/base/neutron/l3_agent_wrappers.pp_(IaC)_', 'puppet-tripleo/manifests/profile/base/neutron/linuxbridge.pp_(IaC)_', 'puppet-tripleo/manifests/profile/base/neutron/ovn_metadata_agent_wrappers.pp_(IaC)_', 'puppet-tripleo/manifests/profile/base/nova.pp_(IaC)_', 'puppet-tripleo/manifests/profile/base/nova/api.pp_(IaC)_', 'puppet-tripleo/manifests/profile/base/nova/authtoken.pp_(IaC)_', 'puppet-tripleo/manifests/profile/base/nova/compute_libvirt_shared.pp_(IaC)_', 'puppet-tripleo/manifests/profile/base/nova/migration/client.pp_(IaC)_', 'puppet-tripleo/manifests/profile/base/octavia/authtoken.pp_(IaC)_', 'puppet-tripleo/manifests/profile/base/pacemaker.pp_(IaC)_', 'puppet-tripleo/manifests/profile/base/placement/authtoken.pp_(IaC)_', 'puppet-tripleo/manifests/profile/base/qdr.pp_(IaC)_', 'puppet-tripleo/manifests/profile/base/rabbitmq.pp_(IaC)_', 'puppet-tripleo/manifests/tls_proxy.pp_(IaC)_', 'puppet-tripleo/spec/classes/tripleo_profile_base_designate_central_spec.rb_(Other)_', 'puppet-tripleo/spec/classes/tripleo_profile_base_metrics_collectd_spec.rb_(Other)_', 'puppet-tripleo/spec/classes/tripleo_profile_base_nova_conductor_spec.rb_(Other)_', 'puppet-tripleo/spec/classes/tripleo_profile_base_octavia_api_spec.rb_(Other)_', 'puppet-tripleo/spec/classes/tripleo_profile_base_swift_proxy_spec.rb_(Other)_', 'puppet-tripleo/spec/fixtures/hieradata/default.yaml_(Other)_'], ['puppet-tripleo/manifests/profile/base/glance/api.pp_(IaC)_']]","['12f14d95bb1ea4bd78e96f1f350b4bf9e2d38c3a', 'c9ba6a26219dbee9e8fd168f2b76bf7602c00f30', 'd4afc29038916ef88c5cfdb67028b3ff6d7133fb', '8794022fcb72f0ca4c4a33675bbfba960c84e8f9', '373dee4156a628384c774abdbd65e890901d678c', '31b1caa15e2e0c807b90cd46133fe94a7ca1d8f3', 'c4890a2b0072367f1bc8f182f5285e4eb33f2e05', 'b3be1dc18c8284852905797d91b67d2dcd6a1a10']","[0.0, 0.0, 0.0, 0.0, 0.14285714285714285, 0.14285714285714285, 0.7142857142857143, 0.0]","[0.0, 0.0, 0.0, 0.0, 0.1111111111111111, 0.25, 0.1111111111111111, 0.0]","[0, 0, 0, 0, 0.125, 0.18181818181818182, 0.19230769230769232, 0]","[0, 0, 0, 0, 1, 1, 1, 0]","[0, 0, 0, 0, 0.3333333333333333, 0.3333333333333333, 1.0, 0]"
"[7, 7, 7, 7, 7, 7, 7, 7]","[[228, 305, 235, 233, 306, 293, 294], [228, 305, 235, 233, 306, 293, 294], [228, 305, 235, 233, 306, 293, 294], [228, 305, 235, 233, 306, 293, 294], [228, 305, 235, 233, 306, 293, 294], [228, 305, 235, 233, 306, 293, 294], [228, 305, 235, 233, 306, 293, 294], [228, 305, 235, 233, 306, 293, 294]]","[['puppet-tripleo/manifests/profile/base/keystone.pp_(IaC)_', 'puppet-tripleo/manifests/profile/base/manila/api.pp_(IaC)_', 'puppet-tripleo/manifests/profile/base/manila.pp_(IaC)_', 'puppet-tripleo/manifests/profile/base/ironic.pp_(IaC)_', 'puppet-tripleo/manifests/profile/base/manila/share.pp_(IaC)_', 'puppet-tripleo/manifests/profile/base/gnocchi/api.pp_(IaC)_', 'puppet-tripleo/manifests/profile/base/gnocchi/authtoken.pp_(IaC)_'], ['puppet-tripleo/manifests/profile/base/keystone.pp_(IaC)_', 'puppet-tripleo/manifests/profile/base/manila/api.pp_(IaC)_', 'puppet-tripleo/manifests/profile/base/manila.pp_(IaC)_', 'puppet-tripleo/manifests/profile/base/ironic.pp_(IaC)_', 'puppet-tripleo/manifests/profile/base/manila/share.pp_(IaC)_', 'puppet-tripleo/manifests/profile/base/gnocchi/api.pp_(IaC)_', 'puppet-tripleo/manifests/profile/base/gnocchi/authtoken.pp_(IaC)_'], ['puppet-tripleo/manifests/profile/base/keystone.pp_(IaC)_', 'puppet-tripleo/manifests/profile/base/manila/api.pp_(IaC)_', 'puppet-tripleo/manifests/profile/base/manila.pp_(IaC)_', 'puppet-tripleo/manifests/profile/base/ironic.pp_(IaC)_', 'puppet-tripleo/manifests/profile/base/manila/share.pp_(IaC)_', 'puppet-tripleo/manifests/profile/base/gnocchi/api.pp_(IaC)_', 'puppet-tripleo/manifests/profile/base/gnocchi/authtoken.pp_(IaC)_'], ['puppet-tripleo/manifests/profile/base/keystone.pp_(IaC)_', 'puppet-tripleo/manifests/profile/base/manila/api.pp_(IaC)_', 'puppet-tripleo/manifests/profile/base/manila.pp_(IaC)_', 'puppet-tripleo/manifests/profile/base/ironic.pp_(IaC)_', 'puppet-tripleo/manifests/profile/base/manila/share.pp_(IaC)_', 'puppet-tripleo/manifests/profile/base/gnocchi/api.pp_(IaC)_', 'puppet-tripleo/manifests/profile/base/gnocchi/authtoken.pp_(IaC)_'], ['puppet-tripleo/manifests/profile/base/keystone.pp_(IaC)_', 'puppet-tripleo/manifests/profile/base/manila/api.pp_(IaC)_', 'puppet-tripleo/manifests/profile/base/manila.pp_(IaC)_', 'puppet-tripleo/manifests/profile/base/ironic.pp_(IaC)_', 'puppet-tripleo/manifests/profile/base/manila/share.pp_(IaC)_', 'puppet-tripleo/manifests/profile/base/gnocchi/api.pp_(IaC)_', 'puppet-tripleo/manifests/profile/base/gnocchi/authtoken.pp_(IaC)_'], ['puppet-tripleo/manifests/profile/base/keystone.pp_(IaC)_', 'puppet-tripleo/manifests/profile/base/manila/api.pp_(IaC)_', 'puppet-tripleo/manifests/profile/base/manila.pp_(IaC)_', 'puppet-tripleo/manifests/profile/base/ironic.pp_(IaC)_', 'puppet-tripleo/manifests/profile/base/manila/share.pp_(IaC)_', 'puppet-tripleo/manifests/profile/base/gnocchi/api.pp_(IaC)_', 'puppet-tripleo/manifests/profile/base/gnocchi/authtoken.pp_(IaC)_'], ['puppet-tripleo/manifests/profile/base/keystone.pp_(IaC)_', 'puppet-tripleo/manifests/profile/base/manila/api.pp_(IaC)_', 'puppet-tripleo/manifests/profile/base/manila.pp_(IaC)_', 'puppet-tripleo/manifests/profile/base/ironic.pp_(IaC)_', 'puppet-tripleo/manifests/profile/base/manila/share.pp_(IaC)_', 'puppet-tripleo/manifests/profile/base/gnocchi/api.pp_(IaC)_', 'puppet-tripleo/manifests/profile/base/gnocchi/authtoken.pp_(IaC)_'], ['puppet-tripleo/manifests/profile/base/keystone.pp_(IaC)_', 'puppet-tripleo/manifests/profile/base/manila/api.pp_(IaC)_', 'puppet-tripleo/manifests/profile/base/manila.pp_(IaC)_', 'puppet-tripleo/manifests/profile/base/ironic.pp_(IaC)_', 'puppet-tripleo/manifests/profile/base/manila/share.pp_(IaC)_', 'puppet-tripleo/manifests/profile/base/gnocchi/api.pp_(IaC)_', 'puppet-tripleo/manifests/profile/base/gnocchi/authtoken.pp_(IaC)_']]","[['puppet-tripleo/manifests/haproxy/stats.pp_(IaC)_'], ['puppet-tripleo/spec/classes/tripleo_haproxy_spec.rb_(Other)_'], ['puppet-tripleo/manifests/haproxy/endpoint.pp_(IaC)_'], ['puppet-tripleo/releasenotes/notes/haproxy-remove-activate_httplog-87325732ab9ca721.yaml_(Other)_', 'puppet-tripleo/spec/classes/tripleo_haproxy_spec.rb_(Other)_'], ['puppet-tripleo/manifests/firewall.pp_(IaC)_', 'puppet-tripleo/manifests/firewall/post.pp_(IaC)_', 'puppet-tripleo/manifests/firewall/pre.pp_(IaC)_', 'puppet-tripleo/manifests/firewall/service_rules.pp_(IaC)_', 'puppet-tripleo/manifests/haproxy/endpoint.pp_(IaC)_', 'puppet-tripleo/manifests/haproxy/horizon_endpoint.pp_(IaC)_', 'puppet-tripleo/manifests/profile/base/haproxy.pp_(IaC)_', 'puppet-tripleo/spec/classes/tripleo_firewall_spec.rb_(Other)_', 'puppet-tripleo/spec/defines/tripleo_firewall_service_rules_spec.rb_(Other)_'], ['puppet-tripleo/manifests/haproxy/endpoint.pp_(IaC)_', 'puppet-tripleo/manifests/haproxy/horizon_endpoint.pp_(IaC)_', 'puppet-tripleo/manifests/haproxy/service_endpoints.pp_(IaC)_', 'puppet-tripleo/manifests/haproxy/stats.pp_(IaC)_'], ['puppet-tripleo/manifests/fencing.pp_(IaC)_', 'puppet-tripleo/manifests/haproxy/endpoint.pp_(IaC)_', 'puppet-tripleo/manifests/haproxy/horizon_endpoint.pp_(IaC)_', 'puppet-tripleo/manifests/profile/base/aodh/authtoken.pp_(IaC)_', 'puppet-tripleo/manifests/profile/base/apache.pp_(IaC)_', 'puppet-tripleo/manifests/profile/base/cinder.pp_(IaC)_', 'puppet-tripleo/manifests/profile/base/cinder/authtoken.pp_(IaC)_', 'puppet-tripleo/manifests/profile/base/cinder/volume/dellsc.pp_(IaC)_', 'puppet-tripleo/manifests/profile/base/cinder/volume/nvmeof.pp_(IaC)_', 'puppet-tripleo/manifests/profile/base/designate/authtoken.pp_(IaC)_', 'puppet-tripleo/manifests/profile/base/glance/authtoken.pp_(IaC)_', 'puppet-tripleo/manifests/profile/base/glance/backend/cinder.pp_(IaC)_', 'puppet-tripleo/manifests/profile/base/gnocchi/authtoken.pp_(IaC)_', 'puppet-tripleo/manifests/profile/base/heat.pp_(IaC)_', 'puppet-tripleo/manifests/profile/base/heat/authtoken.pp_(IaC)_', 'puppet-tripleo/manifests/profile/base/ironic/authtoken.pp_(IaC)_', 'puppet-tripleo/manifests/profile/base/ironic_inspector/authtoken.pp_(IaC)_', 'puppet-tripleo/manifests/profile/base/keystone.pp_(IaC)_', 'puppet-tripleo/manifests/profile/base/manila/authtoken.pp_(IaC)_', 'puppet-tripleo/manifests/profile/base/metrics/collectd.pp_(IaC)_', 'puppet-tripleo/manifests/profile/base/metrics/collectd/sensubility.pp_(IaC)_', 'puppet-tripleo/manifests/profile/base/metrics/qdr.pp_(IaC)_', 'puppet-tripleo/manifests/profile/base/neutron.pp_(IaC)_', 'puppet-tripleo/manifests/profile/base/neutron/authtoken.pp_(IaC)_', 'puppet-tripleo/manifests/profile/base/neutron/dhcp_agent_wrappers.pp_(IaC)_', 'puppet-tripleo/manifests/profile/base/neutron/l3_agent_wrappers.pp_(IaC)_', 'puppet-tripleo/manifests/profile/base/neutron/linuxbridge.pp_(IaC)_', 'puppet-tripleo/manifests/profile/base/neutron/ovn_metadata_agent_wrappers.pp_(IaC)_', 'puppet-tripleo/manifests/profile/base/nova.pp_(IaC)_', 'puppet-tripleo/manifests/profile/base/nova/api.pp_(IaC)_', 'puppet-tripleo/manifests/profile/base/nova/authtoken.pp_(IaC)_', 'puppet-tripleo/manifests/profile/base/nova/compute_libvirt_shared.pp_(IaC)_', 'puppet-tripleo/manifests/profile/base/nova/migration/client.pp_(IaC)_', 'puppet-tripleo/manifests/profile/base/octavia/authtoken.pp_(IaC)_', 'puppet-tripleo/manifests/profile/base/pacemaker.pp_(IaC)_', 'puppet-tripleo/manifests/profile/base/placement/authtoken.pp_(IaC)_', 'puppet-tripleo/manifests/profile/base/qdr.pp_(IaC)_', 'puppet-tripleo/manifests/profile/base/rabbitmq.pp_(IaC)_', 'puppet-tripleo/manifests/tls_proxy.pp_(IaC)_', 'puppet-tripleo/spec/classes/tripleo_profile_base_designate_central_spec.rb_(Other)_', 'puppet-tripleo/spec/classes/tripleo_profile_base_metrics_collectd_spec.rb_(Other)_', 'puppet-tripleo/spec/classes/tripleo_profile_base_nova_conductor_spec.rb_(Other)_', 'puppet-tripleo/spec/classes/tripleo_profile_base_octavia_api_spec.rb_(Other)_', 'puppet-tripleo/spec/classes/tripleo_profile_base_swift_proxy_spec.rb_(Other)_', 'puppet-tripleo/spec/fixtures/hieradata/default.yaml_(Other)_'], ['puppet-tripleo/manifests/profile/base/glance/api.pp_(IaC)_']]","['12f14d95bb1ea4bd78e96f1f350b4bf9e2d38c3a', 'c9ba6a26219dbee9e8fd168f2b76bf7602c00f30', 'd4afc29038916ef88c5cfdb67028b3ff6d7133fb', '8794022fcb72f0ca4c4a33675bbfba960c84e8f9', '373dee4156a628384c774abdbd65e890901d678c', '31b1caa15e2e0c807b90cd46133fe94a7ca1d8f3', 'c4890a2b0072367f1bc8f182f5285e4eb33f2e05', 'b3be1dc18c8284852905797d91b67d2dcd6a1a10']","[0.0, 0.0, 0.0, 0.0, 0.0, 0.0, 0.2857142857142857, 0.0]","[0.0, 0.0, 0.0, 0.0, 0.0, 0.0, 0.044444444444444446, 0.0]","[0, 0, 0, 0, 0, 0, 0.07692307692307693, 0]","[0, 0, 0, 0, 0, 0, 1, 0]","[0, 0, 0, 0, 0, 0, 1.0, 0]"
"[7, 7, 7, 7, 7, 7, 7, 7]","[[228, 227, 256, 293, 294, 226, 400], [228, 227, 256, 293, 294, 226, 400], [228, 227, 256, 293, 294, 226, 400], [228, 227, 256, 293, 294, 226, 400], [228, 227, 256, 293, 294, 226, 400], [228, 227, 256, 293, 294, 226, 400], [228, 227, 256, 293, 294, 226, 400], [228, 227, 256, 293, 294, 226, 400]]","[['puppet-tripleo/manifests/profile/base/keystone.pp_(IaC)_', 'puppet-tripleo/manifests/profile/base/heat.pp_(IaC)_', 'puppet-tripleo/manifests/profile/base/cinder/authtoken.pp_(IaC)_', 'puppet-tripleo/manifests/profile/base/gnocchi/api.pp_(IaC)_', 'puppet-tripleo/manifests/profile/base/gnocchi/authtoken.pp_(IaC)_', 'puppet-tripleo/manifests/profile/base/octavia.pp_(IaC)_', 'puppet-tripleo/manifests/profile/base/placement/api.pp_(IaC)_'], ['puppet-tripleo/manifests/profile/base/keystone.pp_(IaC)_', 'puppet-tripleo/manifests/profile/base/heat.pp_(IaC)_', 'puppet-tripleo/manifests/profile/base/cinder/authtoken.pp_(IaC)_', 'puppet-tripleo/manifests/profile/base/gnocchi/api.pp_(IaC)_', 'puppet-tripleo/manifests/profile/base/gnocchi/authtoken.pp_(IaC)_', 'puppet-tripleo/manifests/profile/base/octavia.pp_(IaC)_', 'puppet-tripleo/manifests/profile/base/placement/api.pp_(IaC)_'], ['puppet-tripleo/manifests/profile/base/keystone.pp_(IaC)_', 'puppet-tripleo/manifests/profile/base/heat.pp_(IaC)_', 'puppet-tripleo/manifests/profile/base/cinder/authtoken.pp_(IaC)_', 'puppet-tripleo/manifests/profile/base/gnocchi/api.pp_(IaC)_', 'puppet-tripleo/manifests/profile/base/gnocchi/authtoken.pp_(IaC)_', 'puppet-tripleo/manifests/profile/base/octavia.pp_(IaC)_', 'puppet-tripleo/manifests/profile/base/placement/api.pp_(IaC)_'], ['puppet-tripleo/manifests/profile/base/keystone.pp_(IaC)_', 'puppet-tripleo/manifests/profile/base/heat.pp_(IaC)_', 'puppet-tripleo/manifests/profile/base/cinder/authtoken.pp_(IaC)_', 'puppet-tripleo/manifests/profile/base/gnocchi/api.pp_(IaC)_', 'puppet-tripleo/manifests/profile/base/gnocchi/authtoken.pp_(IaC)_', 'puppet-tripleo/manifests/profile/base/octavia.pp_(IaC)_', 'puppet-tripleo/manifests/profile/base/placement/api.pp_(IaC)_'], ['puppet-tripleo/manifests/profile/base/keystone.pp_(IaC)_', 'puppet-tripleo/manifests/profile/base/heat.pp_(IaC)_', 'puppet-tripleo/manifests/profile/base/cinder/authtoken.pp_(IaC)_', 'puppet-tripleo/manifests/profile/base/gnocchi/api.pp_(IaC)_', 'puppet-tripleo/manifests/profile/base/gnocchi/authtoken.pp_(IaC)_', 'puppet-tripleo/manifests/profile/base/octavia.pp_(IaC)_', 'puppet-tripleo/manifests/profile/base/placement/api.pp_(IaC)_'], ['puppet-tripleo/manifests/profile/base/keystone.pp_(IaC)_', 'puppet-tripleo/manifests/profile/base/heat.pp_(IaC)_', 'puppet-tripleo/manifests/profile/base/cinder/authtoken.pp_(IaC)_', 'puppet-tripleo/manifests/profile/base/gnocchi/api.pp_(IaC)_', 'puppet-tripleo/manifests/profile/base/gnocchi/authtoken.pp_(IaC)_', 'puppet-tripleo/manifests/profile/base/octavia.pp_(IaC)_', 'puppet-tripleo/manifests/profile/base/placement/api.pp_(IaC)_'], ['puppet-tripleo/manifests/profile/base/keystone.pp_(IaC)_', 'puppet-tripleo/manifests/profile/base/heat.pp_(IaC)_', 'puppet-tripleo/manifests/profile/base/cinder/authtoken.pp_(IaC)_', 'puppet-tripleo/manifests/profile/base/gnocchi/api.pp_(IaC)_', 'puppet-tripleo/manifests/profile/base/gnocchi/authtoken.pp_(IaC)_', 'puppet-tripleo/manifests/profile/base/octavia.pp_(IaC)_', 'puppet-tripleo/manifests/profile/base/placement/api.pp_(IaC)_'], ['puppet-tripleo/manifests/profile/base/keystone.pp_(IaC)_', 'puppet-tripleo/manifests/profile/base/heat.pp_(IaC)_', 'puppet-tripleo/manifests/profile/base/cinder/authtoken.pp_(IaC)_', 'puppet-tripleo/manifests/profile/base/gnocchi/api.pp_(IaC)_', 'puppet-tripleo/manifests/profile/base/gnocchi/authtoken.pp_(IaC)_', 'puppet-tripleo/manifests/profile/base/octavia.pp_(IaC)_', 'puppet-tripleo/manifests/profile/base/placement/api.pp_(IaC)_']]","[['puppet-tripleo/manifests/haproxy/stats.pp_(IaC)_'], ['puppet-tripleo/spec/classes/tripleo_haproxy_spec.rb_(Other)_'], ['puppet-tripleo/manifests/haproxy/endpoint.pp_(IaC)_'], ['puppet-tripleo/releasenotes/notes/haproxy-remove-activate_httplog-87325732ab9ca721.yaml_(Other)_', 'puppet-tripleo/spec/classes/tripleo_haproxy_spec.rb_(Other)_'], ['puppet-tripleo/manifests/firewall.pp_(IaC)_', 'puppet-tripleo/manifests/firewall/post.pp_(IaC)_', 'puppet-tripleo/manifests/firewall/pre.pp_(IaC)_', 'puppet-tripleo/manifests/firewall/service_rules.pp_(IaC)_', 'puppet-tripleo/manifests/haproxy/endpoint.pp_(IaC)_', 'puppet-tripleo/manifests/haproxy/horizon_endpoint.pp_(IaC)_', 'puppet-tripleo/manifests/profile/base/haproxy.pp_(IaC)_', 'puppet-tripleo/spec/classes/tripleo_firewall_spec.rb_(Other)_', 'puppet-tripleo/spec/defines/tripleo_firewall_service_rules_spec.rb_(Other)_'], ['puppet-tripleo/manifests/haproxy/endpoint.pp_(IaC)_', 'puppet-tripleo/manifests/haproxy/horizon_endpoint.pp_(IaC)_', 'puppet-tripleo/manifests/haproxy/service_endpoints.pp_(IaC)_', 'puppet-tripleo/manifests/haproxy/stats.pp_(IaC)_'], ['puppet-tripleo/manifests/fencing.pp_(IaC)_', 'puppet-tripleo/manifests/haproxy/endpoint.pp_(IaC)_', 'puppet-tripleo/manifests/haproxy/horizon_endpoint.pp_(IaC)_', 'puppet-tripleo/manifests/profile/base/aodh/authtoken.pp_(IaC)_', 'puppet-tripleo/manifests/profile/base/apache.pp_(IaC)_', 'puppet-tripleo/manifests/profile/base/cinder.pp_(IaC)_', 'puppet-tripleo/manifests/profile/base/cinder/authtoken.pp_(IaC)_', 'puppet-tripleo/manifests/profile/base/cinder/volume/dellsc.pp_(IaC)_', 'puppet-tripleo/manifests/profile/base/cinder/volume/nvmeof.pp_(IaC)_', 'puppet-tripleo/manifests/profile/base/designate/authtoken.pp_(IaC)_', 'puppet-tripleo/manifests/profile/base/glance/authtoken.pp_(IaC)_', 'puppet-tripleo/manifests/profile/base/glance/backend/cinder.pp_(IaC)_', 'puppet-tripleo/manifests/profile/base/gnocchi/authtoken.pp_(IaC)_', 'puppet-tripleo/manifests/profile/base/heat.pp_(IaC)_', 'puppet-tripleo/manifests/profile/base/heat/authtoken.pp_(IaC)_', 'puppet-tripleo/manifests/profile/base/ironic/authtoken.pp_(IaC)_', 'puppet-tripleo/manifests/profile/base/ironic_inspector/authtoken.pp_(IaC)_', 'puppet-tripleo/manifests/profile/base/keystone.pp_(IaC)_', 'puppet-tripleo/manifests/profile/base/manila/authtoken.pp_(IaC)_', 'puppet-tripleo/manifests/profile/base/metrics/collectd.pp_(IaC)_', 'puppet-tripleo/manifests/profile/base/metrics/collectd/sensubility.pp_(IaC)_', 'puppet-tripleo/manifests/profile/base/metrics/qdr.pp_(IaC)_', 'puppet-tripleo/manifests/profile/base/neutron.pp_(IaC)_', 'puppet-tripleo/manifests/profile/base/neutron/authtoken.pp_(IaC)_', 'puppet-tripleo/manifests/profile/base/neutron/dhcp_agent_wrappers.pp_(IaC)_', 'puppet-tripleo/manifests/profile/base/neutron/l3_agent_wrappers.pp_(IaC)_', 'puppet-tripleo/manifests/profile/base/neutron/linuxbridge.pp_(IaC)_', 'puppet-tripleo/manifests/profile/base/neutron/ovn_metadata_agent_wrappers.pp_(IaC)_', 'puppet-tripleo/manifests/profile/base/nova.pp_(IaC)_', 'puppet-tripleo/manifests/profile/base/nova/api.pp_(IaC)_', 'puppet-tripleo/manifests/profile/base/nova/authtoken.pp_(IaC)_', 'puppet-tripleo/manifests/profile/base/nova/compute_libvirt_shared.pp_(IaC)_', 'puppet-tripleo/manifests/profile/base/nova/migration/client.pp_(IaC)_', 'puppet-tripleo/manifests/profile/base/octavia/authtoken.pp_(IaC)_', 'puppet-tripleo/manifests/profile/base/pacemaker.pp_(IaC)_', 'puppet-tripleo/manifests/profile/base/placement/authtoken.pp_(IaC)_', 'puppet-tripleo/manifests/profile/base/qdr.pp_(IaC)_', 'puppet-tripleo/manifests/profile/base/rabbitmq.pp_(IaC)_', 'puppet-tripleo/manifests/tls_proxy.pp_(IaC)_', 'puppet-tripleo/spec/classes/tripleo_profile_base_designate_central_spec.rb_(Other)_', 'puppet-tripleo/spec/classes/tripleo_profile_base_metrics_collectd_spec.rb_(Other)_', 'puppet-tripleo/spec/classes/tripleo_profile_base_nova_conductor_spec.rb_(Other)_', 'puppet-tripleo/spec/classes/tripleo_profile_base_octavia_api_spec.rb_(Other)_', 'puppet-tripleo/spec/classes/tripleo_profile_base_swift_proxy_spec.rb_(Other)_', 'puppet-tripleo/spec/fixtures/hieradata/default.yaml_(Other)_'], ['puppet-tripleo/manifests/profile/base/glance/api.pp_(IaC)_']]","['12f14d95bb1ea4bd78e96f1f350b4bf9e2d38c3a', 'c9ba6a26219dbee9e8fd168f2b76bf7602c00f30', 'd4afc29038916ef88c5cfdb67028b3ff6d7133fb', '8794022fcb72f0ca4c4a33675bbfba960c84e8f9', '373dee4156a628384c774abdbd65e890901d678c', '31b1caa15e2e0c807b90cd46133fe94a7ca1d8f3', 'c4890a2b0072367f1bc8f182f5285e4eb33f2e05', 'b3be1dc18c8284852905797d91b67d2dcd6a1a10']","[0.0, 0.0, 0.0, 0.0, 0.0, 0.0, 0.5714285714285714, 0.0]","[0.0, 0.0, 0.0, 0.0, 0.0, 0.0, 0.08888888888888889, 0.0]","[0, 0, 0, 0, 0, 0, 0.15384615384615385, 0]","[0, 0, 0, 0, 0, 0, 1, 0]","[0, 0, 0, 0, 0, 0, 1.0, 0]"
"[7, 7, 7, 7, 7, 7, 7, 7]","[[228, 235, 306, 384, 392, 313, 226], [228, 235, 306, 384, 392, 313, 226], [228, 235, 306, 384, 392, 313, 226], [228, 235, 306, 384, 392, 313, 226], [228, 235, 306, 384, 392, 313, 226], [228, 235, 306, 384, 392, 313, 226], [228, 235, 306, 384, 392, 313, 226], [228, 235, 306, 384, 392, 313, 226]]","[['puppet-tripleo/manifests/profile/base/keystone.pp_(IaC)_', 'puppet-tripleo/manifests/profile/base/manila.pp_(IaC)_', 'puppet-tripleo/manifests/profile/base/manila/share.pp_(IaC)_', 'puppet-tripleo/manifests/profile/base/ironic/authtoken.pp_(IaC)_', 'puppet-tripleo/manifests/profile/base/glance/authtoken.pp_(IaC)_', 'puppet-tripleo/manifests/profile/base/octavia/authtoken.pp_(IaC)_', 'puppet-tripleo/manifests/profile/base/octavia.pp_(IaC)_'], ['puppet-tripleo/manifests/profile/base/keystone.pp_(IaC)_', 'puppet-tripleo/manifests/profile/base/manila.pp_(IaC)_', 'puppet-tripleo/manifests/profile/base/manila/share.pp_(IaC)_', 'puppet-tripleo/manifests/profile/base/ironic/authtoken.pp_(IaC)_', 'puppet-tripleo/manifests/profile/base/glance/authtoken.pp_(IaC)_', 'puppet-tripleo/manifests/profile/base/octavia/authtoken.pp_(IaC)_', 'puppet-tripleo/manifests/profile/base/octavia.pp_(IaC)_'], ['puppet-tripleo/manifests/profile/base/keystone.pp_(IaC)_', 'puppet-tripleo/manifests/profile/base/manila.pp_(IaC)_', 'puppet-tripleo/manifests/profile/base/manila/share.pp_(IaC)_', 'puppet-tripleo/manifests/profile/base/ironic/authtoken.pp_(IaC)_', 'puppet-tripleo/manifests/profile/base/glance/authtoken.pp_(IaC)_', 'puppet-tripleo/manifests/profile/base/octavia/authtoken.pp_(IaC)_', 'puppet-tripleo/manifests/profile/base/octavia.pp_(IaC)_'], ['puppet-tripleo/manifests/profile/base/keystone.pp_(IaC)_', 'puppet-tripleo/manifests/profile/base/manila.pp_(IaC)_', 'puppet-tripleo/manifests/profile/base/manila/share.pp_(IaC)_', 'puppet-tripleo/manifests/profile/base/ironic/authtoken.pp_(IaC)_', 'puppet-tripleo/manifests/profile/base/glance/authtoken.pp_(IaC)_', 'puppet-tripleo/manifests/profile/base/octavia/authtoken.pp_(IaC)_', 'puppet-tripleo/manifests/profile/base/octavia.pp_(IaC)_'], ['puppet-tripleo/manifests/profile/base/keystone.pp_(IaC)_', 'puppet-tripleo/manifests/profile/base/manila.pp_(IaC)_', 'puppet-tripleo/manifests/profile/base/manila/share.pp_(IaC)_', 'puppet-tripleo/manifests/profile/base/ironic/authtoken.pp_(IaC)_', 'puppet-tripleo/manifests/profile/base/glance/authtoken.pp_(IaC)_', 'puppet-tripleo/manifests/profile/base/octavia/authtoken.pp_(IaC)_', 'puppet-tripleo/manifests/profile/base/octavia.pp_(IaC)_'], ['puppet-tripleo/manifests/profile/base/keystone.pp_(IaC)_', 'puppet-tripleo/manifests/profile/base/manila.pp_(IaC)_', 'puppet-tripleo/manifests/profile/base/manila/share.pp_(IaC)_', 'puppet-tripleo/manifests/profile/base/ironic/authtoken.pp_(IaC)_', 'puppet-tripleo/manifests/profile/base/glance/authtoken.pp_(IaC)_', 'puppet-tripleo/manifests/profile/base/octavia/authtoken.pp_(IaC)_', 'puppet-tripleo/manifests/profile/base/octavia.pp_(IaC)_'], ['puppet-tripleo/manifests/profile/base/keystone.pp_(IaC)_', 'puppet-tripleo/manifests/profile/base/manila.pp_(IaC)_', 'puppet-tripleo/manifests/profile/base/manila/share.pp_(IaC)_', 'puppet-tripleo/manifests/profile/base/ironic/authtoken.pp_(IaC)_', 'puppet-tripleo/manifests/profile/base/glance/authtoken.pp_(IaC)_', 'puppet-tripleo/manifests/profile/base/octavia/authtoken.pp_(IaC)_', 'puppet-tripleo/manifests/profile/base/octavia.pp_(IaC)_'], ['puppet-tripleo/manifests/profile/base/keystone.pp_(IaC)_', 'puppet-tripleo/manifests/profile/base/manila.pp_(IaC)_', 'puppet-tripleo/manifests/profile/base/manila/share.pp_(IaC)_', 'puppet-tripleo/manifests/profile/base/ironic/authtoken.pp_(IaC)_', 'puppet-tripleo/manifests/profile/base/glance/authtoken.pp_(IaC)_', 'puppet-tripleo/manifests/profile/base/octavia/authtoken.pp_(IaC)_', 'puppet-tripleo/manifests/profile/base/octavia.pp_(IaC)_']]","[['puppet-tripleo/manifests/haproxy/stats.pp_(IaC)_'], ['puppet-tripleo/spec/classes/tripleo_haproxy_spec.rb_(Other)_'], ['puppet-tripleo/manifests/haproxy/endpoint.pp_(IaC)_'], ['puppet-tripleo/releasenotes/notes/haproxy-remove-activate_httplog-87325732ab9ca721.yaml_(Other)_', 'puppet-tripleo/spec/classes/tripleo_haproxy_spec.rb_(Other)_'], ['puppet-tripleo/manifests/firewall.pp_(IaC)_', 'puppet-tripleo/manifests/firewall/post.pp_(IaC)_', 'puppet-tripleo/manifests/firewall/pre.pp_(IaC)_', 'puppet-tripleo/manifests/firewall/service_rules.pp_(IaC)_', 'puppet-tripleo/manifests/haproxy/endpoint.pp_(IaC)_', 'puppet-tripleo/manifests/haproxy/horizon_endpoint.pp_(IaC)_', 'puppet-tripleo/manifests/profile/base/haproxy.pp_(IaC)_', 'puppet-tripleo/spec/classes/tripleo_firewall_spec.rb_(Other)_', 'puppet-tripleo/spec/defines/tripleo_firewall_service_rules_spec.rb_(Other)_'], ['puppet-tripleo/manifests/haproxy/endpoint.pp_(IaC)_', 'puppet-tripleo/manifests/haproxy/horizon_endpoint.pp_(IaC)_', 'puppet-tripleo/manifests/haproxy/service_endpoints.pp_(IaC)_', 'puppet-tripleo/manifests/haproxy/stats.pp_(IaC)_'], ['puppet-tripleo/manifests/fencing.pp_(IaC)_', 'puppet-tripleo/manifests/haproxy/endpoint.pp_(IaC)_', 'puppet-tripleo/manifests/haproxy/horizon_endpoint.pp_(IaC)_', 'puppet-tripleo/manifests/profile/base/aodh/authtoken.pp_(IaC)_', 'puppet-tripleo/manifests/profile/base/apache.pp_(IaC)_', 'puppet-tripleo/manifests/profile/base/cinder.pp_(IaC)_', 'puppet-tripleo/manifests/profile/base/cinder/authtoken.pp_(IaC)_', 'puppet-tripleo/manifests/profile/base/cinder/volume/dellsc.pp_(IaC)_', 'puppet-tripleo/manifests/profile/base/cinder/volume/nvmeof.pp_(IaC)_', 'puppet-tripleo/manifests/profile/base/designate/authtoken.pp_(IaC)_', 'puppet-tripleo/manifests/profile/base/glance/authtoken.pp_(IaC)_', 'puppet-tripleo/manifests/profile/base/glance/backend/cinder.pp_(IaC)_', 'puppet-tripleo/manifests/profile/base/gnocchi/authtoken.pp_(IaC)_', 'puppet-tripleo/manifests/profile/base/heat.pp_(IaC)_', 'puppet-tripleo/manifests/profile/base/heat/authtoken.pp_(IaC)_', 'puppet-tripleo/manifests/profile/base/ironic/authtoken.pp_(IaC)_', 'puppet-tripleo/manifests/profile/base/ironic_inspector/authtoken.pp_(IaC)_', 'puppet-tripleo/manifests/profile/base/keystone.pp_(IaC)_', 'puppet-tripleo/manifests/profile/base/manila/authtoken.pp_(IaC)_', 'puppet-tripleo/manifests/profile/base/metrics/collectd.pp_(IaC)_', 'puppet-tripleo/manifests/profile/base/metrics/collectd/sensubility.pp_(IaC)_', 'puppet-tripleo/manifests/profile/base/metrics/qdr.pp_(IaC)_', 'puppet-tripleo/manifests/profile/base/neutron.pp_(IaC)_', 'puppet-tripleo/manifests/profile/base/neutron/authtoken.pp_(IaC)_', 'puppet-tripleo/manifests/profile/base/neutron/dhcp_agent_wrappers.pp_(IaC)_', 'puppet-tripleo/manifests/profile/base/neutron/l3_agent_wrappers.pp_(IaC)_', 'puppet-tripleo/manifests/profile/base/neutron/linuxbridge.pp_(IaC)_', 'puppet-tripleo/manifests/profile/base/neutron/ovn_metadata_agent_wrappers.pp_(IaC)_', 'puppet-tripleo/manifests/profile/base/nova.pp_(IaC)_', 'puppet-tripleo/manifests/profile/base/nova/api.pp_(IaC)_', 'puppet-tripleo/manifests/profile/base/nova/authtoken.pp_(IaC)_', 'puppet-tripleo/manifests/profile/base/nova/compute_libvirt_shared.pp_(IaC)_', 'puppet-tripleo/manifests/profile/base/nova/migration/client.pp_(IaC)_', 'puppet-tripleo/manifests/profile/base/octavia/authtoken.pp_(IaC)_', 'puppet-tripleo/manifests/profile/base/pacemaker.pp_(IaC)_', 'puppet-tripleo/manifests/profile/base/placement/authtoken.pp_(IaC)_', 'puppet-tripleo/manifests/profile/base/qdr.pp_(IaC)_', 'puppet-tripleo/manifests/profile/base/rabbitmq.pp_(IaC)_', 'puppet-tripleo/manifests/tls_proxy.pp_(IaC)_', 'puppet-tripleo/spec/classes/tripleo_profile_base_designate_central_spec.rb_(Other)_', 'puppet-tripleo/spec/classes/tripleo_profile_base_metrics_collectd_spec.rb_(Other)_', 'puppet-tripleo/spec/classes/tripleo_profile_base_nova_conductor_spec.rb_(Other)_', 'puppet-tripleo/spec/classes/tripleo_profile_base_octavia_api_spec.rb_(Other)_', 'puppet-tripleo/spec/classes/tripleo_profile_base_swift_proxy_spec.rb_(Other)_', 'puppet-tripleo/spec/fixtures/hieradata/default.yaml_(Other)_'], ['puppet-tripleo/manifests/profile/base/glance/api.pp_(IaC)_']]","['12f14d95bb1ea4bd78e96f1f350b4bf9e2d38c3a', 'c9ba6a26219dbee9e8fd168f2b76bf7602c00f30', 'd4afc29038916ef88c5cfdb67028b3ff6d7133fb', '8794022fcb72f0ca4c4a33675bbfba960c84e8f9', '373dee4156a628384c774abdbd65e890901d678c', '31b1caa15e2e0c807b90cd46133fe94a7ca1d8f3', 'c4890a2b0072367f1bc8f182f5285e4eb33f2e05', 'b3be1dc18c8284852905797d91b67d2dcd6a1a10']","[0.0, 0.0, 0.0, 0.0, 0.0, 0.0, 0.5714285714285714, 0.0]","[0.0, 0.0, 0.0, 0.0, 0.0, 0.0, 0.08888888888888889, 0.0]","[0, 0, 0, 0, 0, 0, 0.15384615384615385, 0]","[0, 0, 0, 0, 0, 0, 1, 0]","[0, 0, 0, 0, 0, 0, 1.0, 0]"
"[7, 7, 7, 7, 7, 7, 7, 7]","[[228, 406, 305, 235, 391, 233, 297], [228, 406, 305, 235, 391, 233, 297], [228, 406, 305, 235, 391, 233, 297], [228, 406, 305, 235, 391, 233, 297], [228, 406, 305, 235, 391, 233, 297], [228, 406, 305, 235, 391, 233, 297], [228, 406, 305, 235, 391, 233, 297], [228, 406, 305, 235, 391, 233, 297]]","[['puppet-tripleo/manifests/profile/base/keystone.pp_(IaC)_', 'puppet-tripleo/manifests/haproxy/endpoint.pp_(IaC)_', 'puppet-tripleo/manifests/profile/base/manila/api.pp_(IaC)_', 'puppet-tripleo/manifests/profile/base/manila.pp_(IaC)_', 'puppet-tripleo/manifests/profile/base/glance/api.pp_(IaC)_', 'puppet-tripleo/manifests/profile/base/ironic.pp_(IaC)_', 'puppet-tripleo/manifests/profile/base/heat/api.pp_(IaC)_'], ['puppet-tripleo/manifests/profile/base/keystone.pp_(IaC)_', 'puppet-tripleo/manifests/haproxy/endpoint.pp_(IaC)_', 'puppet-tripleo/manifests/profile/base/manila/api.pp_(IaC)_', 'puppet-tripleo/manifests/profile/base/manila.pp_(IaC)_', 'puppet-tripleo/manifests/profile/base/glance/api.pp_(IaC)_', 'puppet-tripleo/manifests/profile/base/ironic.pp_(IaC)_', 'puppet-tripleo/manifests/profile/base/heat/api.pp_(IaC)_'], ['puppet-tripleo/manifests/profile/base/keystone.pp_(IaC)_', 'puppet-tripleo/manifests/haproxy/endpoint.pp_(IaC)_', 'puppet-tripleo/manifests/profile/base/manila/api.pp_(IaC)_', 'puppet-tripleo/manifests/profile/base/manila.pp_(IaC)_', 'puppet-tripleo/manifests/profile/base/glance/api.pp_(IaC)_', 'puppet-tripleo/manifests/profile/base/ironic.pp_(IaC)_', 'puppet-tripleo/manifests/profile/base/heat/api.pp_(IaC)_'], ['puppet-tripleo/manifests/profile/base/keystone.pp_(IaC)_', 'puppet-tripleo/manifests/haproxy/endpoint.pp_(IaC)_', 'puppet-tripleo/manifests/profile/base/manila/api.pp_(IaC)_', 'puppet-tripleo/manifests/profile/base/manila.pp_(IaC)_', 'puppet-tripleo/manifests/profile/base/glance/api.pp_(IaC)_', 'puppet-tripleo/manifests/profile/base/ironic.pp_(IaC)_', 'puppet-tripleo/manifests/profile/base/heat/api.pp_(IaC)_'], ['puppet-tripleo/manifests/profile/base/keystone.pp_(IaC)_', 'puppet-tripleo/manifests/haproxy/endpoint.pp_(IaC)_', 'puppet-tripleo/manifests/profile/base/manila/api.pp_(IaC)_', 'puppet-tripleo/manifests/profile/base/manila.pp_(IaC)_', 'puppet-tripleo/manifests/profile/base/glance/api.pp_(IaC)_', 'puppet-tripleo/manifests/profile/base/ironic.pp_(IaC)_', 'puppet-tripleo/manifests/profile/base/heat/api.pp_(IaC)_'], ['puppet-tripleo/manifests/profile/base/keystone.pp_(IaC)_', 'puppet-tripleo/manifests/haproxy/endpoint.pp_(IaC)_', 'puppet-tripleo/manifests/profile/base/manila/api.pp_(IaC)_', 'puppet-tripleo/manifests/profile/base/manila.pp_(IaC)_', 'puppet-tripleo/manifests/profile/base/glance/api.pp_(IaC)_', 'puppet-tripleo/manifests/profile/base/ironic.pp_(IaC)_', 'puppet-tripleo/manifests/profile/base/heat/api.pp_(IaC)_'], ['puppet-tripleo/manifests/profile/base/keystone.pp_(IaC)_', 'puppet-tripleo/manifests/haproxy/endpoint.pp_(IaC)_', 'puppet-tripleo/manifests/profile/base/manila/api.pp_(IaC)_', 'puppet-tripleo/manifests/profile/base/manila.pp_(IaC)_', 'puppet-tripleo/manifests/profile/base/glance/api.pp_(IaC)_', 'puppet-tripleo/manifests/profile/base/ironic.pp_(IaC)_', 'puppet-tripleo/manifests/profile/base/heat/api.pp_(IaC)_'], ['puppet-tripleo/manifests/profile/base/keystone.pp_(IaC)_', 'puppet-tripleo/manifests/haproxy/endpoint.pp_(IaC)_', 'puppet-tripleo/manifests/profile/base/manila/api.pp_(IaC)_', 'puppet-tripleo/manifests/profile/base/manila.pp_(IaC)_', 'puppet-tripleo/manifests/profile/base/glance/api.pp_(IaC)_', 'puppet-tripleo/manifests/profile/base/ironic.pp_(IaC)_', 'puppet-tripleo/manifests/profile/base/heat/api.pp_(IaC)_']]","[['puppet-tripleo/manifests/haproxy/stats.pp_(IaC)_'], ['puppet-tripleo/spec/classes/tripleo_haproxy_spec.rb_(Other)_'], ['puppet-tripleo/manifests/haproxy/endpoint.pp_(IaC)_'], ['puppet-tripleo/releasenotes/notes/haproxy-remove-activate_httplog-87325732ab9ca721.yaml_(Other)_', 'puppet-tripleo/spec/classes/tripleo_haproxy_spec.rb_(Other)_'], ['puppet-tripleo/manifests/firewall.pp_(IaC)_', 'puppet-tripleo/manifests/firewall/post.pp_(IaC)_', 'puppet-tripleo/manifests/firewall/pre.pp_(IaC)_', 'puppet-tripleo/manifests/firewall/service_rules.pp_(IaC)_', 'puppet-tripleo/manifests/haproxy/endpoint.pp_(IaC)_', 'puppet-tripleo/manifests/haproxy/horizon_endpoint.pp_(IaC)_', 'puppet-tripleo/manifests/profile/base/haproxy.pp_(IaC)_', 'puppet-tripleo/spec/classes/tripleo_firewall_spec.rb_(Other)_', 'puppet-tripleo/spec/defines/tripleo_firewall_service_rules_spec.rb_(Other)_'], ['puppet-tripleo/manifests/haproxy/endpoint.pp_(IaC)_', 'puppet-tripleo/manifests/haproxy/horizon_endpoint.pp_(IaC)_', 'puppet-tripleo/manifests/haproxy/service_endpoints.pp_(IaC)_', 'puppet-tripleo/manifests/haproxy/stats.pp_(IaC)_'], ['puppet-tripleo/manifests/fencing.pp_(IaC)_', 'puppet-tripleo/manifests/haproxy/endpoint.pp_(IaC)_', 'puppet-tripleo/manifests/haproxy/horizon_endpoint.pp_(IaC)_', 'puppet-tripleo/manifests/profile/base/aodh/authtoken.pp_(IaC)_', 'puppet-tripleo/manifests/profile/base/apache.pp_(IaC)_', 'puppet-tripleo/manifests/profile/base/cinder.pp_(IaC)_', 'puppet-tripleo/manifests/profile/base/cinder/authtoken.pp_(IaC)_', 'puppet-tripleo/manifests/profile/base/cinder/volume/dellsc.pp_(IaC)_', 'puppet-tripleo/manifests/profile/base/cinder/volume/nvmeof.pp_(IaC)_', 'puppet-tripleo/manifests/profile/base/designate/authtoken.pp_(IaC)_', 'puppet-tripleo/manifests/profile/base/glance/authtoken.pp_(IaC)_', 'puppet-tripleo/manifests/profile/base/glance/backend/cinder.pp_(IaC)_', 'puppet-tripleo/manifests/profile/base/gnocchi/authtoken.pp_(IaC)_', 'puppet-tripleo/manifests/profile/base/heat.pp_(IaC)_', 'puppet-tripleo/manifests/profile/base/heat/authtoken.pp_(IaC)_', 'puppet-tripleo/manifests/profile/base/ironic/authtoken.pp_(IaC)_', 'puppet-tripleo/manifests/profile/base/ironic_inspector/authtoken.pp_(IaC)_', 'puppet-tripleo/manifests/profile/base/keystone.pp_(IaC)_', 'puppet-tripleo/manifests/profile/base/manila/authtoken.pp_(IaC)_', 'puppet-tripleo/manifests/profile/base/metrics/collectd.pp_(IaC)_', 'puppet-tripleo/manifests/profile/base/metrics/collectd/sensubility.pp_(IaC)_', 'puppet-tripleo/manifests/profile/base/metrics/qdr.pp_(IaC)_', 'puppet-tripleo/manifests/profile/base/neutron.pp_(IaC)_', 'puppet-tripleo/manifests/profile/base/neutron/authtoken.pp_(IaC)_', 'puppet-tripleo/manifests/profile/base/neutron/dhcp_agent_wrappers.pp_(IaC)_', 'puppet-tripleo/manifests/profile/base/neutron/l3_agent_wrappers.pp_(IaC)_', 'puppet-tripleo/manifests/profile/base/neutron/linuxbridge.pp_(IaC)_', 'puppet-tripleo/manifests/profile/base/neutron/ovn_metadata_agent_wrappers.pp_(IaC)_', 'puppet-tripleo/manifests/profile/base/nova.pp_(IaC)_', 'puppet-tripleo/manifests/profile/base/nova/api.pp_(IaC)_', 'puppet-tripleo/manifests/profile/base/nova/authtoken.pp_(IaC)_', 'puppet-tripleo/manifests/profile/base/nova/compute_libvirt_shared.pp_(IaC)_', 'puppet-tripleo/manifests/profile/base/nova/migration/client.pp_(IaC)_', 'puppet-tripleo/manifests/profile/base/octavia/authtoken.pp_(IaC)_', 'puppet-tripleo/manifests/profile/base/pacemaker.pp_(IaC)_', 'puppet-tripleo/manifests/profile/base/placement/authtoken.pp_(IaC)_', 'puppet-tripleo/manifests/profile/base/qdr.pp_(IaC)_', 'puppet-tripleo/manifests/profile/base/rabbitmq.pp_(IaC)_', 'puppet-tripleo/manifests/tls_proxy.pp_(IaC)_', 'puppet-tripleo/spec/classes/tripleo_profile_base_designate_central_spec.rb_(Other)_', 'puppet-tripleo/spec/classes/tripleo_profile_base_metrics_collectd_spec.rb_(Other)_', 'puppet-tripleo/spec/classes/tripleo_profile_base_nova_conductor_spec.rb_(Other)_', 'puppet-tripleo/spec/classes/tripleo_profile_base_octavia_api_spec.rb_(Other)_', 'puppet-tripleo/spec/classes/tripleo_profile_base_swift_proxy_spec.rb_(Other)_', 'puppet-tripleo/spec/fixtures/hieradata/default.yaml_(Other)_'], ['puppet-tripleo/manifests/profile/base/glance/api.pp_(IaC)_']]","['12f14d95bb1ea4bd78e96f1f350b4bf9e2d38c3a', 'c9ba6a26219dbee9e8fd168f2b76bf7602c00f30', 'd4afc29038916ef88c5cfdb67028b3ff6d7133fb', '8794022fcb72f0ca4c4a33675bbfba960c84e8f9', '373dee4156a628384c774abdbd65e890901d678c', '31b1caa15e2e0c807b90cd46133fe94a7ca1d8f3', 'c4890a2b0072367f1bc8f182f5285e4eb33f2e05', 'b3be1dc18c8284852905797d91b67d2dcd6a1a10']","[0.0, 0.0, 0.14285714285714285, 0.0, 0.14285714285714285, 0.14285714285714285, 0.2857142857142857, 0.14285714285714285]","[0.0, 0.0, 1.0, 0.0, 0.1111111111111111, 0.25, 0.044444444444444446, 1.0]","[0, 0, 0.25, 0, 0.125, 0.18181818181818182, 0.07692307692307693, 0.25]","[0, 0, 1, 0, 1, 1, 1, 1]","[0, 0, 0.5, 0, 0.5, 0.5, 1.0, 0.2]"
"[7, 7, 7, 7, 7, 7, 7, 7]","[[228, 227, 245, 248, 332, 400, 296], [228, 227, 245, 248, 332, 400, 296], [228, 227, 245, 248, 332, 400, 296], [228, 227, 245, 248, 332, 400, 296], [228, 227, 245, 248, 332, 400, 296], [228, 227, 245, 248, 332, 400, 296], [228, 227, 245, 248, 332, 400, 296], [228, 227, 245, 248, 332, 400, 296]]","[['puppet-tripleo/manifests/profile/base/keystone.pp_(IaC)_', 'puppet-tripleo/manifests/profile/base/heat.pp_(IaC)_', 'puppet-tripleo/manifests/profile/base/designate.pp_(IaC)_', 'puppet-tripleo/manifests/profile/base/aodh.pp_(IaC)_', 'puppet-tripleo/manifests/profile/base/nova/api.pp_(IaC)_', 'puppet-tripleo/manifests/profile/base/placement/api.pp_(IaC)_', 'puppet-tripleo/manifests/profile/base/heat/api_cfn.pp_(IaC)_'], ['puppet-tripleo/manifests/profile/base/keystone.pp_(IaC)_', 'puppet-tripleo/manifests/profile/base/heat.pp_(IaC)_', 'puppet-tripleo/manifests/profile/base/designate.pp_(IaC)_', 'puppet-tripleo/manifests/profile/base/aodh.pp_(IaC)_', 'puppet-tripleo/manifests/profile/base/nova/api.pp_(IaC)_', 'puppet-tripleo/manifests/profile/base/placement/api.pp_(IaC)_', 'puppet-tripleo/manifests/profile/base/heat/api_cfn.pp_(IaC)_'], ['puppet-tripleo/manifests/profile/base/keystone.pp_(IaC)_', 'puppet-tripleo/manifests/profile/base/heat.pp_(IaC)_', 'puppet-tripleo/manifests/profile/base/designate.pp_(IaC)_', 'puppet-tripleo/manifests/profile/base/aodh.pp_(IaC)_', 'puppet-tripleo/manifests/profile/base/nova/api.pp_(IaC)_', 'puppet-tripleo/manifests/profile/base/placement/api.pp_(IaC)_', 'puppet-tripleo/manifests/profile/base/heat/api_cfn.pp_(IaC)_'], ['puppet-tripleo/manifests/profile/base/keystone.pp_(IaC)_', 'puppet-tripleo/manifests/profile/base/heat.pp_(IaC)_', 'puppet-tripleo/manifests/profile/base/designate.pp_(IaC)_', 'puppet-tripleo/manifests/profile/base/aodh.pp_(IaC)_', 'puppet-tripleo/manifests/profile/base/nova/api.pp_(IaC)_', 'puppet-tripleo/manifests/profile/base/placement/api.pp_(IaC)_', 'puppet-tripleo/manifests/profile/base/heat/api_cfn.pp_(IaC)_'], ['puppet-tripleo/manifests/profile/base/keystone.pp_(IaC)_', 'puppet-tripleo/manifests/profile/base/heat.pp_(IaC)_', 'puppet-tripleo/manifests/profile/base/designate.pp_(IaC)_', 'puppet-tripleo/manifests/profile/base/aodh.pp_(IaC)_', 'puppet-tripleo/manifests/profile/base/nova/api.pp_(IaC)_', 'puppet-tripleo/manifests/profile/base/placement/api.pp_(IaC)_', 'puppet-tripleo/manifests/profile/base/heat/api_cfn.pp_(IaC)_'], ['puppet-tripleo/manifests/profile/base/keystone.pp_(IaC)_', 'puppet-tripleo/manifests/profile/base/heat.pp_(IaC)_', 'puppet-tripleo/manifests/profile/base/designate.pp_(IaC)_', 'puppet-tripleo/manifests/profile/base/aodh.pp_(IaC)_', 'puppet-tripleo/manifests/profile/base/nova/api.pp_(IaC)_', 'puppet-tripleo/manifests/profile/base/placement/api.pp_(IaC)_', 'puppet-tripleo/manifests/profile/base/heat/api_cfn.pp_(IaC)_'], ['puppet-tripleo/manifests/profile/base/keystone.pp_(IaC)_', 'puppet-tripleo/manifests/profile/base/heat.pp_(IaC)_', 'puppet-tripleo/manifests/profile/base/designate.pp_(IaC)_', 'puppet-tripleo/manifests/profile/base/aodh.pp_(IaC)_', 'puppet-tripleo/manifests/profile/base/nova/api.pp_(IaC)_', 'puppet-tripleo/manifests/profile/base/placement/api.pp_(IaC)_', 'puppet-tripleo/manifests/profile/base/heat/api_cfn.pp_(IaC)_'], ['puppet-tripleo/manifests/profile/base/keystone.pp_(IaC)_', 'puppet-tripleo/manifests/profile/base/heat.pp_(IaC)_', 'puppet-tripleo/manifests/profile/base/designate.pp_(IaC)_', 'puppet-tripleo/manifests/profile/base/aodh.pp_(IaC)_', 'puppet-tripleo/manifests/profile/base/nova/api.pp_(IaC)_', 'puppet-tripleo/manifests/profile/base/placement/api.pp_(IaC)_', 'puppet-tripleo/manifests/profile/base/heat/api_cfn.pp_(IaC)_']]","[['puppet-tripleo/manifests/haproxy/stats.pp_(IaC)_'], ['puppet-tripleo/spec/classes/tripleo_haproxy_spec.rb_(Other)_'], ['puppet-tripleo/manifests/haproxy/endpoint.pp_(IaC)_'], ['puppet-tripleo/releasenotes/notes/haproxy-remove-activate_httplog-87325732ab9ca721.yaml_(Other)_', 'puppet-tripleo/spec/classes/tripleo_haproxy_spec.rb_(Other)_'], ['puppet-tripleo/manifests/firewall.pp_(IaC)_', 'puppet-tripleo/manifests/firewall/post.pp_(IaC)_', 'puppet-tripleo/manifests/firewall/pre.pp_(IaC)_', 'puppet-tripleo/manifests/firewall/service_rules.pp_(IaC)_', 'puppet-tripleo/manifests/haproxy/endpoint.pp_(IaC)_', 'puppet-tripleo/manifests/haproxy/horizon_endpoint.pp_(IaC)_', 'puppet-tripleo/manifests/profile/base/haproxy.pp_(IaC)_', 'puppet-tripleo/spec/classes/tripleo_firewall_spec.rb_(Other)_', 'puppet-tripleo/spec/defines/tripleo_firewall_service_rules_spec.rb_(Other)_'], ['puppet-tripleo/manifests/haproxy/endpoint.pp_(IaC)_', 'puppet-tripleo/manifests/haproxy/horizon_endpoint.pp_(IaC)_', 'puppet-tripleo/manifests/haproxy/service_endpoints.pp_(IaC)_', 'puppet-tripleo/manifests/haproxy/stats.pp_(IaC)_'], ['puppet-tripleo/manifests/fencing.pp_(IaC)_', 'puppet-tripleo/manifests/haproxy/endpoint.pp_(IaC)_', 'puppet-tripleo/manifests/haproxy/horizon_endpoint.pp_(IaC)_', 'puppet-tripleo/manifests/profile/base/aodh/authtoken.pp_(IaC)_', 'puppet-tripleo/manifests/profile/base/apache.pp_(IaC)_', 'puppet-tripleo/manifests/profile/base/cinder.pp_(IaC)_', 'puppet-tripleo/manifests/profile/base/cinder/authtoken.pp_(IaC)_', 'puppet-tripleo/manifests/profile/base/cinder/volume/dellsc.pp_(IaC)_', 'puppet-tripleo/manifests/profile/base/cinder/volume/nvmeof.pp_(IaC)_', 'puppet-tripleo/manifests/profile/base/designate/authtoken.pp_(IaC)_', 'puppet-tripleo/manifests/profile/base/glance/authtoken.pp_(IaC)_', 'puppet-tripleo/manifests/profile/base/glance/backend/cinder.pp_(IaC)_', 'puppet-tripleo/manifests/profile/base/gnocchi/authtoken.pp_(IaC)_', 'puppet-tripleo/manifests/profile/base/heat.pp_(IaC)_', 'puppet-tripleo/manifests/profile/base/heat/authtoken.pp_(IaC)_', 'puppet-tripleo/manifests/profile/base/ironic/authtoken.pp_(IaC)_', 'puppet-tripleo/manifests/profile/base/ironic_inspector/authtoken.pp_(IaC)_', 'puppet-tripleo/manifests/profile/base/keystone.pp_(IaC)_', 'puppet-tripleo/manifests/profile/base/manila/authtoken.pp_(IaC)_', 'puppet-tripleo/manifests/profile/base/metrics/collectd.pp_(IaC)_', 'puppet-tripleo/manifests/profile/base/metrics/collectd/sensubility.pp_(IaC)_', 'puppet-tripleo/manifests/profile/base/metrics/qdr.pp_(IaC)_', 'puppet-tripleo/manifests/profile/base/neutron.pp_(IaC)_', 'puppet-tripleo/manifests/profile/base/neutron/authtoken.pp_(IaC)_', 'puppet-tripleo/manifests/profile/base/neutron/dhcp_agent_wrappers.pp_(IaC)_', 'puppet-tripleo/manifests/profile/base/neutron/l3_agent_wrappers.pp_(IaC)_', 'puppet-tripleo/manifests/profile/base/neutron/linuxbridge.pp_(IaC)_', 'puppet-tripleo/manifests/profile/base/neutron/ovn_metadata_agent_wrappers.pp_(IaC)_', 'puppet-tripleo/manifests/profile/base/nova.pp_(IaC)_', 'puppet-tripleo/manifests/profile/base/nova/api.pp_(IaC)_', 'puppet-tripleo/manifests/profile/base/nova/authtoken.pp_(IaC)_', 'puppet-tripleo/manifests/profile/base/nova/compute_libvirt_shared.pp_(IaC)_', 'puppet-tripleo/manifests/profile/base/nova/migration/client.pp_(IaC)_', 'puppet-tripleo/manifests/profile/base/octavia/authtoken.pp_(IaC)_', 'puppet-tripleo/manifests/profile/base/pacemaker.pp_(IaC)_', 'puppet-tripleo/manifests/profile/base/placement/authtoken.pp_(IaC)_', 'puppet-tripleo/manifests/profile/base/qdr.pp_(IaC)_', 'puppet-tripleo/manifests/profile/base/rabbitmq.pp_(IaC)_', 'puppet-tripleo/manifests/tls_proxy.pp_(IaC)_', 'puppet-tripleo/spec/classes/tripleo_profile_base_designate_central_spec.rb_(Other)_', 'puppet-tripleo/spec/classes/tripleo_profile_base_metrics_collectd_spec.rb_(Other)_', 'puppet-tripleo/spec/classes/tripleo_profile_base_nova_conductor_spec.rb_(Other)_', 'puppet-tripleo/spec/classes/tripleo_profile_base_octavia_api_spec.rb_(Other)_', 'puppet-tripleo/spec/classes/tripleo_profile_base_swift_proxy_spec.rb_(Other)_', 'puppet-tripleo/spec/fixtures/hieradata/default.yaml_(Other)_'], ['puppet-tripleo/manifests/profile/base/glance/api.pp_(IaC)_']]","['12f14d95bb1ea4bd78e96f1f350b4bf9e2d38c3a', 'c9ba6a26219dbee9e8fd168f2b76bf7602c00f30', 'd4afc29038916ef88c5cfdb67028b3ff6d7133fb', '8794022fcb72f0ca4c4a33675bbfba960c84e8f9', '373dee4156a628384c774abdbd65e890901d678c', '31b1caa15e2e0c807b90cd46133fe94a7ca1d8f3', 'c4890a2b0072367f1bc8f182f5285e4eb33f2e05', 'b3be1dc18c8284852905797d91b67d2dcd6a1a10']","[0.0, 0.0, 0.0, 0.0, 0.0, 0.0, 0.42857142857142855, 0.0]","[0.0, 0.0, 0.0, 0.0, 0.0, 0.0, 0.06666666666666667, 0.0]","[0, 0, 0, 0, 0, 0, 0.11538461538461539, 0]","[0, 0, 0, 0, 0, 0, 1, 0]","[0, 0, 0, 0, 0, 0, 1.0, 0]"
