Generation,Average_fitness,Max_fitness,Min_fitness,Best_individual
1,[0.16234237],[0.205119],[0.12412131],"[260, 225, 355, 262, 401, 212, 346, 251, 284, 286, 351]"
2,[0.19739218],[0.21282856],[0.15471313],"[260, 225, 325, 230, 401, 212, 346, 251, 284, 286, 351]"
3,[0.21185771],[0.22054486],[0.19002451],"[355, 225, 401, 262, 251, 326, 212, 351, 284, 286, 260]"
4,[0.22181086],[0.23164449],[0.19745096],"[355, 225, 325, 230, 401, 235, 271, 251, 284, 286, 260]"
5,[0.22918796],[0.2381297],[0.21460186],"[355, 225, 325, 230, 401, 235, 254, 251, 397, 286, 351]"
6,[0.23479286],[0.23917566],[0.22423925],"[230, 251, 325, 225, 401, 235, 355, 254, 397, 286, 351]"
7,[0.23458517],[0.23990702],[0.],"[251, 225, 325, 254, 235, 401, 230, 355, 397, 260, 286]"
8,[0.22928966],[0.24107086],[0.],"[251, 225, 325, 254, 235, 401, 230, 355, 397, 286, 351]"
9,[0.2351605],[0.24217141],[0.],"[251, 225, 325, 254, 235, 401, 230, 355, 326, 286, 351]"
10,[0.23938888],[0.24254872],[0.],"[251, 225, 325, 235, 254, 401, 230, 355, 326, 286, 351]"
11,[0.24072966],[0.24254872],[0.234691],"[251, 225, 325, 235, 254, 401, 230, 355, 326, 286, 351]"
12,[0.24099101],[0.24254872],[0.2290101],"[251, 225, 325, 235, 254, 401, 230, 355, 326, 286, 351]"
13,[0.24080603],[0.24254872],[0.],"[251, 225, 325, 235, 254, 401, 230, 355, 326, 286, 351]"
14,[0.24128439],[0.2428232],[0.23030216],"[251, 225, 355, 235, 254, 325, 230, 401, 326, 286, 351]"
15,[0.24153318],[0.2428232],[0.23826921],"[251, 225, 355, 235, 254, 325, 230, 401, 326, 286, 351]"
16,[0.24167904],[0.2428232],[0.23559312],"[251, 225, 355, 235, 254, 325, 230, 401, 326, 286, 351]"
17,[0.2417673],[0.2428232],[0.23571685],"[251, 225, 355, 235, 254, 325, 230, 401, 326, 286, 351]"
18,[0.24185034],[0.2428232],[0.23973724],"[251, 225, 355, 235, 254, 325, 230, 401, 326, 286, 351]"
19,[0.24195701],[0.2428232],[0.23661722],"[251, 225, 355, 235, 254, 325, 230, 401, 326, 286, 351]"
20,[0.2388674],[0.2428232],[0.],"[251, 225, 355, 235, 254, 325, 230, 401, 326, 286, 351]"
21,[0.24190133],[0.24290235],[0.23368109],"[251, 225, 325, 235, 401, 355, 230, 254, 286, 326, 351]"
22,[0.24154599],[0.24312516],[0.],"[251, 225, 235, 355, 325, 254, 230, 401, 326, 286, 351]"
23,[0.24086667],[0.24312521],[0.],"[251, 225, 235, 355, 325, 254, 230, 401, 286, 326, 351]"
24,[0.24159202],[0.24312521],[0.],"[251, 225, 235, 355, 325, 254, 230, 401, 286, 326, 351]"
25,[0.24235504],[0.24312521],[0.22905271],"[251, 225, 235, 355, 325, 254, 230, 401, 286, 326, 351]"
26,[0.24257008],[0.24312521],[0.23641875],"[251, 225, 235, 355, 325, 254, 230, 401, 286, 326, 351]"
27,[0.24269212],[0.24312521],[0.23956817],"[251, 225, 235, 355, 325, 254, 230, 401, 286, 326, 351]"
28,[0.24276349],[0.24332454],[0.23914048],"[251, 225, 235, 355, 325, 254, 401, 230, 326, 286, 351]"
29,[0.24184305],[0.24332458],[0.],"[251, 225, 235, 355, 325, 254, 401, 230, 286, 326, 351]"
30,[0.24281492],[0.24332458],[0.2334265],"[251, 225, 235, 355, 325, 254, 401, 230, 286, 326, 351]"
31,[0.24292812],[0.24332458],[0.23900414],"[251, 225, 235, 355, 325, 254, 401, 230, 286, 326, 351]"
32,[0.24298863],[0.24332458],[0.23330024],"[251, 225, 235, 355, 325, 254, 401, 230, 286, 326, 351]"
33,[0.24303216],[0.24332458],[0.23740744],"[251, 225, 235, 355, 325, 254, 401, 230, 286, 326, 351]"
34,[0.2430125],[0.24332458],[0.23953368],"[251, 225, 235, 355, 325, 254, 401, 230, 286, 326, 351]"
35,[0.24306581],[0.24332458],[0.23768857],"[251, 225, 235, 355, 325, 254, 401, 230, 286, 326, 351]"
36,[0.24307623],[0.24332458],[0.23768857],"[251, 225, 235, 355, 325, 254, 401, 230, 286, 326, 351]"
37,[0.24311557],[0.2434263],[0.23745315],"[251, 225, 235, 355, 325, 401, 254, 230, 286, 326, 351]"
38,[0.24309367],[0.2434263],[0.23658476],"[251, 225, 235, 355, 325, 401, 254, 230, 286, 326, 351]"
39,[0.24309727],[0.2434263],[0.23922445],"[251, 225, 235, 355, 325, 401, 254, 230, 286, 326, 351]"
40,[0.24308689],[0.2434263],[0.23640299],"[251, 225, 235, 355, 325, 401, 254, 230, 286, 326, 351]"
41,[0.24312189],[0.2434263],[0.23423115],"[251, 225, 235, 355, 325, 401, 254, 230, 286, 326, 351]"
42,[0.24320065],[0.2434263],[0.23992362],"[251, 225, 235, 355, 325, 401, 254, 230, 286, 326, 351]"
43,[0.24319328],[0.2434263],[0.23843052],"[251, 225, 235, 355, 325, 401, 254, 230, 286, 326, 351]"
44,[0.24320304],[0.24347743],[0.23843052],"[251, 225, 235, 355, 401, 325, 254, 230, 286, 326, 351]"
45,[0.24319951],[0.24347743],[0.23837429],"[251, 225, 235, 355, 401, 325, 254, 230, 286, 326, 351]"
46,[0.2431948],[0.24347743],[0.23751625],"[251, 225, 235, 355, 401, 325, 254, 230, 286, 326, 351]"
47,[0.24322919],[0.24347743],[0.23751625],"[251, 225, 235, 355, 401, 325, 254, 230, 286, 326, 351]"
48,[0.2432661],[0.24347743],[0.24065379],"[251, 225, 235, 355, 401, 325, 254, 230, 286, 326, 351]"
49,[0.24321165],[0.24347743],[0.23693323],"[251, 225, 235, 355, 401, 325, 254, 230, 286, 326, 351]"
50,[0.24326119],[0.24347743],[0.2403184],"[251, 225, 235, 355, 401, 325, 254, 230, 286, 326, 351]"
51,[0.2432037],[0.24347743],[0.23580557],"[251, 225, 235, 355, 401, 325, 254, 230, 286, 326, 351]"
52,[0.24319619],[0.24347743],[0.23775472],"[251, 225, 235, 355, 401, 325, 254, 230, 286, 326, 351]"
53,[0.2432292],[0.24347743],[0.23866691],"[251, 225, 235, 355, 401, 325, 254, 230, 286, 326, 351]"
54,[0.24323545],[0.24347743],[0.23859825],"[251, 225, 235, 355, 401, 325, 254, 230, 286, 326, 351]"
55,[0.24327852],[0.24347743],[0.24177337],"[251, 225, 235, 355, 401, 325, 254, 230, 286, 326, 351]"
56,[0.24322094],[0.24347743],[0.23799174],"[251, 225, 235, 355, 401, 325, 254, 230, 286, 326, 351]"
57,[0.24325383],[0.24347743],[0.23874893],"[251, 225, 235, 355, 401, 325, 254, 230, 286, 326, 351]"
58,[0.24326747],[0.24347743],[0.23977718],"[251, 225, 235, 355, 401, 325, 254, 230, 286, 326, 351]"
59,[0.24326611],[0.24347743],[0.23977718],"[251, 225, 235, 355, 401, 325, 254, 230, 286, 326, 351]"
60,[0.24323738],[0.24347743],[0.23576846],"[251, 225, 235, 355, 401, 325, 254, 230, 286, 326, 351]"
61,[0.24323948],[0.24347743],[0.23559881],"[251, 225, 235, 355, 401, 325, 254, 230, 286, 326, 351]"
62,[0.24325011],[0.24347743],[0.23848606],"[251, 225, 235, 355, 401, 325, 254, 230, 286, 326, 351]"
63,[0.24325724],[0.24347743],[0.23896044],"[251, 225, 235, 355, 401, 325, 254, 230, 286, 326, 351]"
64,[0.24327729],[0.24347743],[0.24044162],"[251, 225, 235, 355, 401, 325, 254, 230, 286, 326, 351]"
65,[0.2432689],[0.24347743],[0.2398317],"[251, 225, 235, 355, 401, 325, 254, 230, 286, 326, 351]"
66,[0.24326476],[0.24347743],[0.2398317],"[251, 225, 235, 355, 401, 325, 254, 230, 286, 326, 351]"
67,[0.24320061],[0.24347743],[0.23456826],"[251, 225, 235, 355, 401, 325, 254, 230, 286, 326, 351]"
68,[0.24325682],[0.24347743],[0.23897447],"[251, 225, 235, 355, 401, 325, 254, 230, 286, 326, 351]"
69,[0.24324831],[0.24347743],[0.23643216],"[251, 225, 235, 355, 401, 325, 254, 230, 286, 326, 351]"
70,[0.24320103],[0.24347743],[0.23670088],"[251, 225, 235, 355, 401, 325, 254, 230, 286, 326, 351]"
71,[0.24322124],[0.24350733],[0.23922203],"[251, 235, 225, 355, 401, 325, 254, 230, 326, 286, 351]"
72,[0.24331195],[0.24350737],[0.23993023],"[251, 235, 225, 355, 401, 325, 254, 230, 286, 326, 351]"
73,[0.24329528],[0.24350737],[0.23727774],"[251, 235, 225, 355, 401, 325, 254, 230, 286, 326, 351]"
74,[0.24336073],[0.24350737],[0.23773512],"[251, 235, 225, 355, 401, 325, 254, 230, 286, 326, 351]"
75,[0.24335449],[0.24350737],[0.24039678],"[251, 235, 225, 355, 401, 325, 254, 230, 286, 326, 351]"
76,[0.24333903],[0.24350737],[0.23874133],"[251, 235, 225, 355, 401, 325, 254, 230, 286, 326, 351]"
77,[0.24331805],[0.24350737],[0.23543802],"[251, 235, 225, 355, 401, 325, 254, 230, 286, 326, 351]"
78,[0.2432785],[0.24350737],[0.23742733],"[251, 235, 225, 355, 401, 325, 254, 230, 286, 326, 351]"
79,[0.24331663],[0.24350737],[0.23919842],"[251, 235, 225, 355, 401, 325, 254, 230, 286, 326, 351]"
80,[0.24333302],[0.24350737],[0.2406968],"[251, 235, 225, 355, 401, 325, 254, 230, 286, 326, 351]"
81,[0.24334013],[0.24350737],[0.2380958],"[251, 235, 225, 355, 401, 325, 254, 230, 286, 326, 351]"
82,[0.24325616],[0.24350737],[0.23311122],"[251, 235, 225, 355, 401, 325, 254, 230, 286, 326, 351]"
83,[0.24326214],[0.24350737],[0.23819691],"[251, 235, 225, 355, 401, 325, 254, 230, 286, 326, 351]"
84,[0.24326237],[0.24350737],[0.23828387],"[251, 235, 225, 355, 401, 325, 254, 230, 286, 326, 351]"
85,[0.24327534],[0.24350737],[0.2379027],"[251, 235, 225, 355, 401, 325, 254, 230, 286, 326, 351]"
86,[0.24333419],[0.24350737],[0.23916341],"[251, 235, 225, 355, 401, 325, 254, 230, 286, 326, 351]"
87,[0.24334324],[0.24350737],[0.24014996],"[251, 235, 225, 355, 401, 325, 254, 230, 286, 326, 351]"
88,[0.24330556],[0.24350737],[0.23712136],"[251, 235, 225, 355, 401, 325, 254, 230, 286, 326, 351]"
89,[0.24321169],[0.24350737],[0.23587882],"[251, 235, 225, 355, 401, 325, 254, 230, 286, 326, 351]"
90,[0.24330016],[0.24350737],[0.23604622],"[251, 235, 225, 355, 401, 325, 254, 230, 286, 326, 351]"
91,[0.2432187],[0.24350737],[0.23687611],"[251, 235, 225, 355, 401, 325, 254, 230, 286, 326, 351]"
92,[0.24328983],[0.24350737],[0.24025802],"[251, 235, 225, 355, 401, 325, 254, 230, 286, 326, 351]"
93,[0.24321388],[0.24350737],[0.23401808],"[251, 235, 225, 355, 401, 325, 254, 230, 286, 326, 351]"
94,[0.243213],[0.24350737],[0.23844051],"[251, 235, 225, 355, 401, 325, 254, 230, 286, 326, 351]"
95,[0.24328695],[0.24350737],[0.23951715],"[251, 235, 225, 355, 401, 325, 254, 230, 286, 326, 351]"
96,[0.24332813],[0.24350737],[0.23925556],"[251, 235, 225, 355, 401, 325, 254, 230, 286, 326, 351]"
97,[0.24332308],[0.24350737],[0.23875808],"[251, 235, 225, 355, 401, 325, 254, 230, 286, 326, 351]"
98,[0.24330625],[0.24350737],[0.23875808],"[251, 235, 225, 355, 401, 325, 254, 230, 286, 326, 351]"
99,[0.24326869],[0.24350737],[0.23653187],"[251, 235, 225, 355, 401, 325, 254, 230, 286, 326, 351]"
100,[0.24323734],[0.24350737],[0.23784485],"[251, 235, 225, 355, 401, 325, 254, 230, 286, 326, 351]"
101,[0.24327335],[0.24350737],[0.23653507],"[251, 235, 225, 355, 401, 325, 254, 230, 286, 326, 351]"
102,[0.2432864],[0.24350737],[0.23819295],"[251, 235, 225, 355, 401, 325, 254, 230, 286, 326, 351]"
103,[0.24334416],[0.24350737],[0.24092001],"[251, 235, 225, 355, 401, 325, 254, 230, 286, 326, 351]"
104,[0.24330385],[0.24350737],[0.23751228],"[251, 235, 225, 355, 401, 325, 254, 230, 286, 326, 351]"
105,[0.24323451],[0.24350737],[0.238006],"[251, 235, 225, 355, 401, 325, 254, 230, 286, 326, 351]"
106,[0.24321975],[0.24350737],[0.23268326],"[251, 235, 225, 355, 401, 325, 254, 230, 286, 326, 351]"
107,[0.24330651],[0.24350737],[0.23916285],"[251, 235, 225, 355, 401, 325, 254, 230, 286, 326, 351]"
108,[0.24330998],[0.24350737],[0.23610274],"[251, 235, 225, 355, 401, 325, 254, 230, 286, 326, 351]"
109,[0.24330422],[0.24350737],[0.2391984],"[251, 235, 225, 355, 401, 325, 254, 230, 286, 326, 351]"
110,[0.24326375],[0.24350737],[0.23829597],"[251, 235, 225, 355, 401, 325, 254, 230, 286, 326, 351]"
111,[0.24330017],[0.24350737],[0.23993793],"[251, 235, 225, 355, 401, 325, 254, 230, 286, 326, 351]"
112,[0.24334712],[0.24350737],[0.23712628],"[251, 235, 225, 355, 401, 325, 254, 230, 286, 326, 351]"
113,[0.24326535],[0.24350737],[0.2362473],"[251, 235, 225, 355, 401, 325, 254, 230, 286, 326, 351]"
114,[0.24332444],[0.24350737],[0.23916436],"[251, 235, 225, 355, 401, 325, 254, 230, 286, 326, 351]"
115,[0.24325458],[0.24350737],[0.23870102],"[251, 235, 225, 355, 401, 325, 254, 230, 286, 326, 351]"
116,[0.2432836],[0.24350737],[0.23844871],"[251, 235, 225, 355, 401, 325, 254, 230, 286, 326, 351]"
117,[0.24327513],[0.24350737],[0.23906347],"[251, 235, 225, 355, 401, 325, 254, 230, 286, 326, 351]"
118,[0.24329092],[0.24350737],[0.23301807],"[251, 235, 225, 355, 401, 325, 254, 230, 286, 326, 351]"
119,[0.24331759],[0.24350737],[0.23827936],"[251, 235, 225, 355, 401, 325, 254, 230, 286, 326, 351]"
120,[0.2433338],[0.24350737],[0.23920744],"[251, 235, 225, 355, 401, 325, 254, 230, 286, 326, 351]"
121,[0.24327577],[0.24350737],[0.23637215],"[251, 235, 225, 355, 401, 325, 254, 230, 286, 326, 351]"
122,[0.24330319],[0.24350737],[0.23671438],"[251, 235, 225, 355, 401, 325, 254, 230, 286, 326, 351]"
123,[0.24331939],[0.24350737],[0.23929593],"[251, 235, 225, 355, 401, 325, 254, 230, 286, 326, 351]"
124,[0.24335188],[0.24350737],[0.23938483],"[251, 235, 225, 355, 401, 325, 254, 230, 286, 326, 351]"
125,[0.24336316],[0.24350737],[0.24019434],"[251, 235, 225, 355, 401, 325, 254, 230, 286, 326, 351]"
126,[0.24332859],[0.24350737],[0.24019434],"[251, 235, 225, 355, 401, 325, 254, 230, 286, 326, 351]"
127,[0.24336238],[0.24350737],[0.23875261],"[251, 235, 225, 355, 401, 325, 254, 230, 286, 326, 351]"
128,[0.24331131],[0.24350737],[0.23879851],"[251, 235, 225, 355, 401, 325, 254, 230, 286, 326, 351]"
129,[0.2433755],[0.24350737],[0.23879851],"[251, 235, 225, 355, 401, 325, 254, 230, 286, 326, 351]"
130,[0.24336471],[0.24350737],[0.23908779],"[251, 235, 225, 355, 401, 325, 254, 230, 286, 326, 351]"
131,[0.24336699],[0.24350737],[0.24129586],"[251, 235, 225, 355, 401, 325, 254, 230, 286, 326, 351]"
132,[0.24334409],[0.24350737],[0.23785024],"[251, 235, 225, 355, 401, 325, 254, 230, 286, 326, 351]"
133,[0.24338106],[0.24350737],[0.23917008],"[251, 235, 225, 355, 401, 325, 254, 230, 286, 326, 351]"
134,[0.24337007],[0.24350737],[0.23507944],"[251, 235, 225, 355, 401, 325, 254, 230, 286, 326, 351]"
135,[0.2433599],[0.24350737],[0.23737336],"[251, 235, 225, 355, 401, 325, 254, 230, 286, 326, 351]"
136,[0.24333951],[0.24350737],[0.23837416],"[251, 235, 225, 355, 401, 325, 254, 230, 286, 326, 351]"
137,[0.24331058],[0.24350737],[0.23770344],"[251, 235, 225, 355, 401, 325, 254, 230, 286, 326, 351]"
138,[0.24332748],[0.24350737],[0.2377497],"[251, 235, 225, 355, 401, 325, 254, 230, 286, 326, 351]"
139,[0.24341032],[0.24350737],[0.24132644],"[251, 235, 225, 355, 401, 325, 254, 230, 286, 326, 351]"
140,[0.2433987],[0.24350737],[0.2404565],"[251, 235, 225, 355, 401, 325, 254, 230, 286, 326, 351]"
141,[0.24340891],[0.24350737],[0.24060159],"[251, 235, 225, 355, 401, 325, 254, 230, 286, 326, 351]"
142,[0.24331564],[0.24350737],[0.23828927],"[251, 235, 225, 355, 401, 325, 254, 230, 286, 326, 351]"
143,[0.24337004],[0.24350737],[0.23789695],"[251, 235, 225, 355, 401, 325, 254, 230, 286, 326, 351]"
144,[0.243401],[0.24350737],[0.23924242],"[251, 235, 225, 355, 401, 325, 254, 230, 286, 326, 351]"
145,[0.24338905],[0.24350737],[0.23924242],"[251, 235, 225, 355, 401, 325, 254, 230, 286, 326, 351]"
146,[0.24338312],[0.24350737],[0.24085431],"[251, 235, 225, 355, 401, 325, 254, 230, 286, 326, 351]"
147,[0.24337464],[0.24350737],[0.23915839],"[251, 235, 225, 355, 401, 325, 254, 230, 286, 326, 351]"
148,[0.24336178],[0.24350737],[0.24008583],"[251, 235, 225, 355, 401, 325, 254, 230, 286, 326, 351]"
149,[0.24332966],[0.24350737],[0.23687565],"[251, 235, 225, 355, 401, 325, 254, 230, 286, 326, 351]"
150,[0.24336891],[0.24350737],[0.23939165],"[251, 235, 225, 355, 401, 325, 254, 230, 286, 326, 351]"
151,[0.24330331],[0.24350737],[0.23564531],"[251, 235, 225, 355, 401, 325, 254, 230, 286, 326, 351]"
152,[0.24331087],[0.24350737],[0.23904578],"[251, 235, 225, 355, 401, 325, 254, 230, 286, 326, 351]"
153,[0.24328777],[0.24350737],[0.23723704],"[251, 235, 225, 355, 401, 325, 254, 230, 286, 326, 351]"
154,[0.24330949],[0.24350737],[0.23841205],"[251, 235, 225, 355, 401, 325, 254, 230, 286, 326, 351]"
155,[0.24327151],[0.24350737],[0.23833352],"[251, 235, 225, 355, 401, 325, 254, 230, 286, 326, 351]"
156,[0.2433305],[0.24350737],[0.23985619],"[251, 235, 225, 355, 401, 325, 254, 230, 286, 326, 351]"
157,[0.24336116],[0.24350737],[0.2364297],"[251, 235, 225, 355, 401, 325, 254, 230, 286, 326, 351]"
158,[0.24339745],[0.24350737],[0.24042891],"[251, 235, 225, 355, 401, 325, 254, 230, 286, 326, 351]"
159,[0.24335562],[0.24350737],[0.24015431],"[251, 235, 225, 355, 401, 325, 254, 230, 286, 326, 351]"
160,[0.24335695],[0.24350737],[0.23689109],"[251, 235, 225, 355, 401, 325, 254, 230, 286, 326, 351]"
161,[0.2433942],[0.24350737],[0.24043118],"[251, 235, 225, 355, 401, 325, 254, 230, 286, 326, 351]"
162,[0.24337416],[0.24350737],[0.23932841],"[251, 235, 225, 355, 401, 325, 254, 230, 286, 326, 351]"
163,[0.243271],[0.24350737],[0.23539614],"[251, 235, 225, 355, 401, 325, 254, 230, 286, 326, 351]"
164,[0.2432889],[0.24350737],[0.23743586],"[251, 235, 225, 355, 401, 325, 254, 230, 286, 326, 351]"
165,[0.24329515],[0.24350737],[0.23878157],"[251, 235, 225, 355, 401, 325, 254, 230, 286, 326, 351]"
166,[0.24331789],[0.24350737],[0.23944344],"[251, 235, 225, 355, 401, 325, 254, 230, 286, 326, 351]"
167,[0.24324808],[0.24350737],[0.23595764],"[251, 235, 225, 355, 401, 325, 254, 230, 286, 326, 351]"
168,[0.24324054],[0.24350737],[0.23717407],"[251, 235, 225, 355, 401, 325, 254, 230, 286, 326, 351]"
169,[0.24322138],[0.24350737],[0.23597361],"[251, 235, 225, 355, 401, 325, 254, 230, 286, 326, 351]"
170,[0.24324703],[0.24350737],[0.23890312],"[251, 235, 225, 355, 401, 325, 254, 230, 286, 326, 351]"
171,[0.24328641],[0.24350737],[0.23911658],"[251, 235, 225, 355, 401, 325, 254, 230, 286, 326, 351]"
172,[0.24330029],[0.24350737],[0.23968978],"[251, 235, 225, 355, 401, 325, 254, 230, 286, 326, 351]"
173,[0.24332031],[0.24350737],[0.23770945],"[251, 235, 225, 355, 401, 325, 254, 230, 286, 326, 351]"
174,[0.24328862],[0.24350737],[0.23740117],"[251, 235, 225, 355, 401, 325, 254, 230, 286, 326, 351]"
175,[0.24336852],[0.24350737],[0.23840316],"[251, 235, 225, 355, 401, 325, 254, 230, 286, 326, 351]"
176,[0.24333967],[0.24350737],[0.23639003],"[251, 235, 225, 355, 401, 325, 254, 230, 286, 326, 351]"
177,[0.2433479],[0.24350737],[0.23800431],"[251, 235, 225, 355, 401, 325, 254, 230, 286, 326, 351]"
178,[0.24334857],[0.24350737],[0.24005786],"[251, 235, 225, 355, 401, 325, 254, 230, 286, 326, 351]"
179,[0.24336276],[0.24350737],[0.23814949],"[251, 235, 225, 355, 401, 325, 254, 230, 286, 326, 351]"
180,[0.24332637],[0.24350737],[0.2382173],"[251, 235, 225, 355, 401, 325, 254, 230, 286, 326, 351]"
181,[0.24330288],[0.24350737],[0.23733634],"[251, 235, 225, 355, 401, 325, 254, 230, 286, 326, 351]"
182,[0.24337611],[0.24350737],[0.2401817],"[251, 235, 225, 355, 401, 325, 254, 230, 286, 326, 351]"
183,[0.24339835],[0.24350737],[0.2401817],"[251, 235, 225, 355, 401, 325, 254, 230, 286, 326, 351]"
184,[0.24334713],[0.24350737],[0.23208061],"[251, 235, 225, 355, 401, 325, 254, 230, 286, 326, 351]"
185,[0.2433199],[0.24350737],[0.23775816],"[251, 235, 225, 355, 401, 325, 254, 230, 286, 326, 351]"
186,[0.24334297],[0.24350737],[0.23500353],"[251, 235, 225, 355, 401, 325, 254, 230, 286, 326, 351]"
187,[0.24335072],[0.24350737],[0.2360593],"[251, 235, 225, 355, 401, 325, 254, 230, 286, 326, 351]"
188,[0.24331002],[0.24350737],[0.2363753],"[251, 235, 225, 355, 401, 325, 254, 230, 286, 326, 351]"
189,[0.24335935],[0.24350737],[0.23992771],"[251, 235, 225, 355, 401, 325, 254, 230, 286, 326, 351]"
190,[0.24336881],[0.24350737],[0.23992771],"[251, 235, 225, 355, 401, 325, 254, 230, 286, 326, 351]"
191,[0.24332236],[0.24350737],[0.23560503],"[251, 235, 225, 355, 401, 325, 254, 230, 286, 326, 351]"
192,[0.24338476],[0.24350737],[0.2374882],"[251, 235, 225, 355, 401, 325, 254, 230, 286, 326, 351]"
193,[0.24335971],[0.24350737],[0.23814162],"[251, 235, 225, 355, 401, 325, 254, 230, 286, 326, 351]"
194,[0.24335218],[0.24350737],[0.23722459],"[251, 235, 225, 355, 401, 325, 254, 230, 286, 326, 351]"
195,[0.243378],[0.24350737],[0.23930051],"[251, 235, 225, 355, 401, 325, 254, 230, 286, 326, 351]"
196,[0.24336438],[0.24350737],[0.23924448],"[251, 235, 225, 355, 401, 325, 254, 230, 286, 326, 351]"
197,[0.24331442],[0.24350737],[0.23727233],"[251, 235, 225, 355, 401, 325, 254, 230, 286, 326, 351]"
198,[0.24330269],[0.24350737],[0.23616244],"[251, 235, 225, 355, 401, 325, 254, 230, 286, 326, 351]"
199,[0.24334911],[0.24350737],[0.24031266],"[251, 235, 225, 355, 401, 325, 254, 230, 286, 326, 351]"
200,[0.24332227],[0.24350737],[0.23746941],"[251, 235, 225, 355, 401, 325, 254, 230, 286, 326, 351]"
201,[0.24330573],[0.24350737],[0.23595069],"[251, 235, 225, 355, 401, 325, 254, 230, 286, 326, 351]"
202,[0.24335685],[0.24350737],[0.23914175],"[251, 235, 225, 355, 401, 325, 254, 230, 286, 326, 351]"
203,[0.24336726],[0.24350737],[0.23945436],"[251, 235, 225, 355, 401, 325, 254, 230, 286, 326, 351]"
204,[0.24339037],[0.24350737],[0.23576444],"[251, 235, 225, 355, 401, 325, 254, 230, 286, 326, 351]"
205,[0.24340124],[0.24350737],[0.23875746],"[251, 235, 225, 355, 401, 325, 254, 230, 286, 326, 351]"
206,[0.2433495],[0.24350737],[0.23720984],"[251, 235, 225, 355, 401, 325, 254, 230, 286, 326, 351]"
207,[0.24341953],[0.24350737],[0.23845173],"[251, 235, 225, 355, 401, 325, 254, 230, 286, 326, 351]"
208,[0.24339905],[0.24350737],[0.23667603],"[251, 235, 225, 355, 401, 325, 254, 230, 286, 326, 351]"
209,[0.24337409],[0.24350737],[0.23667603],"[251, 235, 225, 355, 401, 325, 254, 230, 286, 326, 351]"
210,[0.24330965],[0.24350737],[0.238424],"[251, 235, 225, 355, 401, 325, 254, 230, 286, 326, 351]"
211,[0.24336612],[0.24350737],[0.23858691],"[251, 235, 225, 355, 401, 325, 254, 230, 286, 326, 351]"
212,[0.24337322],[0.24350737],[0.23788402],"[251, 235, 225, 355, 401, 325, 254, 230, 286, 326, 351]"
213,[0.24335852],[0.24350737],[0.23880846],"[251, 235, 225, 355, 401, 325, 254, 230, 286, 326, 351]"
214,[0.24333345],[0.24350737],[0.23758716],"[251, 235, 225, 355, 401, 325, 254, 230, 286, 326, 351]"
215,[0.24329589],[0.24350737],[0.23722717],"[251, 235, 225, 355, 401, 325, 254, 230, 286, 326, 351]"
216,[0.24334992],[0.24350737],[0.2365743],"[251, 235, 225, 355, 401, 325, 254, 230, 286, 326, 351]"
217,[0.24338588],[0.24350737],[0.23875004],"[251, 235, 225, 355, 401, 325, 254, 230, 286, 326, 351]"
218,[0.24339979],[0.24350737],[0.23859536],"[251, 235, 225, 355, 401, 325, 254, 230, 286, 326, 351]"
219,[0.24339077],[0.24350737],[0.23884783],"[251, 235, 225, 355, 401, 325, 254, 230, 286, 326, 351]"
220,[0.24335175],[0.24350737],[0.23704832],"[251, 235, 225, 355, 401, 325, 254, 230, 286, 326, 351]"
221,[0.24337696],[0.24350737],[0.23727075],"[251, 235, 225, 355, 401, 325, 254, 230, 286, 326, 351]"
222,[0.24335337],[0.24350737],[0.23741647],"[251, 235, 225, 355, 401, 325, 254, 230, 286, 326, 351]"
223,[0.24337477],[0.24350737],[0.23840917],"[251, 235, 225, 355, 401, 325, 254, 230, 286, 326, 351]"
224,[0.2434087],[0.24350737],[0.24033123],"[251, 235, 225, 355, 401, 325, 254, 230, 286, 326, 351]"
225,[0.24341561],[0.24350737],[0.24033123],"[251, 235, 225, 355, 401, 325, 254, 230, 286, 326, 351]"
226,[0.24340499],[0.24350737],[0.24121448],"[251, 235, 225, 355, 401, 325, 254, 230, 286, 326, 351]"
227,[0.24339104],[0.24350737],[0.23930901],"[251, 235, 225, 355, 401, 325, 254, 230, 286, 326, 351]"
228,[0.24334429],[0.24350737],[0.23587307],"[251, 235, 225, 355, 401, 325, 254, 230, 286, 326, 351]"
229,[0.24336293],[0.24350737],[0.23755854],"[251, 235, 225, 355, 401, 325, 254, 230, 286, 326, 351]"
230,[0.24338014],[0.24350737],[0.23824758],"[251, 235, 225, 355, 401, 325, 254, 230, 286, 326, 351]"
231,[0.24333071],[0.24350737],[0.23692668],"[251, 235, 225, 355, 401, 325, 254, 230, 286, 326, 351]"
232,[0.24325926],[0.24350737],[0.23340071],"[251, 235, 225, 355, 401, 325, 254, 230, 286, 326, 351]"
233,[0.24334681],[0.24350737],[0.23930196],"[251, 235, 225, 355, 401, 325, 254, 230, 286, 326, 351]"
234,[0.24338239],[0.24350737],[0.23874423],"[251, 235, 225, 355, 401, 325, 254, 230, 286, 326, 351]"
235,[0.24341364],[0.24350737],[0.24115594],"[251, 235, 225, 355, 401, 325, 254, 230, 286, 326, 351]"
236,[0.24338625],[0.24350737],[0.23934706],"[251, 235, 225, 355, 401, 325, 254, 230, 286, 326, 351]"
237,[0.24337926],[0.24350737],[0.23745849],"[251, 235, 225, 355, 401, 325, 254, 230, 286, 326, 351]"
238,[0.24336234],[0.24350737],[0.23593481],"[251, 235, 225, 355, 401, 325, 254, 230, 286, 326, 351]"
239,[0.24341594],[0.24350737],[0.23894457],"[251, 235, 225, 355, 401, 325, 254, 230, 286, 326, 351]"
240,[0.24341488],[0.24350737],[0.23894457],"[251, 235, 225, 355, 401, 325, 254, 230, 286, 326, 351]"
241,[0.24340221],[0.24350737],[0.23630432],"[251, 235, 225, 355, 401, 325, 254, 230, 286, 326, 351]"
242,[0.24343223],[0.24350737],[0.23904115],"[251, 235, 225, 355, 401, 325, 254, 230, 286, 326, 351]"
243,[0.24338637],[0.24350737],[0.23904115],"[251, 235, 225, 355, 401, 325, 254, 230, 286, 326, 351]"
244,[0.24337251],[0.24350737],[0.23775596],"[251, 235, 225, 355, 401, 325, 254, 230, 286, 326, 351]"
245,[0.24340046],[0.24350737],[0.23910042],"[251, 235, 225, 355, 401, 325, 254, 230, 286, 326, 351]"
246,[0.24338455],[0.24350737],[0.23846187],"[251, 235, 225, 355, 401, 325, 254, 230, 286, 326, 351]"
247,[0.24337295],[0.24350737],[0.23899871],"[251, 235, 225, 355, 401, 325, 254, 230, 286, 326, 351]"
248,[0.24336523],[0.24350737],[0.23705398],"[251, 235, 225, 355, 401, 325, 254, 230, 286, 326, 351]"
249,[0.24333676],[0.24350737],[0.23923873],"[251, 235, 225, 355, 401, 325, 254, 230, 286, 326, 351]"
250,[0.24340592],[0.24350737],[0.24025377],"[251, 235, 225, 355, 401, 325, 254, 230, 286, 326, 351]"
251,[0.24337833],[0.24350737],[0.23809924],"[251, 235, 225, 355, 401, 325, 254, 230, 286, 326, 351]"
252,[0.24337057],[0.24350737],[0.23903237],"[251, 235, 225, 355, 401, 325, 254, 230, 286, 326, 351]"
253,[0.24339548],[0.24350737],[0.23903237],"[251, 235, 225, 355, 401, 325, 254, 230, 286, 326, 351]"
254,[0.24340898],[0.24350737],[0.23845369],"[251, 235, 225, 355, 401, 325, 254, 230, 286, 326, 351]"
255,[0.2433833],[0.24350737],[0.23817391],"[251, 235, 225, 355, 401, 325, 254, 230, 286, 326, 351]"
256,[0.24335643],[0.24350737],[0.23817391],"[251, 235, 225, 355, 401, 325, 254, 230, 286, 326, 351]"
257,[0.24336486],[0.24350737],[0.23746167],"[251, 235, 225, 355, 401, 325, 254, 230, 286, 326, 351]"
258,[0.24338933],[0.24350737],[0.24032643],"[251, 235, 225, 355, 401, 325, 254, 230, 286, 326, 351]"
259,[0.24330678],[0.24350737],[0.23583027],"[251, 235, 225, 355, 401, 325, 254, 230, 286, 326, 351]"
260,[0.24333243],[0.24350737],[0.23877765],"[251, 235, 225, 355, 401, 325, 254, 230, 286, 326, 351]"
261,[0.2433663],[0.24350737],[0.23791236],"[251, 235, 225, 355, 401, 325, 254, 230, 286, 326, 351]"
262,[0.24337366],[0.24350737],[0.23666881],"[251, 235, 225, 355, 401, 325, 254, 230, 286, 326, 351]"
263,[0.24341426],[0.24350737],[0.23850404],"[251, 235, 225, 355, 401, 325, 254, 230, 286, 326, 351]"
264,[0.24341754],[0.24350737],[0.23863684],"[251, 235, 225, 355, 401, 325, 254, 230, 286, 326, 351]"
265,[0.24342346],[0.24350737],[0.2388342],"[251, 235, 225, 355, 401, 325, 254, 230, 286, 326, 351]"
266,[0.24340436],[0.24350737],[0.23714462],"[251, 235, 225, 355, 401, 325, 254, 230, 286, 326, 351]"
267,[0.2433944],[0.24350737],[0.23936362],"[251, 235, 225, 355, 401, 325, 254, 230, 286, 326, 351]"
268,[0.24333887],[0.24350737],[0.23615701],"[251, 235, 225, 355, 401, 325, 254, 230, 286, 326, 351]"
269,[0.24337301],[0.24350737],[0.2402143],"[251, 235, 225, 355, 401, 325, 254, 230, 286, 326, 351]"
270,[0.24339834],[0.24350737],[0.23977087],"[251, 235, 225, 355, 401, 325, 254, 230, 286, 326, 351]"
271,[0.24340882],[0.24350737],[0.23977087],"[251, 235, 225, 355, 401, 325, 254, 230, 286, 326, 351]"
272,[0.24339368],[0.24350737],[0.23791611],"[251, 235, 225, 355, 401, 325, 254, 230, 286, 326, 351]"
273,[0.24333342],[0.24350737],[0.23466801],"[251, 235, 225, 355, 401, 325, 254, 230, 286, 326, 351]"
274,[0.24340702],[0.24350737],[0.24017216],"[251, 235, 225, 355, 401, 325, 254, 230, 286, 326, 351]"
275,[0.24340331],[0.24350737],[0.23785346],"[251, 235, 225, 355, 401, 325, 254, 230, 286, 326, 351]"
276,[0.24337118],[0.24350737],[0.23861754],"[251, 235, 225, 355, 401, 325, 254, 230, 286, 326, 351]"
277,[0.24336739],[0.24350737],[0.2386936],"[251, 235, 225, 355, 401, 325, 254, 230, 286, 326, 351]"
278,[0.24337993],[0.24350737],[0.23889983],"[251, 235, 225, 355, 401, 325, 254, 230, 286, 326, 351]"
279,[0.24339492],[0.24350737],[0.23904384],"[251, 235, 225, 355, 401, 325, 254, 230, 286, 326, 351]"
280,[0.24340839],[0.24350737],[0.23877111],"[251, 235, 225, 355, 401, 325, 254, 230, 286, 326, 351]"
281,[0.24334456],[0.24350737],[0.23822212],"[251, 235, 225, 355, 401, 325, 254, 230, 286, 326, 351]"
282,[0.24341686],[0.24350737],[0.24078939],"[251, 235, 225, 355, 401, 325, 254, 230, 286, 326, 351]"
283,[0.24338987],[0.24350737],[0.23807658],"[251, 235, 225, 355, 401, 325, 254, 230, 286, 326, 351]"
284,[0.24339938],[0.24350737],[0.23792254],"[251, 235, 225, 355, 401, 325, 254, 230, 286, 326, 351]"
285,[0.24343391],[0.24350737],[0.23990663],"[251, 235, 225, 355, 401, 325, 254, 230, 286, 326, 351]"
286,[0.24345676],[0.24350737],[0.2429904],"[251, 235, 225, 355, 401, 325, 254, 230, 286, 326, 351]"
287,[0.24333556],[0.24350737],[0.23675382],"[251, 235, 225, 355, 401, 325, 254, 230, 286, 326, 351]"
288,[0.24335157],[0.24350737],[0.23876666],"[251, 235, 225, 355, 401, 325, 254, 230, 286, 326, 351]"
289,[0.24335956],[0.24350737],[0.23857842],"[251, 235, 225, 355, 401, 325, 254, 230, 286, 326, 351]"
290,[0.2433655],[0.24350737],[0.23846475],"[251, 235, 225, 355, 401, 325, 254, 230, 286, 326, 351]"
291,[0.24335909],[0.24350737],[0.23665229],"[251, 235, 225, 355, 401, 325, 254, 230, 286, 326, 351]"
292,[0.24334708],[0.24350737],[0.23780022],"[251, 235, 225, 355, 401, 325, 254, 230, 286, 326, 351]"
293,[0.24338706],[0.24350737],[0.2390516],"[251, 235, 225, 355, 401, 325, 254, 230, 286, 326, 351]"
294,[0.24335744],[0.24350737],[0.23887231],"[251, 235, 225, 355, 401, 325, 254, 230, 286, 326, 351]"
295,[0.24335823],[0.24350737],[0.23701341],"[251, 235, 225, 355, 401, 325, 254, 230, 286, 326, 351]"
296,[0.24330441],[0.24350737],[0.23526023],"[251, 235, 225, 355, 401, 325, 254, 230, 286, 326, 351]"
297,[0.24331758],[0.24350737],[0.23565027],"[251, 235, 225, 355, 401, 325, 254, 230, 286, 326, 351]"
298,[0.24329634],[0.24350737],[0.23648827],"[251, 235, 225, 355, 401, 325, 254, 230, 286, 326, 351]"
299,[0.2433821],[0.24350737],[0.24136574],"[251, 235, 225, 355, 401, 325, 254, 230, 286, 326, 351]"
300,[0.24341199],[0.24350737],[0.24043578],"[251, 235, 225, 355, 401, 325, 254, 230, 286, 326, 351]"
