IaC file,Iteration,best_fitness,Best_individual
puppet-icinga2/manifests/object/user.pp_(IaC)_,25,0.23439913664337803,"[125, 114, 111, 115, 21, 130, 60, 113, 99, 146]"
